,filter_abundance,precision_by_num_reads,recall_by_num_reads,F1_by_num_reads,precision_by_nts,recall_by_nts,F1_by_nts,precision_by_mean_cov,recall_by_mean_cov,F1_by_mean_cov,precision_by_med_cov,recall_by_med_cov,F1_by_med_cov
0,0.0,0.962159719868971,0.9745995423340961,0.9683396805547662,0.94196053736356,0.9964472077273232,0.9684380900998113,0.94196053736356,0.9964472077273232,0.9684380900998113,0.8009026028547439,0.999345206914615,0.8891866697739454
1,0.01,0.9474479516453996,0.8930210476341193,0.9194297352342159,0.9432505036937542,0.8967278531524342,0.9194010310121922,0.9394754539340955,0.8732614471011095,0.9051591479711671,0.87890625,0.8820384889522452,0.880469583778015
2,0.02,0.933307558476706,0.8689704823614111,0.8999906794668655,0.9302595893064703,0.8729321941465188,0.9006846103348024,0.921667965705378,0.8385038113809609,0.878121228998422,0.8695484368969509,0.8615678776290631,0.8655397618132924
3,0.03,0.9223715077841758,0.856944719635427,0.888455217748562,0.9185279727717507,0.8656776263031275,0.8913200536691094,0.9103196738897232,0.8259684640840957,0.8660951214533578,0.8573626373626374,0.8383838383838383,0.8477670324894058
4,0.04,0.9130534526267493,0.8555460017196904,0.8833647763844191,0.9098850574712644,0.8619337979094077,0.8852605681055694,0.8990228013029316,0.812960235640648,0.8538283062645011,0.8471899674872271,0.8304120191213293,0.8387170939188413
5,0.05,0.904866715578381,0.8552935737401757,0.8793820558526441,0.9006119951040392,0.8617943312251113,0.8807756763227198,0.8898809523809523,0.8082901554404145,0.8471254869554952,0.8512269938650306,0.805710137914348,0.8278433809819765
6,0.06,0.8968563263185243,0.8521352752406813,0.8739240506329116,0.8928016571724495,0.8639438737158607,0.8781357443015408,0.8839001062699257,0.7974592521572388,0.8384576612903226,0.8279742765273312,0.8135860979462876,0.8207171314741036
7,0.07,0.8970547756674925,0.8558298319327731,0.8759575325897057,0.8953778023802934,0.8633573525487056,0.8790760869565218,0.8835307388606881,0.7951776649746193,0.8370291210259151,0.827615298087739,0.8100743187448389,0.8187508693837807
8,0.08,0.8976239366383103,0.8518930957683741,0.8741608341665477,0.8921539817807816,0.8593263515425984,0.8754325259515571,0.8764845605700713,0.7909967845659164,0.831549295774648,0.8309772587584512,0.7867326156531859,0.8082498879091318
9,0.09,0.9011194029850746,0.8518518518518519,0.8757932910244789,0.8952944842630103,0.8591507177033493,0.8768502975736304,0.8691588785046729,0.7872460496613995,0.8261770802487414,0.8240178856595337,0.7846715328467153,0.8038635301448824
10,0.1,0.9022704837117473,0.8489164086687306,0.87478066677301,0.8976221928665786,0.8566025843050741,0.8766328011611031,0.8638897999344047,0.7813705132008306,0.8205607476635514,0.8095872170439414,0.7911515940143136,0.8002632444883185
