,filter_abundance,precision_by_num_reads,recall_by_num_reads,F1_by_num_reads,precision_by_nts,recall_by_nts,F1_by_nts,precision_by_mean_cov,recall_by_mean_cov,F1_by_mean_cov,precision_by_med_cov,recall_by_med_cov,F1_by_med_cov
0,0.0,0.9562901077612301,0.9671809943668871,0.9617047184170473,0.9377333626180541,0.9940628637951106,0.9650768535262206,0.9377333626180541,0.9940628637951106,0.9650768535262206,0.5915879639797935,0.999443413729128,0.7432395143487858
1,0.01,0.9393887945670628,0.9027573829335944,0.9207088776104501,0.9398981324278438,0.9039843239712606,0.9215914766106209,0.932258064516129,0.8782789507357646,0.9044638445066709,0.7025193798449613,0.8804955064367258,0.7815026409399591
2,0.02,0.9320007838526357,0.8783010156971376,0.904354440007606,0.9235362095531587,0.8922590249348716,0.907628241529434,0.9160852713178295,0.8575834542815675,0.8858695652173912,0.7025193798449613,0.8804955064367258,0.7815026409399591
3,0.03,0.9223989681857265,0.8739307535641548,0.897510980966325,0.9175412293853074,0.8800328677074774,0.8983957219251336,0.9054024734215665,0.8319377990430622,0.8671168831168831,0.6970996216897857,0.821640903686088,0.7542638832037114
4,0.04,0.9155813953488372,0.8702475685234305,0.89233907524932,0.9137209302325582,0.8775966048693321,0.8952945197675745,0.9024679639297579,0.8192589401120207,0.8588527551942186,0.6970996216897857,0.821640903686088,0.7542638832037114
5,0.05,0.9116022099447514,0.8632580261593341,0.8867717112495418,0.9117276166456494,0.8691993267612407,0.8899556868537666,0.8954348380515175,0.8099192618223761,0.8505329457364341,0.6859932865425694,0.7974459028024122,0.7375328083989502
6,0.06,0.9103392568659128,0.8568170299036999,0.8827676240208876,0.9073724007561437,0.8641975308641975,0.8852588591753393,0.8920252123869553,0.7995578481945468,0.8432642487046633,0.6859932865425694,0.7974459028024122,0.7375328083989502
7,0.07,0.9133047210300429,0.8592193808882908,0.8854368932038834,0.9046127562642369,0.8696961401587736,0.8868108862526168,0.8839953943580886,0.798907388137357,0.83930035528833,0.6859932865425694,0.7974459028024122,0.7375328083989502
8,0.08,0.9093939393939394,0.8557171371542629,0.8817393859262522,0.9066301703163017,0.8650609402205456,0.8853578853578854,0.8829104249464995,0.7934065934065934,0.8357690638113152,0.6704626334519573,0.7671009771986971,0.7155336118496012
9,0.09,0.9064102564102564,0.8518072289156626,0.8782608695652173,0.902321083172147,0.8585889570552148,0.8799119773656083,0.8760918796505985,0.783338154469193,0.8271227855833844,0.6704626334519573,0.7671009771986971,0.7155336118496012
10,0.1,0.9046019482700706,0.854649317676928,0.8789164490861617,0.8996282527881041,0.8609314359637775,0.8798545694926458,0.8653198653198653,0.7816301703163017,0.821348673697667,0.6704626334519573,0.7671009771986971,0.7155336118496012
