,filter_abundance,precision_by_num_reads,recall_by_num_reads,F1_by_num_reads,precision_by_nts,recall_by_nts,F1_by_nts,precision_by_mean_cov,recall_by_mean_cov,F1_by_mean_cov,precision_by_med_cov,recall_by_med_cov,F1_by_med_cov
0,0.0,0.951048951048951,0.9832806145503841,0.966896245278827,0.9431181233132655,0.9961627014581734,0.9689149560117303,0.9431181233132655,0.9961627014581734,0.9689149560117303,0.846585011417895,0.9997548418730081,0.91681654676259
1,0.01,0.9496234309623431,0.9160477881821117,0.9325334867285725,0.94584656526826,0.9209113100081368,0.9332124010554091,0.9439851526910747,0.8916334661354581,0.917062776594001,0.9164230438521066,0.8977425876010782,0.9069866394349416
2,0.02,0.9334739263803681,0.8945434503031416,0.9135941457922881,0.9286531858069439,0.9041604754829123,0.9162431771127424,0.9172917868820927,0.8612967310818133,0.8884128166915051,0.8948983505945531,0.8718236173393124,0.8832102971796328
3,0.03,0.9243768483312209,0.8869071747061208,0.9052544476623913,0.9212982605006365,0.8912374307408167,0.9060185668092208,0.9034175334323923,0.8456189151599444,0.8735632183908045,0.8757620348959428,0.8524657253939022,0.86395686437163
4,0.04,0.9161526159469957,0.8828709819462792,0.8992039466307883,0.9141680018310826,0.8913189020307967,0.9025988700564972,0.8939463955637708,0.8324010327022375,0.8620766488413548,0.8735362997658079,0.8340787119856887,0.8533516357812857
5,0.05,0.9203078450844091,0.8780198957839886,0.8986666666666666,0.9174950298210736,0.8875,0.9022482893450635,0.8937673479687106,0.8166935669817846,0.8534939759036145,0.8730038022813689,0.8205861329521087,0.8459837877671333
6,0.06,0.9207657537888859,0.8764869653252341,0.8980809128630705,0.9187466808284652,0.8899176954732511,0.9041024301019075,0.8917386609071274,0.8109501595875276,0.8494277999228494,0.8660883708322038,0.8160919540229885,0.8403471856917413
7,0.07,0.9215240261586579,0.8726440495422725,0.8964181994191673,0.9175433608188798,0.8836254107338445,0.9002650299902358,0.888952985289876,0.8019776216497528,0.8432284541723667,0.8621488560671879,0.8013458950201884,0.8306361607142857
8,0.08,0.9191888619854721,0.8667237442922374,0.8921856639247944,0.9168443496801706,0.8742375835027593,0.8950341956586381,0.8782794386821232,0.791368884002199,0.8325621746674378,0.8579387186629527,0.7886201991465149,0.8218203379780611
9,0.09,0.9180591259640103,0.861320470304492,0.8887851920983045,0.914708722240103,0.8725821307952103,0.8931489629164048,0.8728677180560026,0.7856315179606026,0.8269553285561824,0.8550866862937521,0.7845138055222088,0.8182814211926749
10,0.1,0.912221471978393,0.8583227445997459,0.8844517184942716,0.9098277608915907,0.8724093264248705,0.8907257397917011,0.873015873015873,0.7873895826987511,0.827994875080077,0.8431305536568694,0.7831746031746032,0.8120473996050033
