,filter_abundance,precision_by_num_reads,recall_by_num_reads,F1_by_num_reads,precision_by_nts,recall_by_nts,F1_by_nts,precision_by_mean_cov,recall_by_mean_cov,F1_by_mean_cov,precision_by_med_cov,recall_by_med_cov,F1_by_med_cov
0,0.0,0.9648450334026941,0.9757448222394507,0.9702643171806167,0.9493657832319274,0.9972917343733073,0.9727387996618766,0.9493657832319274,0.9972917343733073,0.9727387996618766,0.8484067237289884,0.9993926141885325,0.9177310502537789
1,0.01,0.9443258334701922,0.9093784595919658,0.926522719948437,0.9386916502301118,0.9111359285258456,0.9247085492227979,0.9393989160781737,0.8894417664437879,0.9137380191693291,0.9106965995378012,0.8914202617547261,0.9009553360006533
2,0.02,0.9166357222428518,0.8927667269439421,0.9045437889336753,0.9115684093437152,0.8985745614035088,0.9050248481501934,0.9090909090909091,0.8673288400141894,0.887718979758555,0.8642134314627415,0.8812382739212008,0.8726428239665583
3,0.03,0.9048595448021325,0.883306645316253,0.8939532057125495,0.9013737953660037,0.8911412933306304,0.8962283384301732,0.8910891089108911,0.8455666470933646,0.867731244350708,0.8545115894039735,0.8621841720609731,0.858330734850847
4,0.04,0.906158357771261,0.8761177753544166,0.8908848968729207,0.9006071508882393,0.8854742427592306,0.8929765886287626,0.8844504626495148,0.8336524143799192,0.8583004818221637,0.849013308857274,0.8468757152666514,0.8479431648905695
5,0.05,0.901201923076923,0.8823252530007061,0.8916636936615532,0.8986241853729182,0.8891807977071889,0.8938775510204082,0.8825109916951637,0.8265843056508808,0.8536326048434733,0.8420282788883472,0.8410031653274896,0.841515409915946
6,0.06,0.9093994778067885,0.8782148260211801,0.8935351462288353,0.9025214452820379,0.8898001025115325,0.8961156278229448,0.8810153358011634,0.8136752136752137,0.8460073632093438,0.8402351055303233,0.8274138384635622,0.8337751855779426
7,0.07,0.9052777777777777,0.8765465303926843,0.8906805138015853,0.9024458813606973,0.8772888767422793,0.889689578713969,0.8781583380123527,0.8116242864556306,0.843581445523193,0.8354856822010107,0.8220994475138121,0.8287385129490393
8,0.08,0.9067342073897497,0.868683985155581,0.8873013558827818,0.9034564958283671,0.8801161103047895,0.8916335832965739,0.8743315508021391,0.8085164835164835,0.8401370254067942,0.8268240993036633,0.8161984459055589,0.8214769138216272
9,0.09,0.9032561051972449,0.8710748792270532,0.8868736550876115,0.8989645434577973,0.8809963099630996,0.8898897344308123,0.8627329192546583,0.8063860667634253,0.8336084021005251,0.8180673591438464,0.8129496402877698,0.8155004706620648
10,0.1,0.8999669858038957,0.868706182281708,0.8840603210637263,0.895014856388247,0.8804806755440078,0.8876882776686315,0.8591503267973856,0.8042214744570205,0.8307789540211723,0.8104918032786885,0.8094302554027505,0.8099606815203145
