,filter_abundance,precision_by_num_reads,recall_by_num_reads,F1_by_num_reads,precision_by_nts,recall_by_nts,F1_by_nts,precision_by_mean_cov,recall_by_mean_cov,F1_by_mean_cov,precision_by_med_cov,recall_by_med_cov,F1_by_med_cov
0,0.0,0.9505733051319158,0.9818328159135334,0.9659502262443439,0.93977929584866,0.9967673614981607,0.9674348155360813,0.93977929584866,0.9967673614981607,0.9674348155360813,0.8128218602207041,0.9993539216953095,0.8964877709516633
1,0.01,0.9418663092645334,0.9064817800709448,0.9238353463150111,0.9392005374538126,0.9091204682165501,0.923915737298637,0.9336580450117568,0.8836432999523128,0.9079624336463864,0.8807430751368386,0.8972625887124028,0.8889260902318573
2,0.02,0.9353649068322981,0.8855200294009555,0.9097602416462148,0.9289017341040462,0.8939365844613387,0.9110838136634224,0.9169556840077071,0.8596459537572254,0.8873764683945552,0.8671089666264575,0.8579669783170877,0.8625137486251374
3,0.03,0.9263225530092096,0.8755060728744939,0.9001977312935789,0.9215017064846417,0.8843398157625384,0.9025383892196805,0.9105445116681071,0.836609092713917,0.8720124159337818,0.8626580874195695,0.8359492582240379,0.8490936885782923
4,0.04,0.9235965525273702,0.8714285714285714,0.8967544950808548,0.9221263697831662,0.8806501892674238,0.9009111617312073,0.9016045304388862,0.8204852909598453,0.8591343451377179,0.8566917658489192,0.8240654205607477,0.8400619268786471
5,0.05,0.9190751445086706,0.8647434381650508,0.8910818713450294,0.9148936170212766,0.8764988009592326,0.8952847519902022,0.8980422069666921,0.8128883774453395,0.8533462188934526,0.8483854692230071,0.8238608525232729,0.8359433258762118
6,0.06,0.9182305630026809,0.8653360282971198,0.8909989594172736,0.9144083713442447,0.8745188606620478,0.8940188877229801,0.8931880108991825,0.8030377266046056,0.8457172342621259,0.8459444746869896,0.8153200419727177,0.8303499866417312
7,0.07,0.913601368691189,0.8612903225806452,0.8866749688667498,0.9109843081312411,0.8724043715846994,0.8912770411723656,0.890629532927183,0.7969885773624091,0.841211124811618,0.8441330998248686,0.8060200668896321,0.8246364414029084
8,0.08,0.9101597829363883,0.8601139601139601,0.8844294712172257,0.9088155104513783,0.8693132425383947,0.8886255924170616,0.8823349633251834,0.7918266593527153,0.8346342873662909,0.8386795390843974,0.7993469872365687,0.8185410334346505
9,0.09,0.9112877583465818,0.8627332931968693,0.8863460646358435,0.9063097514340345,0.8713235294117647,0.8884723523898781,0.8750800768737989,0.7893672349032071,0.8300167097068206,0.8347025961222477,0.7907845579078456,0.812150279776179
10,0.1,0.9084483338943117,0.8560101490643831,0.8814500326583933,0.9049224544841538,0.867205169628433,0.8856624319419238,0.867829587386783,0.7858444714459295,0.8248047186354217,0.821875,0.7882117882117882,0.8046914839367669
