,filter_abundance,precision_by_num_reads,recall_by_num_reads,F1_by_num_reads,precision_by_nts,recall_by_nts,F1_by_nts,precision_by_mean_cov,recall_by_mean_cov,F1_by_mean_cov,precision_by_med_cov,recall_by_med_cov,F1_by_med_cov
0,0.0,0.9496755095070022,0.97841642228739,0.9638317541021493,0.9402237613212573,0.9954873646209387,0.9670666885856761,0.9404368673415024,0.9953761136799368,0.9671268902038133,0.758444326052211,0.9991577765300393,0.8623175237749108
1,0.01,0.9259198957994139,0.9174060332311663,0.9216433028117658,0.9238048621308533,0.9215494791666666,0.9226757923897988,0.9174971409900343,0.8962655601659751,0.9067570840397191,0.8203384207033843,0.9132040627885504,0.864283841649917
2,0.02,0.9131241878596621,0.9045605001838911,0.9088221709006926,0.9086210079379731,0.9146998699126556,0.9116503056121504,0.8958949704142012,0.87915078933043,0.8874439051195164,0.8053470060428493,0.896453322462291,0.8484614642615992
3,0.03,0.9058268362741075,0.8966287571080422,0.9012043274137579,0.8995088006549324,0.9030203410725293,0.9012611504152568,0.8855309459739185,0.8547452547452548,0.8698657991053275,0.7889182058047494,0.8567335243553008,0.8214285714285714
4,0.04,0.8987088156723063,0.8919575784357048,0.8953204701707694,0.8970358814352574,0.9004474272930649,0.898738416880652,0.8764095624718088,0.8411255411255412,0.8584051248067153,0.7825366777094179,0.8477313509356575,0.8138304417374185
5,0.05,0.8983661701105238,0.8898143741075678,0.8940698230511717,0.8989656001924464,0.9015681544028951,0.9002649963864129,0.8775012201073694,0.8351137947050628,0.8557829604950025,0.7794416243654823,0.8427552140504939,0.8098628691983123
6,0.06,0.8976458546571137,0.8928480529396793,0.8952405257113693,0.8969868658253928,0.9,0.8984909067457759,0.8760093774420422,0.8326318395642486,0.8537699923838539,0.7729481641468683,0.8317838466008135,0.8012874335292471
7,0.07,0.8941336971350614,0.8887984811499864,0.8914581066376495,0.8909887701999453,0.8958964472597081,0.8934358692666851,0.868558831634059,0.8288193531422561,0.8482238966630786,0.7674285714285715,0.8264615384615385,0.7958518518518518
8,0.08,0.8929398148148148,0.8880575539568345,0.8904919924974751,0.8904789719626168,0.8912598655363929,0.8908692476260045,0.8625399593141528,0.8258208124652198,0.8437810945273632,0.7611044417767107,0.8207119741100324,0.7897851136717533
9,0.09,0.8869936034115139,0.8864535768645357,0.8867235079171741,0.8861963190184049,0.8938737623762376,0.8900184842883548,0.8523736600306279,0.8173274596182085,0.8344827586206897,0.760558907589711,0.8151803948264126,0.7869229505503532
10,0.1,0.8951298701298701,0.8856408609058786,0.8903600839657678,0.8902597402597403,0.8960784313725491,0.8931596091205211,0.8462532299741602,0.8103928240024745,0.8279349028282509,0.7613141133087495,0.8104925053533191,0.785133967156439
