,filter_abundance,precision_by_num_reads,recall_by_num_reads,F1_by_num_reads,precision_by_nts,recall_by_nts,F1_by_nts,precision_by_mean_cov,recall_by_mean_cov,F1_by_mean_cov,precision_by_med_cov,recall_by_med_cov,F1_by_med_cov
0,0.0,0.9567802423965241,0.9748369058713886,0.9657241777264859,0.9446695095948827,0.9947238437359677,0.9690507436570427,0.9446695095948827,0.9947238437359677,0.9690507436570427,0.7614072494669509,0.9994402462916316,0.8643349872927509
1,0.01,0.9355588772629131,0.9067933032839666,0.9209515245647021,0.9307078763708874,0.9077795786061589,0.9191007548408271,0.9312301786012351,0.8837319816252178,0.9068595578673602,0.837110240245357,0.9001465738365702,0.8674847709013861
2,0.02,0.9163684309662836,0.8898847631241997,0.9029324424647365,0.9104252916823485,0.894104601737202,0.9021911421911422,0.9109977324263039,0.8661516349263385,0.8880088414072573,0.8244058845718597,0.881783336695582,0.852129837216103
3,0.03,0.9046732837055418,0.8829465186680121,0.8936778674292718,0.8978494623655914,0.8870275791624106,0.8924057136984893,0.8952955870108243,0.8491609081934847,0.8716181983990272,0.8100535640708694,0.8664609960334949,0.8373083475298125
4,0.04,0.8941751889728768,0.881824161368121,0.8879567281156862,0.889284126278346,0.8886914019106865,0.8889876652961439,0.8822077630693291,0.8401709401709402,0.8606763708000439,0.7972523820075338,0.8580968280467446,0.8265563978865149
5,0.05,0.891058086285852,0.8725513334906774,0.8817076079179584,0.8837320574162679,0.8843667704093847,0.884049299988034,0.8791048406713695,0.8277599633531837,0.8526601392001888,0.7929009193054137,0.829105473965287,0.8105991384936693
6,0.06,0.8880407124681934,0.8804238143289607,0.8842158601469471,0.8847726111394992,0.8874935930292158,0.8861310133060388,0.8690260914492379,0.8204878048780487,0.8440597164722117,0.7809264305177112,0.8162916547992025,0.7982175184514692
7,0.07,0.8871319520174482,0.8733225979602791,0.8801731133351366,0.8828509011469142,0.8826098826098826,0.882730375426621,0.8615004122011541,0.8107059736229635,0.8353317346123101,0.7754041570438799,0.806364455118583,0.7905813097866079
8,0.08,0.8816244239631337,0.8705915813424346,0.8760732684602176,0.8789716926632004,0.8812626701419056,0.8801156905278379,0.8541121766928218,0.8032249248428532,0.827887323943662,0.7770681265206812,0.8024497487437185,0.7895550061804697
9,0.09,0.8832875038191261,0.8686899038461539,0.8759278897136797,0.8806521070439864,0.8766074709124311,0.878625134264232,0.8499848162769511,0.8063958513396715,0.8276167947959786,0.7546207775653282,0.8079153872398499,0.7803592025045312
10,0.1,0.8834827144686299,0.8742477035159962,0.8788409488934882,0.8793324775353016,0.8841561794127137,0.8817377312952535,0.8450570342205324,0.8084267959987875,0.8263361735089078,0.7477447377213499,0.8010021474588404,0.7734577501296008
