,filter_abundance,precision_by_num_reads,recall_by_num_reads,F1_by_num_reads,precision_by_nts,recall_by_nts,F1_by_nts,precision_by_mean_cov,recall_by_mean_cov,F1_by_mean_cov,precision_by_med_cov,recall_by_med_cov,F1_by_med_cov
0,0.0,0.9632073361664057,0.9709164693946567,0.9670465390445181,0.948101924076963,0.996175281390012,0.9715442822125121,0.948101924076963,0.996175281390012,0.9715442822125121,0.8203848153926157,0.9988603267063442,0.9008679762448606
1,0.01,0.9450257432320213,0.9027447247342535,0.9234014930217461,0.9405414382992858,0.9063700384122919,0.9231396201809439,0.9430527722110889,0.88234375,0.911688731030029,0.8955323036040524,0.8956810631229236,0.8956066771862801
2,0.02,0.9215390418709921,0.885947416137806,0.903392807617639,0.9167137742604108,0.8898847631241997,0.9031000556896231,0.9110608630111174,0.8598612840120932,0.8847209515096065,0.8659154929577465,0.868525145978527,0.8672183562159114
3,0.03,0.905711318795431,0.8725490196078431,0.8888209517986345,0.9018227009113504,0.8813765182186235,0.8914823914823915,0.8881729370193308,0.837843137254902,0.8622742407426093,0.8518132555231347,0.845644527208773,0.8487176824836465
4,0.04,0.8934371523915462,0.8732333115894759,0.883219705300198,0.8923076923076924,0.8824696802646086,0.8873614190687362,0.8802071605494258,0.8313483623989791,0.8550803893689162,0.8394557823129252,0.8326585695006747,0.8360433604336044
5,0.05,0.890290337934317,0.8771395076201641,0.8836659974016772,0.8918724526492448,0.8850820842255531,0.8884642942440889,0.8778213935230619,0.8161496350364964,0.8458628841607566,0.836053412462908,0.820631067961165,0.8282704556589907
6,0.06,0.893196405648267,0.8739010298919869,0.8834433722701879,0.8887749871860584,0.8837920489296636,0.8862765141834907,0.8676202860858258,0.810889645114244,0.8382962683754239,0.8263033796175007,0.8130961588038154,0.8196465696465696
7,0.07,0.8979873173421561,0.870855614973262,0.8842133840097732,0.8929259565097716,0.8810429114611624,0.8869446343130555,0.8683411537399944,0.8116615067079463,0.8390452060274703,0.8174778761061947,0.8107515085024685,0.8141007986780502
8,0.08,0.8961988304093568,0.8687641723356009,0.8822682786413356,0.89067055393586,0.8801498127340824,0.8853789305897696,0.8588814836279339,0.8091728091728092,0.833286477368569,0.8103092783505155,0.8065083553210203,0.8084043491037319
9,0.09,0.8905672009864365,0.8647111643220593,0.8774487471526197,0.8887507768800498,0.8708891595615104,0.8797293140572131,0.8524740378741601,0.8040910400460962,0.8275759822090438,0.801564945226917,0.8058527375707992,0.8037031225482504
10,0.1,0.8913185378590078,0.8623302810230502,0.8765848178462528,0.8842787682333874,0.8757624398073837,0.8800000000000001,0.8511254019292605,0.8026076409945422,0.8261548064918852,0.7982597486303578,0.8089483997387329,0.8035685320356852
