,filter_abundance,precision_by_num_reads,recall_by_num_reads,F1_by_num_reads,precision_by_nts,recall_by_nts,F1_by_nts,precision_by_mean_cov,recall_by_mean_cov,F1_by_mean_cov,precision_by_med_cov,recall_by_med_cov,F1_by_med_cov
0,0.0,0.9557861493345364,0.975929978118162,0.9657530343609323,0.9443211833069203,0.994879786286732,0.9689414060382678,0.9443211833069203,0.994879786286732,0.9689414060382678,0.7967247754886424,0.9994698475811796,0.8866549088771312
1,0.01,0.9351666666666667,0.9031063898277805,0.9188569557029396,0.9304492512479201,0.905587044534413,0.9178498153467378,0.9315525876460768,0.8826320784561847,0.9064327485380118,0.8632034632034632,0.8962603380079108,0.8794213636764576
2,0.02,0.9137834299607256,0.8925831202046036,0.9030588670178358,0.9074906367041199,0.894921514312096,0.901162250116225,0.9085090361445783,0.8659608828279203,0.8867248507119889,0.8509767441860465,0.8813102119460501,0.865877898722196
3,0.03,0.9038699053108274,0.8852822580645161,0.8944795273986554,0.8962902234064357,0.8929957116602001,0.8946399345335514,0.8949771689497716,0.850828729281768,0.8723447299211007,0.8300970873786407,0.8662995594713656,0.8478120284544083
4,0.04,0.8949720670391061,0.8790605794556628,0.8869449673347358,0.8916201117318435,0.8864696734059098,0.8890374331550801,0.8852755194218609,0.8372490388722768,0.8605927552140504,0.8254748603351956,0.8560834298957126,0.8405005688282139
5,0.05,0.8928571428571429,0.8787449870252418,0.8857448579241469,0.8876620259241479,0.8851124940162757,0.886385426653883,0.8755749213265553,0.8282573849324479,0.8512591197928926,0.81189829671686,0.8366827779191045,0.8241042345276872
6,0.06,0.8853082973864501,0.8797276853252648,0.8825091690906791,0.8825776872134488,0.8882337862086644,0.8853967037178996,0.87001287001287,0.824390243902439,0.8465873512836567,0.8055842812823164,0.8309333333333333,0.8180624835914939
7,0.07,0.8869517842549713,0.8736248993828817,0.8802379021357124,0.8831381095069464,0.884825327510917,0.8839809134287663,0.8628634119583105,0.8135505559865529,0.8374816983894583,0.7952867688813174,0.8163800641212474,0.8056953832877894
8,0.08,0.8850043340075123,0.8719043552519214,0.8784055061657585,0.8815371279976886,0.88332368268674,0.8824295010845987,0.8558558558558559,0.8046448087431693,0.8294606393465708,0.7926253687315634,0.8108026554013277,0.8016109785202863
9,0.09,0.8854357099329677,0.8739849624060151,0.879673074012411,0.8805012224938875,0.8818487909397,0.8811744915124636,0.848714069591528,0.808124459809853,0.8279220779220778,0.7889908256880734,0.8133669609079445,0.8009934802856256
10,0.1,0.8831626120358514,0.8739309471016788,0.8785225282598311,0.8770019218449712,0.8835108099386899,0.880244333708407,0.8501111463956812,0.8114580175810852,0.8303349875930522,0.7767275097783573,0.8088934147997284,0.7924842035251081
