,filter_abundance,precision_by_num_reads,recall_by_num_reads,F1_by_num_reads,precision_by_nts,recall_by_nts,F1_by_nts,precision_by_mean_cov,recall_by_mean_cov,F1_by_mean_cov,precision_by_med_cov,recall_by_med_cov,F1_by_med_cov
0,0.0,0.9510332434860737,0.9805465493283928,0.9655644241733182,0.9406306021301276,0.9966480446927374,0.9678294363370045,0.940736053991353,0.9965370866845398,0.9678329264985084,0.7918380259411578,0.9990686535391166,0.8834637331607743
1,0.01,0.9253078418664938,0.9199420103092784,0.9226171243941841,0.9217433570965652,0.9244393890152747,0.9230894045107901,0.9191738494064076,0.9001433349259437,0.9095590601866753,0.8409667061010647,0.9063752276867031,0.8724467432278425
2,0.02,0.9129151291512915,0.9103955841766329,0.9116536158452326,0.9072677092916284,0.915521722985518,0.9113760280935219,0.8962403243641726,0.8811378872984236,0.8886249428962997,0.8275257932645513,0.878668871434477,0.8523308270676693
3,0.03,0.9065057283142389,0.9018929371056381,0.9041934496479951,0.9013104013104013,0.9037158694313283,0.9025115325474117,0.883495145631068,0.8535222510476951,0.8682501015022329,0.8193548387096774,0.8698630136986302,0.8438538205980065
4,0.04,0.9036954087346024,0.8901389808074123,0.8968659702156034,0.8993738819320215,0.8993738819320215,0.8993738819320216,0.8786231884057971,0.8385562999783878,0.8581223045449519,0.8120177694645779,0.8518518518518519,0.8314579841991862
5,0.05,0.9035532994923858,0.8891531874405328,0.8962954082244335,0.8988195615514334,0.8996865203761756,0.8992528320077127,0.8766423357664234,0.8357689631176062,0.8557178482365516,0.803690036900369,0.8398457583547558,0.8213702074167191
6,0.06,0.8995104354547797,0.8896534148827727,0.8945547725816783,0.8976012380706732,0.8987603305785123,0.8981804103755323,0.8741276815714655,0.8369215540707745,0.8551201011378003,0.7933171651845864,0.8339943342776204,0.8131473553376605
7,0.07,0.8941496598639456,0.8907563025210085,0.8924497555676263,0.892493813582623,0.8932305998899285,0.8928620547380003,0.8725921849201981,0.833596214511041,0.8526485614412476,0.7900956668542487,0.829052258635961,0.8091053162368534
8,0.08,0.8923792902850495,0.8826237054085155,0.8874746890367371,0.8907024191197902,0.8927841075080339,0.8917420484388678,0.8635834787667248,0.8260990539788536,0.8444254835039818,0.7854428529669687,0.8257529194837123,0.8050936329588014
9,0.09,0.8907537381751602,0.8877737226277372,0.8892612338156893,0.8881740196078431,0.896413110698825,0.8922745460141581,0.8491313623895154,0.818208516886931,0.8333831887526175,0.779746835443038,0.8177895784931961,0.7983152438036611
10,0.1,0.8916990920881972,0.8825417201540436,0.8870967741935483,0.8878080415045395,0.893603133159269,0.8906961613532857,0.8485926884503397,0.8113207547169812,0.8295382669196713,0.7768296685264194,0.8150826446280992,0.7954965552008066
