,filter_abundance,precision_by_num_reads,recall_by_num_reads,F1_by_num_reads,precision_by_nts,recall_by_nts,F1_by_nts,precision_by_mean_cov,recall_by_mean_cov,F1_by_mean_cov,precision_by_med_cov,recall_by_med_cov,F1_by_med_cov
0,0.0,0.9587892049598833,0.9664256831270678,0.962592298773418,0.9424539742035056,0.995574705950856,0.9682863291425983,0.9423437327747768,0.9954582508442995,0.9681730660323933,0.5826259508323228,1.0,0.7362775146280301
1,0.01,0.9427252521798598,0.9030461840812316,0.9224592220828107,0.9430671909728159,0.9035217035217035,0.9228710055211645,0.9352900789564024,0.8756226900208902,0.9044734002821812,0.6873774990199921,0.8739097931721904,0.7695008228195281
2,0.02,0.929073856975381,0.8856397839448686,0.9068370363306952,0.9276711266240062,0.8910411622276029,0.9089872696180887,0.9175920514319111,0.8568309987265781,0.8861712135465662,0.6873774990199921,0.8739097931721904,0.7695008228195281
3,0.03,0.9185452998723947,0.87945428629607,0.8985748465619474,0.9185452998723947,0.8870404600533991,0.9025180231950684,0.9101147931557289,0.8388899980035935,0.8730521504259299,0.6827067669172933,0.8185096153846154,0.7444657010112052
4,0.04,0.9176688251618872,0.8767123287671232,0.8967231638418078,0.9146623496762257,0.8828125,0.8984552476147207,0.897610121836926,0.8267155804920155,0.8607054594473154,0.6827067669172933,0.8185096153846154,0.7444657010112052
5,0.05,0.9138791812281578,0.8675355450236967,0.8901045465596887,0.9086848635235732,0.8796540956041317,0.8939338459660686,0.8914786967418546,0.8224277456647399,0.8555622369212268,0.6788630178409435,0.7963816956367507,0.732941560561541
6,0.06,0.9056752496058854,0.8708943911066195,0.8879443585780527,0.9007129654079746,0.8759630200308166,0.8881656034370525,0.8864429530201342,0.81230012300123,0.8477535301668805,0.6788630178409435,0.7963816956367507,0.732941560561541
7,0.07,0.9056129572745043,0.871071716357776,0.8880065717415115,0.8993288590604027,0.8786885245901639,0.8888888888888888,0.8813511212035198,0.8088043761396196,0.843520782396088,0.6788630178409435,0.7963816956367507,0.732941560561541
8,0.08,0.9006505026611472,0.8670651864503274,0.8835387962291515,0.9004753416518122,0.8777874312192296,0.8889866549347412,0.8753753753753754,0.8012644310060473,0.8366819747416763,0.6756756756756757,0.7736156351791531,0.721336370539104
9,0.09,0.9021263289555973,0.8676691729323308,0.8845623179518627,0.8964978111319575,0.8772949816401469,0.8867924528301887,0.8721403948605453,0.8052662037037037,0.8373702422145329,0.6756756756756757,0.7736156351791531,0.721336370539104
10,0.1,0.9058473736372646,0.8677215189873417,0.8863746565379022,0.8981603153745072,0.8816510802966785,0.8898291293734744,0.8672798948751642,0.802675585284281,0.8337280909521554,0.6919287608942781,0.7468302658486707,0.7183320220298977
