,filter_abundance,precision_by_num_reads,recall_by_num_reads,F1_by_num_reads,precision_by_nts,recall_by_nts,F1_by_nts,precision_by_mean_cov,recall_by_mean_cov,F1_by_mean_cov,precision_by_med_cov,recall_by_med_cov,F1_by_med_cov
0,0.0,0.9597745607249419,0.9796954314720813,0.9696326895165793,0.9426638917793965,0.9968089788732394,0.9689806396406032,0.9426638917793965,0.9968089788732394,0.9689806396406032,0.8388137356919875,0.9995040297582145,0.912135785007072
1,0.01,0.9482903823479872,0.8926589503726019,0.9196341065011435,0.945088161209068,0.8971783835485414,0.9205103042198234,0.9402183039462636,0.8741608118657299,0.9059870550161812,0.9111563241776873,0.888558201058201,0.8997153859032312
2,0.02,0.9314197649778463,0.8705437522506302,0.8999534667287111,0.9288044521205143,0.8785623525140679,0.9029850746268658,0.9206103921189879,0.8442869796279894,0.8807983736832378,0.8932250396196514,0.8549488054607508,0.8736678938190273
3,0.03,0.9224707135250266,0.8577936224995049,0.8889573070607554,0.915749364944962,0.8665865384615384,0.8904899135446686,0.9111778588285776,0.8261038708422486,0.8665578453376862,0.8838612368024132,0.8383404864091559,0.8604992657856093
4,0.04,0.9151724137931034,0.8546586517818806,0.8838809946714031,0.9093836246550138,0.860313315926893,0.8841681574239714,0.9003947062920826,0.8152196762665546,0.8556928508384818,0.8739340861949758,0.8303043573461791,0.8515607455647879
5,0.05,0.9027473863360078,0.857307781112907,0.879441023211748,0.9002925402242808,0.8646686958557714,0.8821211035471156,0.8915632754342432,0.8088698784331382,0.8482058545797923,0.8623135240890193,0.8269230769230769,0.8442475757212977
6,0.06,0.9009617884065506,0.8562252964426877,0.8780240658644711,0.893837389953392,0.8647294589178357,0.8790425261013497,0.8854718981972428,0.8001916626736943,0.8406745532343318,0.856682769726248,0.8111817026683609,0.8333115781229603
7,0.07,0.898566703417861,0.8558676818062484,0.8766975931155035,0.8933996133664733,0.8631270010672358,0.8780024426652192,0.8832157968970381,0.7940654324118691,0.8362713675213675,0.8492605233219568,0.8046348693074643,0.8263456482634565
8,0.08,0.9002054593484003,0.8533667223149694,0.8761605484930723,0.8971108490566038,0.8605769230769231,0.8784642032332564,0.875481766973021,0.7904175588865097,0.8307778871852582,0.841566265060241,0.7946530147895335,0.8174370977179637
9,0.09,0.9015833592052158,0.8533646782250955,0.8768115942028986,0.8962939894113984,0.860388639760837,0.87797437461867,0.870105655686762,0.7896221094190637,0.827912477823773,0.8376500315855969,0.7973541791942274,0.8170055452865064
10,0.1,0.9002633311389072,0.8464871556793563,0.8725474557345669,0.8971900826446281,0.855072463768116,0.8756251008227133,0.8629375204448806,0.7818612922347362,0.8204011817757735,0.8332225913621263,0.7916666666666666,0.8119132405309162
