,filter_abundance,precision_by_num_reads,recall_by_num_reads,F1_by_num_reads,precision_by_nts,recall_by_nts,F1_by_nts,precision_by_mean_cov,recall_by_mean_cov,F1_by_mean_cov,precision_by_med_cov,recall_by_med_cov,F1_by_med_cov
0,0.0,0.9612163948876157,0.9758389261744966,0.9684724689165186,0.9470472644534078,0.996734516164145,0.9712558336868902,0.9470472644534078,0.9966260339573356,0.97120432730551,0.8406246768021512,0.9992623555446275,0.9131045329438857
1,0.01,0.9425,0.9039322250639387,0.9228133159268929,0.9395861148197597,0.9066022544283414,0.9227995410588428,0.9355,0.8864497789008212,0.9103146286084982,0.9000679809653297,0.8955021981738248,0.8977792846245125
2,0.02,0.9199470098410295,0.8843005275604875,0.9017716352842964,0.9149537997359984,0.8909291222915902,0.9027816541073588,0.9057601510859301,0.8611959059077033,0.8829160530191458,0.8703632887189292,0.8718636276575369,0.871112812171084
3,0.03,0.9099249374478732,0.8756019261637239,0.8924335378323108,0.9052872606161532,0.8828664230613074,0.8939362795477904,0.8948141927356708,0.8417934031206794,0.8674944026053327,0.8630430130537128,0.8481598317560463,0.8555366991938905
4,0.04,0.9036820835204311,0.8782456905956797,0.8907823392718822,0.8964437486021024,0.8859416445623343,0.8911617565314063,0.8900619692448932,0.8296961916987591,0.8588196213043958,0.8555267499410795,0.832377894978216,0.8437935843793585
5,0.05,0.8990781174187288,0.8715898400752587,0.8851206114162886,0.8962493911349245,0.8778625954198473,0.8869607134249216,0.8813854971343135,0.811424638678596,0.8449593884376493,0.8500749625187406,0.8203520617313721,0.8349490735059517
6,0.06,0.9002604166666667,0.8703423967774421,0.8850486431131592,0.8985167837626854,0.8824431382570918,0.8904074265085096,0.8774640383590836,0.8049853372434017,0.8396635228141728,0.8436911487758946,0.8158168574401665,0.8295199047745008
7,0.07,0.8988359201773836,0.8694369973190349,0.883892068683565,0.8943427620632279,0.8780288592431255,0.8861107294958098,0.8731364275668073,0.8041450777202073,0.8372218476062036,0.8372421588019214,0.8106703146374828,0.8237420072282456
8,0.08,0.8964296252581883,0.8633134413185564,0.8795599305153444,0.8940064954236788,0.8751445086705202,0.8844749525339565,0.8713224368499257,0.8028477546549836,0.8356847655693316,0.8327769347496207,0.8070588235294117,0.8197162061239731
9,0.09,0.9057971014492754,0.8636227095223791,0.8842072889435645,0.8998109640831758,0.8728606356968215,0.8861309339125039,0.8662680931403398,0.7947459584295612,0.8289671785606745,0.8329628453477295,0.8033690658499234,0.8178983473651388
10,0.1,0.9036303630363036,0.866729977841089,0.8847956051058328,0.9018892940006629,0.8768933290364164,0.8892156862745098,0.8587773782281791,0.7979951397326853,0.8272712958589199,0.8268027658873889,0.8053239255933291,0.8159220146222583
