,filter_abundance,precision_by_num_reads,recall_by_num_reads,F1_by_num_reads,precision_by_nts,recall_by_nts,F1_by_nts,precision_by_mean_cov,recall_by_mean_cov,F1_by_mean_cov,precision_by_med_cov,recall_by_med_cov,F1_by_med_cov
0,0.0,0.9597950774028289,0.9786509198273904,0.9691312904132697,0.941544885177453,0.9966850828729282,0.9683306494900698,0.941544885177453,0.9966850828729282,0.9683306494900698,0.8234864300626304,0.9994932218421386,0.9029931894923597
1,0.01,0.9507754551584626,0.8938193343898574,0.9214180689429832,0.9459368703828073,0.8985645933014355,0.9216424014395552,0.9411271385441127,0.8761711430356027,0.9074882743005014,0.8984179850124896,0.8923255044657625,0.8953613807982741
2,0.02,0.933076181292189,0.8699874123359108,0.900428066257212,0.9300618238021638,0.8744777475022707,0.9014137253066192,0.9205118262892594,0.8415455512229706,0.8792592592592593,0.8839087421764588,0.8489431840217181,0.8660731948565776
3,0.03,0.9217984231834647,0.8573127229488704,0.8883868980388131,0.916613621896881,0.8657314629258517,0.890446253735958,0.9083511777301927,0.825452422650321,0.8649199714547864,0.875875238701464,0.8427929767251939,0.8590157111642909
4,0.04,0.9136541561132857,0.8520506764011166,0.8817777777777778,0.9094052558782849,0.8587287766652155,0.8833407971339007,0.9005102040816326,0.8167858645351284,0.8566071034634899,0.8640036942969291,0.8322953736654805,0.8478531777500851
5,0.05,0.9037758830694276,0.8562197092084006,0.879355297463854,0.9007820136852395,0.863029735424959,0.8815018534018891,0.8898787428854243,0.8097275388426031,0.8479132280122613,0.8528603547339495,0.8190978886756238,0.8356382327744464
6,0.06,0.8992749870533402,0.856684755796744,0.8774633653360283,0.8927925600619995,0.8657314629258517,0.879053796260969,0.8850238980350504,0.798705966930266,0.8396523491623631,0.8482238966630786,0.8084124134393434,0.8278397898883783
7,0.07,0.9011934499028588,0.8526785714285714,0.8762650114694374,0.8950874271440467,0.8604589114194237,0.8774316419534758,0.8827663761596851,0.7965499746321664,0.8374449926656887,0.844559585492228,0.801201529219006,0.8223094170403586
8,0.08,0.8967836257309941,0.8536042304480935,0.8746613432197348,0.8943185163379452,0.8594059405940594,0.8765147143681477,0.8764044943820225,0.7937868237814676,0.833052276559865,0.8395355760643048,0.7993197278911565,0.8189342239001016
9,0.09,0.8985732009925558,0.8510575793184488,0.8741701870850935,0.8941139831828091,0.8582959641255605,0.8758389261744965,0.8695110557458735,0.7875881523272215,0.8265245707519242,0.8300508259212198,0.7884731442365721,0.808727948003714
10,0.1,0.9027275714755176,0.8502011761064686,0.8756773987886517,0.8955026455026455,0.853182104599874,0.8738302678283318,0.8659455916093084,0.7835112692763938,0.8226685349525142,0.826530612244898,0.7898710286253539,0.8077851053562811
