,filter_abundance,precision_by_num_reads,recall_by_num_reads,F1_by_num_reads,precision_by_nts,recall_by_nts,F1_by_nts,precision_by_mean_cov,recall_by_mean_cov,F1_by_mean_cov,precision_by_med_cov,recall_by_med_cov,F1_by_med_cov
0,0.0,0.9531895877555581,0.9735280693747147,0.963251481795089,0.9418227477241812,0.9964574338536477,0.9683700914470144,0.9418227477241812,0.9964574338536477,0.9683700914470144,0.8024484670921838,0.9996089676746611,0.8902431946137326
1,0.01,0.9492904119072343,0.8955102040816326,0.9216163992270855,0.946058091286307,0.9008890352321369,0.9229212346095461,0.93782563390066,0.8695652173913043,0.9024064171122993,0.8852036432376698,0.8907141621995504,0.8879503533873471
2,0.02,0.9299526440410418,0.8799477221807319,0.9042594013814276,0.9266073194856578,0.883606866628938,0.9045963692545383,0.9145180483934946,0.8463656387665198,0.879122974261201,0.8652526512788522,0.8523146251536255,0.8587349086781549
3,0.03,0.9205617730963354,0.8663775299463031,0.8926481540589425,0.9130056546324489,0.8775083612040134,0.8949051374973354,0.906832298136646,0.8275303643724696,0.8653683319220999,0.868735632183908,0.8355074065885474,0.8517975881888875
4,0.04,0.9211657907310081,0.8667116205888964,0.8931094383323683,0.9188864890808736,0.8730050159598723,0.8953583537939904,0.9050863957167194,0.8157490677780215,0.8580987540378403,0.860788276907529,0.8152668102416846,0.8374093646306991
5,0.05,0.9207380457380457,0.8593257336890614,0.8889725254045916,0.9159729448491155,0.8666010337189269,0.8906032629315795,0.8958168902920284,0.8013650270651919,0.8459627329192546,0.8529334385687977,0.8158027176648214,0.8339549839228296
6,0.06,0.9137594194808819,0.8517169614984391,0.8816480409317354,0.9116578138104557,0.8601951991558956,0.8851791530944625,0.888268156424581,0.79879427279578,0.8411585769078164,0.8473520249221184,0.8093048417635921,0.8278915329275041
7,0.07,0.91507747318236,0.8497509684560044,0.8812051649928263,0.9135507029614119,0.8583473861720068,0.8850891175192,0.8855188819506393,0.794981313400961,0.8378112252074835,0.8455927051671732,0.8008059873344847,0.8225901833234772
8,0.08,0.9123743718592965,0.8529066353493835,0.881638846737481,0.9111811023622047,0.8628094243960632,0.8863357843137254,0.8789769182782283,0.7967203845066441,0.8358297493697168,0.8358016741790084,0.7977873386601106,0.8163522012578617
9,0.09,0.9053293611386958,0.8488516449410304,0.8761813230818516,0.900066181336863,0.8583149258441148,0.8786948796640284,0.8737257481091746,0.793134328358209,0.8314817712408074,0.8318104906937395,0.7985705003248863,0.8148516492623902
10,0.1,0.9035269709543569,0.8547595682041217,0.8784669692385274,0.8992408557625949,0.8677988677988678,0.8832401287917302,0.8691460055096418,0.7929626138862708,0.8293083620831279,0.8211353088182792,0.7939247497411115,0.8073008073008073
