,filter_abundance,precision_by_num_reads,recall_by_num_reads,F1_by_num_reads,precision_by_nts,recall_by_nts,F1_by_nts,precision_by_mean_cov,recall_by_mean_cov,F1_by_mean_cov,precision_by_med_cov,recall_by_med_cov,F1_by_med_cov
0,0.0,0.9564217546280327,0.9764056814180068,0.966310408921933,0.9431198545921095,0.9950366610265088,0.9683829179931934,0.9432267721586657,0.9949250028194428,0.9683863885839737,0.7688442211055276,1.0,0.8693181818181819
1,0.01,0.9471565173628586,0.9147764095917045,0.9306849089260694,0.9431303472571716,0.9177277179236043,0.9302556465624225,0.9418310571573091,0.8936170212765957,0.9170907896897063,0.8620867768595041,0.9097020348837209,0.8852545968882602
2,0.02,0.9317701326157986,0.8942999446596569,0.9126506024096386,0.9282433983926521,0.9033519553072625,0.9156285390713478,0.9199075856757798,0.8660503897045496,0.8921669311922323,0.8537382279454161,0.879255740300871,0.8663091175036568
3,0.03,0.9265114291817987,0.8804303694681282,0.9028833142500259,0.9210134128166915,0.8892086330935252,0.9048316251830161,0.9054459691252144,0.8412350597609561,0.872160264353573,0.8299725022914757,0.8362964673285616,0.833122484186314
4,0.04,0.9195481788842784,0.8799911758217516,0.8993349115094127,0.9177040110650069,0.8894101876675603,0.9033356024506465,0.8945530726256983,0.8284112955378314,0.860212646894236,0.8188995805576117,0.8258273202289127,0.8223488602576811
5,0.05,0.9161498387496899,0.8759487666034156,0.8955983994179701,0.9105510254509513,0.8870967741935484,0.8986708937934398,0.890424729831616,0.8182448036951501,0.8528102058009387,0.8151193633952255,0.81968524939984,0.8173959303098817
6,0.06,0.9169761273209549,0.8783028455284553,0.8972229431611731,0.9150466045272969,0.8851107676455435,0.8998297760900876,0.8849248927038627,0.8111630194246373,0.8464400256574727,0.824190894130554,0.8026175213675214,0.8132611637347769
7,0.07,0.9142532651902329,0.8683926645091694,0.8907330567081606,0.9120409906063194,0.8782894736842105,0.8948470883954756,0.8819804260218768,0.798540526452958,0.838189030228423,0.8048484848484848,0.7980769230769231,0.8014484007242004
8,0.08,0.9149130832570905,0.8571428571428571,0.8850862959138515,0.9110027430661384,0.8688953488372093,0.8894509745573577,0.8737003058103976,0.7864024222405726,0.8277560480950312,0.8048484848484848,0.7980769230769231,0.8014484007242004
9,0.09,0.914975845410628,0.85753093872623,0.885322530383297,0.9127625201938611,0.8681622618315918,0.8899039218774611,0.8728622136172959,0.7845127610208816,0.8263326714525737,0.7996615905245347,0.7866178428761651,0.793086088269844
10,0.1,0.9116153064679986,0.857051894301178,0.8834919593042337,0.909861064046086,0.8700583279325989,0.8895146595991387,0.8722972972972973,0.7876754118364857,0.82782943251042,0.7926397735314933,0.7818499127399651,0.7872078720787207
