,filter_abundance,precision_by_num_reads,recall_by_num_reads,F1_by_num_reads,precision_by_nts,recall_by_nts,F1_by_nts,precision_by_mean_cov,recall_by_mean_cov,F1_by_mean_cov,precision_by_med_cov,recall_by_med_cov,F1_by_med_cov
0,0.0,0.9569791910217442,0.9702500888941566,0.9635689482667295,0.9442226777430144,0.9935293449880803,0.9682487000774422,0.9442226777430144,0.9935293449880803,0.9682487000774422,0.7018017046067537,0.9987716873944419,0.8243568622481309
1,0.01,0.9315159574468085,0.9029970995810506,0.9170348551791851,0.9280252659574468,0.9057430240103829,0.9167487684729063,0.9301624518506113,0.8807484934982557,0.9047812983627923,0.793566117038474,0.9194605731410377,0.8518872017353579
2,0.02,0.9152478244419221,0.8881953368826877,0.9015186807043698,0.9092624033201283,0.8916019237883833,0.9003455683197907,0.9105183503594401,0.8650251617541337,0.8871889400921659,0.7751760898534171,0.883297180043384,0.8257122579336916
3,0.03,0.903405572755418,0.8828156514723678,0.8929919412424766,0.896168108776267,0.8886618998978549,0.8923992204328648,0.8975477971737323,0.8532200711181351,0.8748227668624671,0.7591588987643616,0.8606537232735316,0.8067265607002995
4,0.04,0.8947015425888666,0.8776315789473684,0.88608435735636,0.8891614629794826,0.886,0.8875779162956368,0.8820224719101124,0.8390337751175716,0.8599912357581071,0.7432922407541697,0.8401639344262295,0.788764909580608
5,0.05,0.8844317096466093,0.8735849056603774,0.8789748457522546,0.8798949379178606,0.8824233716475096,0.8811573409851745,0.8752724630661177,0.8279495990836196,0.8509536143159878,0.7432922407541697,0.8401639344262295,0.788764909580608
6,0.06,0.8864920390344119,0.8712771327612318,0.8788187372708759,0.882322844717319,0.8843589743589744,0.8833397362018185,0.8708246346555324,0.8141010002439619,0.8415080065565503,0.7383252818035426,0.8204592901878914,0.777228422093516
7,0.07,0.8830076004343105,0.873757722266989,0.8783583097070339,0.8802069153280697,0.8830920513520896,0.8816471229888192,0.8636488340192043,0.8140677527799328,0.8381256656017039,0.7312646370023419,0.8055465978716543,0.7666104035599202
8,0.08,0.881171067738232,0.8736482640865111,0.8773935410117177,0.8815713460427499,0.8843813387423936,0.8829741067553883,0.8531711555169418,0.8051380158513255,0.8284589426321709,0.7256581033935934,0.794168691426588,0.7583692409678487
9,0.09,0.8834299664327129,0.8701532912533815,0.8767413688673532,0.8794738452126032,0.8805513016845329,0.8800122436486072,0.8517052375152253,0.8058196485162777,0.8281273131014063,0.7256581033935934,0.794168691426588,0.7583692409678487
10,0.1,0.884899006091696,0.8745247148288974,0.8796812749003984,0.8798711755233495,0.8821440103325799,0.8810061270557885,0.8457142857142858,0.8072727272727273,0.826046511627907,0.7154136628904909,0.7905918057663126,0.7511263290683006
