,filter_abundance,precision_by_num_reads,recall_by_num_reads,F1_by_num_reads,precision_by_nts,recall_by_nts,F1_by_nts,precision_by_mean_cov,recall_by_mean_cov,F1_by_mean_cov,precision_by_med_cov,recall_by_med_cov,F1_by_med_cov
0,0.0,0.9622555707139608,0.968753576742589,0.9654936405635088,0.9477384825270228,0.9952611858055984,0.9709186690318766,0.9477384825270228,0.9952611858055984,0.9709186690318766,0.7864413894427537,0.999333244432591,0.8801973220577871
1,0.01,0.9439719859929965,0.9051806843620083,0.9241694555546486,0.9390854472630173,0.9068493150684932,0.9226859063704189,0.9346416098453351,0.8888185987664083,0.911154345006485,0.8496134926212228,0.8952239911144021,0.8718226068144943
2,0.02,0.9178652535957608,0.882941926087748,0.9000649531409483,0.9131339894019682,0.8867855173681308,0.8997668997668998,0.9061077389984825,0.859018162201043,0.8819348287639619,0.8381907645722937,0.8789442349672554,0.8580838903419549
3,0.03,0.9091858037578288,0.8741469289441991,0.8913221449038067,0.906054279749478,0.8813972380178716,0.8935556928144944,0.8929997897834769,0.8403560830860534,0.8658785161027314,0.833116036505867,0.8484177915468024,0.8406972919636005
4,0.04,0.9012567324955116,0.8766644837371753,0.888790527830032,0.8942889137737962,0.883016364440513,0.8886168910648713,0.8882783882783882,0.8313691879151489,0.8588821250691754,0.825926778724384,0.8406374501992032,0.8332171893147502
5,0.05,0.9017791859614915,0.8716136631330977,0.8864398658361284,0.9004635276896804,0.8809069212410501,0.8905778742912294,0.8826466916354557,0.812083620491615,0.8458961474036851,0.8168431929733919,0.8164213787761425,0.8166322314049587
6,0.06,0.8984375,0.8692365835222978,0.8835958509412217,0.8959643605870021,0.8742009716185118,0.8849488805487252,0.8795180722891566,0.8035714285714286,0.839831266777451,0.8093952483801296,0.8148953519978255,0.812135988080726
7,0.07,0.8982485404503753,0.8664521319388576,0.8820638820638819,0.8942254303164908,0.8776566757493188,0.885863586358636,0.8736543909348442,0.799792531120332,0.8350934199837531,0.8083973979893554,0.8095943144803079,0.8089954135227104
8,0.08,0.8994974874371859,0.8654721274175199,0.8821568343238152,0.8971156705322628,0.8719653179190752,0.8843617177194781,0.8689943300507311,0.7978082191780822,0.8318811598343094,0.8052307692307692,0.8057266009852216,0.8054786088027086
9,0.09,0.9034287511796162,0.8634996993385448,0.883013066871637,0.8974278544542033,0.874656068480587,0.8858956494813439,0.8657465495608532,0.7972270363951474,0.8300751879699249,0.8016025641025641,0.8067741935483871,0.8041800643086817
10,0.1,0.9030023094688222,0.8669623059866962,0.8846153846153847,0.9019933554817275,0.8752417794970987,0.8884162303664921,0.8598954931417374,0.8003039513677812,0.8290302267002521,0.795816733067729,0.8097972972972973,0.8027461486939049
