,filter_abundance,precision_by_num_reads,recall_by_num_reads,F1_by_num_reads,precision_by_nts,recall_by_nts,F1_by_nts,precision_by_mean_cov,recall_by_mean_cov,F1_by_mean_cov,precision_by_med_cov,recall_by_med_cov,F1_by_med_cov
0,0.0,0.9630744299108693,0.9634089856415007,0.9632416787264834,0.9457544675901449,0.9956584659913169,0.9700650759219089,0.9457544675901449,0.9956584659913169,0.9700650759219089,0.7439991540657714,0.9992898735975003,0.8529518729542975
1,0.01,0.9395714763977234,0.9021215043394407,0.9204657264676943,0.9371037704371038,0.9059677419354839,0.9212727570936527,0.9358888516906595,0.8857731305449936,0.910141624613381,0.827503015681544,0.907750472589792,0.8657712070675201
2,0.02,0.9178056188306758,0.8831050228310502,0.9001210090291353,0.9118035882908404,0.8879897002023175,0.8997390980245994,0.9060364464692483,0.8596902017291066,0.8822550831792976,0.8140249759846302,0.8797757475083057,0.8456241892026743
3,0.03,0.9082186065915728,0.8760563380281691,0.8918476034412127,0.905030265080359,0.8811217232269863,0.8929159802306424,0.8956613756613757,0.838351822503962,0.8660595518264607,0.8030847242763575,0.856081081081081,0.828736509320833
4,0.04,0.9012151215121512,0.8752185314685315,0.8880266075388026,0.8975280898876404,0.8836283185840708,0.8905239687848383,0.8887100482869625,0.8286878216123499,0.8576500610229668,0.7925280199252802,0.8264935064935065,0.8091544818817545
5,0.05,0.9005350194552529,0.8717043314500942,0.8858851674641149,0.8997071742313324,0.8803724928366762,0.8899348298334542,0.8804483188044832,0.8124569064582855,0.8450872579488407,0.7912764249397912,0.8152743314033637,0.8030961434003259
6,0.06,0.9031496062992126,0.8691588785046729,0.8858282919294631,0.898211467648606,0.8734015345268542,0.8856327800829875,0.8798927613941019,0.8034271725826193,0.8399232245681382,0.783461210571185,0.8118374558303887,0.7973969631236443
7,0.07,0.8969072164948454,0.8639291465378421,0.8801093643198906,0.8949568124825856,0.8754428999727446,0.8850923119316615,0.8732274532047646,0.7989102231447847,0.8344173441734417,0.7825430383569918,0.8054087659309916,0.7938112745098039
8,0.08,0.8975796930342385,0.8663817663817663,0.8817048419831836,0.8949243098842387,0.8716392020815265,0.883128295254833,0.8685935637663885,0.7992870852755689,0.8325003569898615,0.7818995842660698,0.8082644628099174,0.7948634590377113
9,0.09,0.9041614123581336,0.862297053517739,0.8827331486611266,0.8999058675870725,0.8767960868236013,0.8882006813254877,0.8688421713209915,0.8002890173410404,0.8331578155558897,0.7897671367661528,0.797087057265806,0.7934102141680395
10,0.1,0.8993067018818092,0.8625712476250792,0.8805560045256181,0.8984348984348984,0.8697614442295294,0.8838656838656838,0.8606100360774024,0.7978108847674065,0.8280214578731461,0.7744436952124073,0.8023052741879148,0.7881283238977526
