,filter_abundance,precision_by_num_reads,recall_by_num_reads,F1_by_num_reads,precision_by_nts,recall_by_nts,F1_by_nts,precision_by_mean_cov,recall_by_mean_cov,F1_by_mean_cov,precision_by_med_cov,recall_by_med_cov,F1_by_med_cov
0,0.0,0.9624189007222427,0.9480284577354395,0.9551694812294981,0.945450601886997,0.9922604142954701,0.9682901094018992,0.9455590499945776,0.9920354989191035,0.9682398667406997,0.5653399848172649,0.9998082086689681,0.7222722549359195
1,0.01,0.9401128069011281,0.9074459567654123,0.9234905890980201,0.9383814640698456,0.9013062409288825,0.9194702640454059,0.9368703828072532,0.878740157480315,0.9068746952705998,0.6514219830899308,0.8851174934725848,0.7504981182200576
2,0.02,0.9141337386018237,0.8870046082949309,0.9003648610721304,0.9120527306967985,0.8915684830633285,0.9016942841184137,0.9085066162570888,0.8600572655690766,0.8836183121897406,0.6514219830899308,0.8851174934725848,0.7504981182200576
3,0.03,0.9032663316582915,0.8757612667478685,0.8893011750154608,0.9015198834062045,0.8822330888345559,0.8917722170734218,0.8909128978224455,0.8397473850404579,0.8645738087981306,0.6446611652913228,0.8260173021467478,0.7241573033707864
4,0.04,0.8956130483689538,0.8772587042750111,0.886340866080374,0.8935883014623172,0.8822745446468236,0.8878953839275735,0.8806882499434004,0.8333333333333334,0.8563566318106769,0.6446611652913228,0.8260173021467478,0.7241573033707864
5,0.05,0.8943441636582431,0.8784869976359339,0.8863446630888491,0.8928919182083739,0.8802495800335973,0.8865256797583083,0.8751233958538993,0.8166743436204514,0.8448892065761259,0.6484922327139812,0.8064393939393939,0.7188924531487423
6,0.06,0.9004181913225301,0.8721518987341772,0.8860596707818931,0.8937336814621409,0.8808543489449305,0.8872472783825816,0.8739429175475687,0.8131300713056306,0.842440453445421,0.6484922327139812,0.8064393939393939,0.7188924531487423
7,0.07,0.8986919009184525,0.8717602591792657,0.8850212416061395,0.8945171166156415,0.8819978046103183,0.8882133480724057,0.8711036225779275,0.8101331940454427,0.8395128552097428,0.6484922327139812,0.8064393939393939,0.7188924531487423
8,0.08,0.8915343915343915,0.8688054998567746,0.8800232119541563,0.8919478981645944,0.8784256559766764,0.8851351351351352,0.8665279429250892,0.8056937534549475,0.8350042967631051,0.6577157178660938,0.7911283376399656,0.7182795698924732
9,0.09,0.8924090338770388,0.8626440266828381,0.8772741288930003,0.8892722710163111,0.875,0.8820784069695085,0.8609209707529558,0.8076474022183304,0.833433734939759,0.6577157178660938,0.7911283376399656,0.7182795698924732
10,0.1,0.8876847290640394,0.866623917922411,0.8770279039584684,0.8902519893899205,0.8751629726205997,0.8826429980276134,0.8560606060606061,0.79920049200492,0.8266539440203562,0.6574608408903545,0.7701593433124094,0.7093617967533912
