,filter_abundance,precision_by_num_reads,recall_by_num_reads,F1_by_num_reads,precision_by_nts,recall_by_nts,F1_by_nts,precision_by_mean_cov,recall_by_mean_cov,F1_by_mean_cov,precision_by_med_cov,recall_by_med_cov,F1_by_med_cov
0,0.0,0.96486646884273,0.9587215473522821,0.9617841930903928,0.9453359007274283,0.9951576576576576,0.9696071977177968,0.9453359007274283,0.9951576576576576,0.9696071977177968,0.6806803594351734,0.9993717606408041,0.8097995545657016
1,0.01,0.9388062196957031,0.9030234802187198,0.9205672596114436,0.9352686019352686,0.9065329883570504,0.920676629988504,0.9347935127905033,0.8884474813284602,0.9110314485905164,0.783447824664704,0.9218629715165512,0.8470380194518127
2,0.02,0.9196326061997704,0.8790927382476679,0.8989058262414664,0.9143183549124143,0.8846720707442889,0.899250936329588,0.9080679000572192,0.8589211618257261,0.8828110513628777,0.7675146771037182,0.8793721973094171,0.819644723092999
3,0.03,0.9090909090909091,0.8737668612844776,0.8910789446668719,0.9067085953878407,0.8801383801383801,0.8932259396943412,0.8944362174740851,0.8390553681285969,0.8658611509318042,0.7559604138551507,0.8532622493018532,0.801669648181276
4,0.04,0.9022573363431151,0.8738522081329252,0.8878276321634828,0.8982400722021661,0.8819229065130705,0.8900067069081155,0.8859770114942529,0.8279269602577873,0.8559689061632425,0.7552537160430548,0.82525903108373,0.7887060082965341
5,0.05,0.8967616264913563,0.8680179118548197,0.8821556886227544,0.8955441928414901,0.8790630975143403,0.887227113737788,0.8839779005524862,0.8106863196683556,0.8457472369053338,0.7552537160430548,0.82525903108373,0.7887060082965341
6,0.06,0.9040735873850198,0.8678102926337034,0.8855708585403527,0.8990801576872536,0.8758320532514081,0.8873038516405136,0.8757349011223945,0.8033831821524884,0.8380002557217747,0.7463952502120441,0.809319435928878,0.776584791881159
7,0.07,0.900140252454418,0.8619392962664518,0.8806256860592756,0.897054698457223,0.8723404255319149,0.8845249619692988,0.8726241134751773,0.7993762993762994,0.8343957683439576,0.7405121875964209,0.8059100067159167,0.7718282682103234
8,0.08,0.9018386714116251,0.8661350042722871,0.8836263257300595,0.8965209634255129,0.8726483357452967,0.8844235846289236,0.8676776687481416,0.8014281790716836,0.8332381496287836,0.7405121875964209,0.8059100067159167,0.7718282682103234
9,0.09,0.902607602890355,0.8643200962695547,0.8830490241278623,0.897339593114241,0.8772949816401469,0.8872040847903452,0.8629107981220657,0.7979739507959479,0.8291729323308271,0.7372654155495979,0.7973903588256614,0.766150095768762
10,0.1,0.899404367968233,0.8620361560418649,0.8803238866396761,0.8955371900826447,0.8741529525653436,0.8847158719790985,0.8586387434554974,0.7987823439878234,0.827629711401987,0.7308108108108108,0.7903351519875292,0.7594083504961617
