,filter_abundance,precision_by_num_reads,recall_by_num_reads,F1_by_num_reads,precision_by_nts,recall_by_nts,F1_by_nts,precision_by_mean_cov,recall_by_mean_cov,F1_by_mean_cov,precision_by_med_cov,recall_by_med_cov,F1_by_med_cov
0,0.0,0.958124318429662,0.9815663054407329,0.9697036587384802,0.9430936368339369,0.9975922075079348,0.9695777044995214,0.9430936368339369,0.9975922075079348,0.9695777044995214,0.8577340920848422,0.9995177236556547,0.9232139874157804
1,0.01,0.9478537894030852,0.8947451725229503,0.9205341149649894,0.9449280214261802,0.8997449792795664,0.9217831482691052,0.9409792085848424,0.8757802746566792,0.9072098286453282,0.9225583405358686,0.8815659068384539,0.901596418616437
2,0.02,0.9293394777265745,0.8697214734950584,0.8985426529286178,0.9270353302611367,0.8763840987475041,0.9009984137351871,0.9191899710703954,0.8438385269121813,0.8799039970460629,0.9013513513513514,0.8570117474302497,0.8786225065863758
3,0.03,0.922520221370796,0.8575385833003561,0.8888433141919606,0.9162780839338703,0.8658121369917885,0.8903305529811555,0.9114304096075488,0.8263659342796034,0.8668162349581888,0.8926829268292683,0.8396169958108917,0.8653371710526316
4,0.04,0.9160129210890632,0.8517485518129156,0.8827126181211784,0.9114799446749654,0.8599391039582427,0.8849597135183528,0.899188876013905,0.815297331372137,0.8551906546175887,0.8805268109125117,0.823943661971831,0.8512960436562074
5,0.05,0.9041828793774319,0.8578680203045685,0.8804167653327019,0.9011471808640469,0.8642322097378277,0.8823037399928306,0.8929277942631059,0.8125562556255626,0.8508482563619227,0.870467616904226,0.8192515886090845,0.8440834141610087
6,0.06,0.9001293661060802,0.8581647755303404,0.8786462937239551,0.8932264736297828,0.8654809619238477,0.8791348600508906,0.8863213811420982,0.7990900383141762,0.8404483062586575,0.8692845615922539,0.8031809145129225,0.8349263756135364
7,0.07,0.9017165005537099,0.8555292881534017,0.8780159051085051,0.8981636060100167,0.8614891913530824,0.8794442174090722,0.8844734601192166,0.7902612224194776,0.8347173854808465,0.8673323823109843,0.7979002624671916,0.8311688311688312
8,0.08,0.9002932551319648,0.8539638386648123,0.8765167737330478,0.8995271867612293,0.8613469156762875,0.880023128071697,0.8796076099881094,0.7920235546038544,0.8335211267605634,0.8553571428571428,0.79766860949209,0.8255062473071952
9,0.09,0.9006211180124224,0.8524397413286302,0.8758683177287828,0.8951310861423221,0.8573991031390135,0.8758589097572148,0.8735990037359901,0.7910910628700311,0.8303003402870248,0.8501884422110553,0.7910578609000585,0.8195579775961247
10,0.1,0.9024310118265441,0.8509913258983891,0.8759566326530613,0.8974106850213045,0.8631778058007566,0.8799614333922545,0.8626679777122255,0.7800829875518672,0.8192996108949417,0.8443193110301425,0.7850323375423468,0.8135971911905522
