,filter_abundance,precision_by_num_reads,recall_by_num_reads,F1_by_num_reads,precision_by_nts,recall_by_nts,F1_by_nts,precision_by_mean_cov,recall_by_mean_cov,F1_by_mean_cov,precision_by_med_cov,recall_by_med_cov,F1_by_med_cov
0,0.0,0.955285484980509,0.9764443923590765,0.9657490582439872,0.9411764705882353,0.995379240392201,0.9675193076628141,0.9411764705882353,0.995379240392201,0.9675193076628141,0.7511722080136403,1.0,0.8579078683137589
1,0.01,0.9470926301555105,0.9051696284329563,0.9256566991574425,0.9427802086839449,0.9123778501628664,0.9273299122661811,0.9346538005755883,0.8805422647527911,0.9067914921573459,0.840717117738321,0.895519647447668,0.8672534898195073
2,0.02,0.9294958470156461,0.8871681415929203,0.9078388831242334,0.9253072196620584,0.8935657333580568,0.9091595132534668,0.9145545314900153,0.8620814479638009,0.8875430914003541,0.8306031990749663,0.877442996742671,0.8533808533808535
3,0.03,0.9218089602704987,0.8824600445073841,0.901705426356589,0.9194843617920541,0.8910505836575876,0.9050442017680709,0.9064918314703353,0.8385364883674686,0.8711909926660467,0.8218512256973796,0.861732771992023,0.8413196322336398
4,0.04,0.9186635944700461,0.8766490765171504,0.8971647164716472,0.9143380668804397,0.8888888888888888,0.901433894095066,0.8998376999768143,0.8346236559139785,0.8660046859310498,0.8084896347482725,0.8325285895806861,0.8203330411919368
5,0.05,0.9165635058182718,0.8743504959848842,0.8949595068294453,0.910218253968254,0.8798849196835291,0.894794587346093,0.8945783132530121,0.8215767634854771,0.8565248738284067,0.8278407592934353,0.8067831449126414,0.8171763175016267
6,0.06,0.9087793303453731,0.8697956093868282,0.8888602372356885,0.9067055393586005,0.8769546270187132,0.8915819650768828,0.8876344086021506,0.810505645557192,0.8473184500898127,0.8016901408450704,0.8147724019467506,0.8081783330966917
7,0.07,0.9104225352112676,0.8678839957035446,0.8886444872147373,0.9083215796897038,0.878341516639389,0.8930800166412426,0.8859823713392095,0.8099818040031194,0.8462791960890821,0.7976792621243678,0.8082604763340367,0.8029350104821802
8,0.08,0.9120453190220632,0.8700227531285551,0.8905385735080059,0.9064641048555258,0.8802429852473242,0.8931611388318167,0.882017412188532,0.8062568605927553,0.8424372759856632,0.7943661971830986,0.8026565464895635,0.7984898537045776
9,0.09,0.910368519675203,0.8748499399759904,0.8922558922558923,0.9033573893944148,0.8798899755501223,0.8914692676884968,0.8767727702489757,0.8035817446562681,0.8385832705350414,0.7886259040105194,0.7986018641810919,0.7935825339067152
10,0.1,0.9081869406695393,0.8662662029718622,0.8867313915857606,0.9014502307185234,0.8808373590982287,0.8910245968398761,0.869379717755169,0.8039453717754173,0.8353831598864712,0.7860593512767425,0.8029608741628481,0.7944202266782912
