,filter_abundance,precision_by_num_reads,recall_by_num_reads,F1_by_num_reads,precision_by_nts,recall_by_nts,F1_by_nts,precision_by_mean_cov,recall_by_mean_cov,F1_by_mean_cov,precision_by_med_cov,recall_by_med_cov,F1_by_med_cov
0,0.0,0.9531098153547133,0.9630538848655947,0.9580560473777398,0.9398463227222832,0.9928107606679035,0.965602796887335,0.9398463227222832,0.9928107606679035,0.965602796887335,0.5746432491767288,0.9994272623138603,0.7297184276554224
1,0.01,0.9453978159126365,0.8980734398155772,0.9211281878061138,0.9419310105737563,0.9010114408887415,0.9210169491525424,0.9360658609213522,0.8679551729738509,0.9007247598179673,0.6975146494241261,0.8770325203252033,0.7770399549803039
2,0.02,0.925259792166267,0.8757329298278798,0.8998153726557186,0.925259792166267,0.878724615676599,0.9013919984425193,0.9137066024483244,0.8420565933049751,0.8764196342637153,0.6975146494241261,0.8770325203252033,0.7770399549803039
3,0.03,0.9186046511627907,0.8522821576763485,0.8842014636246233,0.9137280993568418,0.8653644192396556,0.8888888888888888,0.905341446923597,0.8176267046611032,0.8592513368983956,0.6965226554267651,0.8188293589346547,0.7527402135231318
4,0.04,0.9149453219927096,0.8504630675400948,0.8815265745726995,0.9088926581051612,0.8577635490509947,0.8825882352941177,0.8975741239892183,0.8071837814014985,0.8499825965889313,0.6965226554267651,0.8188293589346547,0.7527402135231318
5,0.05,0.9142857142857143,0.848868337795084,0.8803634528016153,0.9106438896189225,0.8542899408284024,0.881567230632235,0.8926583620461171,0.7964057696855048,0.8417895526118472,0.6817749603803487,0.7847500912075884,0.7296472184531886
6,0.06,0.9194819819819819,0.8498568826437679,0.8832995267072346,0.912216941571149,0.8614044350580782,0.8860828241683638,0.8947813822284908,0.8,0.8447403462050599,0.6817749603803487,0.7847500912075884,0.7296472184531886
7,0.07,0.9108527131782945,0.8460260315702022,0.87724335965542,0.9089556679559655,0.8593530239099859,0.8834586466165413,0.8825283243887895,0.7933529884749397,0.8355681016231474,0.6817749603803487,0.7847500912075884,0.7296472184531886
8,0.08,0.904642409033877,0.8467410452143277,0.8747346072186836,0.9018617860523824,0.8531343283582089,0.8768215984046633,0.8721994319974755,0.7838910947249007,0.8256908140403286,0.667270094134685,0.778293918918919,0.7185185185185186
9,0.09,0.9037184594953519,0.8469197261978842,0.8743976871185352,0.8974189278623428,0.8563309125355226,0.876393601551139,0.8697951090548579,0.7875523638539796,0.8266331658291457,0.667270094134685,0.778293918918919,0.7185185185185186
10,0.1,0.898961937716263,0.8509662626924337,0.8743059061080263,0.8916955017301038,0.8587137620793069,0.8748939059582415,0.8610823853843502,0.7867716535433071,0.8222514812376563,0.6648693488179179,0.7536436295251528,0.7064786249449098
