,filter_abundance,precision_by_num_reads,recall_by_num_reads,F1_by_num_reads,precision_by_nts,recall_by_nts,F1_by_nts,precision_by_mean_cov,recall_by_mean_cov,F1_by_mean_cov,precision_by_med_cov,recall_by_med_cov,F1_by_med_cov
0,0.0,0.9635787806809184,0.967188919164396,0.9653804748144372,0.9477260846837429,0.9960443907262938,0.9712846887388835,0.9476215368531103,0.995934512690913,0.9711775420550733,0.7949817041296393,0.998949027850762,0.8853699714734821
1,0.01,0.9426487651251451,0.9031284738764491,0.9224655312246552,0.9383391347588265,0.9070661752924211,0.922437673130194,0.9410681399631676,0.8792429219458783,0.9091056121623806,0.8666666666666667,0.8853548966756514,0.8759111111111112
2,0.02,0.9229898074745186,0.8858695652173914,0.9040488075429839,0.9162116362266993,0.8907193849533224,0.9032856877668461,0.911127847862926,0.8610320284697509,0.8853718781447261,0.8514155424662739,0.8692531522793404,0.8602418890382032
3,0.03,0.9052785311913206,0.8704112337011033,0.8875025567600736,0.9022618800581034,0.8803401498279004,0.8911662225865956,0.887961610682245,0.8348371910553158,0.8605803255484784,0.8286268592369045,0.8500663423264042,0.8392096932649273
4,0.04,0.8970456580125336,0.8733928960557856,0.8850612785690627,0.8947486033519553,0.8833002426649018,0.8889875666074601,0.8802705749718152,0.8304616039140609,0.8546409807355517,0.8196907685311505,0.840522266262532,0.8299758259468171
5,0.05,0.8909568122166547,0.8763201126496127,0.8835778513961192,0.8886765408504539,0.8852927177534508,0.8869814020028612,0.8747549019607843,0.8144682793245094,0.8435358071377924,0.812051649928264,0.8346030965839273,0.8231729487334869
6,0.06,0.8903688524590164,0.873805932629462,0.8820096422227861,0.887891226269882,0.8822329849604894,0.8850530622682522,0.8669438669438669,0.811284046692607,0.8381909547738694,0.8035097048657271,0.8160950580610316,0.8097534833869239
7,0.07,0.8965896589658966,0.8730583824317086,0.8846675712347354,0.8946787979046044,0.8815539255637055,0.8880678708264913,0.8657865786578658,0.8123870967741935,0.8382372520303554,0.800333704115684,0.8093363329583803,0.8048098434004475
8,0.08,0.8966627634660421,0.868689733408962,0.8824546240276576,0.8907710280373832,0.8789625360230547,0.8848273861328692,0.8586357039187228,0.8077553249590388,0.832418742085268,0.7984037836240023,0.8019596199524941,0.8001777514442304
9,0.09,0.8899506781750924,0.8646301287810721,0.87710770165578,0.8906152889993785,0.8729820286323484,0.8817105060759882,0.8523387343320086,0.8034582132564841,0.8271769767096869,0.7892418999685435,0.8015974440894569,0.7953716912347439
10,0.1,0.8879478827361563,0.8599369085173502,0.8737179487179488,0.8863192182410423,0.873795761078998,0.8800129366106081,0.8517920568291896,0.800121322414316,0.8251485767907413,0.7882544861337684,0.8,0.7940838126540674
