,filter_abundance,precision_by_num_reads,recall_by_num_reads,F1_by_num_reads,precision_by_nts,recall_by_nts,F1_by_nts,precision_by_mean_cov,recall_by_mean_cov,F1_by_mean_cov,precision_by_med_cov,recall_by_med_cov,F1_by_med_cov
0,0.0,0.9630277838547364,0.9751883030571555,0.9690698954320307,0.9503757850303717,0.9971913146807821,0.9732208750658935,0.9503757850303717,0.9971913146807821,0.9732208750658935,0.8552455472047771,0.9990378833433554,0.9215664521854894
1,0.01,0.9453034081463009,0.9018239492466297,0.923051948051948,0.9408146300914381,0.9050055973132897,0.922562764916857,0.9409212283044058,0.8795631825273011,0.9092081922270602,0.9183740912095175,0.8948639510545806,0.9064666068661829
2,0.02,0.9237448093620234,0.8865942028985507,0.904788315770013,0.9176093514328808,0.8895997075488942,0.9033874709976799,0.9107310655891749,0.8601348952786653,0.8847101780009129,0.8892483349191247,0.8612237375598968,0.8750117030240614
3,0.03,0.9048310180385652,0.8722766340195882,0.8882556482800733,0.9010989010989011,0.8788675429726996,0.8898443898443898,0.8885892116182572,0.8384886452623336,0.862812248186946,0.8693288730922015,0.8466707391569945,0.8578502166288426
4,0.04,0.895828686147669,0.8726640591047371,0.8840946615299944,0.891705581498777,0.8830654040960141,0.8873644611639744,0.8809791152032338,0.8336166595835104,0.8566437383993887,0.8591644204851752,0.8404746209624259,0.8497167610796402
5,0.05,0.8902642228040942,0.8760833918950574,0.8831168831168832,0.8891543239369326,0.8847159496077965,0.8869295841772907,0.8777260475373683,0.8165033052199681,0.8460085025980161,0.8546583850931677,0.8113207547169812,0.8324258923169994
6,0.06,0.8921770458054554,0.8702309236947792,0.8810673443456162,0.8891460905349794,0.8805399898115129,0.8848221141540824,0.8723625944256317,0.8134564002914744,0.841880341880342,0.8415557295745236,0.8133198789101918,0.8271969211032714
7,0.07,0.8947512301804265,0.8744322735773443,0.8844750709363598,0.8915728794949218,0.8816503800217155,0.8865838678859016,0.8670694864048338,0.8140794223826715,0.83973932703817,0.8363334256438659,0.810738255033557,0.8233369683751363
8,0.08,0.8946907817969662,0.8685924667233078,0.881448483977583,0.8886946386946387,0.8782032824647279,0.8834178131788559,0.8591753774680604,0.8073669849931787,0.8324658883105922,0.8303048065650644,0.8071225071225071,0.8185495521525571
9,0.09,0.8905961893054702,0.8671454219030521,0.878714372346877,0.8879975316260413,0.876103500761035,0.8820104198590255,0.8524839987808595,0.8053556003455226,0.8282499259697955,0.8236722306525038,0.8137931034482758,0.8187028657616892
10,0.1,0.8941868060091444,0.8631778058007566,0.878408726339429,0.8912475506205094,0.8758023106546855,0.8834574295888636,0.8476159793814433,0.7975143983025159,0.821802280181165,0.8195294875926523,0.8044922492882,0.8119412515964242
