,filter_abundance,precision_by_num_reads,recall_by_num_reads,F1_by_num_reads,precision_by_nts,recall_by_nts,F1_by_nts,precision_by_mean_cov,recall_by_mean_cov,F1_by_mean_cov,precision_by_med_cov,recall_by_med_cov,F1_by_med_cov
0,0.0,0.9663171983047066,0.9709738877059285,0.9686399463357369,0.9480465502909393,0.9961786221203188,0.971516797103764,0.9480465502909393,0.9961786221203188,0.971516797103764,0.8230465502909393,0.9994952681388013,0.902729500256425
1,0.01,0.9431668856767411,0.9096958174904943,0.9261290322580644,0.9390604467805519,0.913258785942492,0.9259799157758343,0.9400459921156373,0.8910166588821423,0.9148749100791304,0.8742593811718236,0.9088109495295124,0.8912004026507844
2,0.02,0.9176184235161955,0.8880231926073564,0.9025782688766114,0.9119180633147114,0.8959019392608855,0.9038390550018457,0.909005804156525,0.8620383522727273,0.8848992982775904,0.8421052631578947,0.8756841282251759,0.8585665005749329
3,0.03,0.9058654634946678,0.8848157051282052,0.8952168625861372,0.9016427104722793,0.8908500710083181,0.8962138993774875,0.8920759389186959,0.8473147785182281,0.8691194209891435,0.8345203183912862,0.8612191958495461,0.847659574468085
4,0.04,0.9045904590459046,0.8767720828789531,0.8904640602503046,0.8973495058400719,0.8838495575221239,0.8905483727151137,0.8843031123139378,0.8349659284497445,0.8589266155531216,0.8272202998846597,0.8485565546616185,0.8377525989954444
5,0.05,0.903179190751445,0.8829762185071816,0.8929634480295272,0.8979542719614921,0.8917304015296367,0.8948315145700921,0.8811325360019526,0.8268437929454878,0.8531253692544014,0.8197630451222586,0.8347022587268994,0.8271652041205646
6,0.06,0.9038361845515811,0.8798889730002524,0.891701828410689,0.8983971044467425,0.8912541677353167,0.894811381485773,0.8800528401585205,0.8142263505255439,0.845860843067547,0.8161493950552341,0.8319034852546917,0.823951141795008
7,0.07,0.9079205149734118,0.8725121032813341,0.8898642161569058,0.9044532130777903,0.8779753761969904,0.8910176315424128,0.8757014590347924,0.8106493506493506,0.8419206905853791,0.8134434634007406,0.821161587119034,0.8172843039061383
8,0.08,0.9031111111111111,0.8703597944031982,0.8864330376617712,0.8981288981288982,0.8785589773387565,0.8882361580261419,0.8724852071005917,0.8112792297111416,0.8407697790449038,0.8096253426743832,0.8148375229920294,0.8122230710466004
9,0.09,0.9019423558897243,0.8697885196374623,0.8855736696401109,0.8953961791418729,0.8796923076923077,0.8874747788297376,0.864301276065982,0.8072674418604651,0.8348113632947541,0.7969877627863194,0.8133205251360871,0.8050713153724247
10,0.1,0.8988391376451078,0.8641581632653061,0.8811575353601042,0.8958540630182421,0.877517868745939,0.8865911701953061,0.861796643632774,0.8023897058823529,0.8310328415040458,0.7980576021433355,0.8061569688768606,0.8020868394479972
