,filter_abundance,precision_by_num_reads,recall_by_num_reads,F1_by_num_reads,precision_by_nts,recall_by_nts,F1_by_nts,precision_by_mean_cov,recall_by_mean_cov,F1_by_mean_cov,precision_by_med_cov,recall_by_med_cov,F1_by_med_cov
0,0.0,0.9612480568509882,0.974009900990099,0.9675869006370851,0.946843853820598,0.9963946247132088,0.9709874900186319,0.946843853820598,0.9963946247132088,0.9709874900186319,0.8296303986710963,0.9993746873436719,0.9066258225550262
1,0.01,0.9427715854267177,0.9061400703549728,0.9240929474113331,0.9388537154281906,0.9075535512965051,0.922938334288756,0.9364498419564132,0.8891170431211499,0.9121698266083291,0.8908693458886834,0.9033248081841432,0.8970538435489331
2,0.02,0.9203707206355211,0.8850491087668243,0.902364394993046,0.9158331760709568,0.8914401175606171,0.9034720282974961,0.9053030303030303,0.8584770114942529,0.8812684365781712,0.8646499903044406,0.867172306495527,0.8659093115836488
3,0.03,0.9124270225187656,0.8778335005015045,0.8947960331254472,0.9052565967172241,0.8843109397199107,0.8946611909650923,0.8954564577198149,0.8409719478467009,0.867359413202934,0.8570520965692503,0.8503887371296491,0.8537074148296594
4,0.04,0.9018418688230009,0.8762549105194238,0.8888642904582688,0.8981606101390758,0.8848618784530387,0.8914616497829233,0.8886093321134492,0.831193838254172,0.8589431793057704,0.8488239324046586,0.8375394321766562,0.8431439265056141
5,0.05,0.8973925639787542,0.8741768579492004,0.8856325947105075,0.8972736124634859,0.879293893129771,0.8881927710843375,0.8802992518703242,0.8098187657719661,0.8435894372087466,0.8501529051987767,0.8132618235007314,0.8312982805880887
6,0.06,0.9003131524008351,0.8687987912364644,0.8842752787389466,0.8990057561486133,0.8778742973939704,0.8883143743536712,0.8773610002660281,0.8059628543499511,0.8401477518787415,0.8415388754371805,0.8122565567385095,0.8266384778012686
7,0.07,0.9004726160689464,0.8676667559603536,0.8837653478854024,0.8954684459271616,0.876701143168209,0.8859854215376151,0.8763410502540937,0.8041450777202073,0.8386922453390976,0.8333810478099055,0.803921568627451,0.8183862805735169
8,0.08,0.9018968583283936,0.8644886363636364,0.8827966347548594,0.8967665381192524,0.8731946851530907,0.8848236499341431,0.8703814064362336,0.7996167533534082,0.8334997859894423,0.8294597041955931,0.8084730803177406,0.8188319427890346
9,0.09,0.9055364404128871,0.8691083758631042,0.8869485294117647,0.9001889168765743,0.8732437385461209,0.8865116279069766,0.8649749373433584,0.7965954991344489,0.8293781916491438,0.8300382653061225,0.8014162561576355,0.8154761904761905
10,0.1,0.9034391534391535,0.8642834546029737,0.8834276475343573,0.8996023856858847,0.8746778350515464,0.8869650441032343,0.8591042824452435,0.7978142076502732,0.827325672910436,0.8196339434276206,0.8049019607843138,0.8122011541632316
