,filter_abundance,precision_by_num_reads,recall_by_num_reads,F1_by_num_reads,precision_by_nts,recall_by_nts,F1_by_nts,precision_by_mean_cov,recall_by_mean_cov,F1_by_mean_cov,precision_by_med_cov,recall_by_med_cov,F1_by_med_cov
0,0.0,0.9634160686978003,0.9559939301972686,0.9596906491680339,0.9459976613160412,0.9937465103294248,0.9692843916784665,0.9459976613160412,0.9937465103294248,0.9692843916784665,0.6884235144041672,0.9992285141181917,0.8152064451158108
1,0.01,0.9403329487390802,0.9090184831102613,0.9244105970995706,0.9354252683732452,0.9095872811947968,0.9223253541768441,0.9373342175066313,0.8846815834767642,0.910247122273203,0.7711216018232134,0.9198058252427185,0.8389267687948286
2,0.02,0.919622641509434,0.8855377906976745,0.902258422806368,0.9146181272283731,0.8948044795300165,0.9046028210838901,0.9088009007318446,0.8625111308993767,0.8850511695906432,0.7470997679814385,0.8763892039011114,0.806596388685941
3,0.03,0.9048800661703887,0.8783621035728623,0.8914239152576899,0.9030919277858477,0.8843730948994107,0.8936344969199178,0.8893980420745679,0.8390646492434664,0.8634984833164814,0.7347349586222321,0.8497154681841697,0.7880532565671104
4,0.04,0.8991257565568258,0.8767213114754099,0.8877822045152722,0.8928491369648061,0.8821705426356589,0.8874777183600712,0.8827648520442738,0.8337956048645189,0.8575817423743691,0.7592636863495099,0.8223718280683584,0.7895587321317589
5,0.05,0.9022793404461688,0.8780084945729117,0.8899784740492706,0.8993695441319107,0.8871083472853384,0.8931968693558098,0.8837266470009832,0.8249196879302433,0.8533111796819368,0.7301547045396906,0.8340092699884125,0.7786342123056119
6,0.06,0.9060209424083769,0.8733282866515266,0.8893742772709752,0.8992146596858639,0.8809951269556296,0.8900116595413913,0.8768459915611815,0.8143521920156748,0.8444444444444446,0.7254457967732805,0.822792937399679,0.7710589651022863
7,0.07,0.8991338362671137,0.8659849300322928,0.8822481151473612,0.8973063973063973,0.8742482230727173,0.8856272500692328,0.8721910112359551,0.8077523413111343,0.8387358184764993,0.7254457967732805,0.822792937399679,0.7710589651022863
8,0.08,0.8964601769911504,0.8672945205479452,0.8816362053959964,0.8932153392330383,0.8792102206736353,0.8861574480538484,0.8673740053050398,0.8107438016528926,0.8381033746262281,0.7212403100775194,0.8048442906574395,0.7607522485690924
9,0.09,0.8935242839352429,0.867331520096706,0.8802330930838829,0.8879525593008739,0.8748462484624846,0.881350681536555,0.8618441477801925,0.8076811172534187,0.8338840492640432,0.7252784340195747,0.8012677106636839,0.7613817537643932
10,0.1,0.8929512516469038,0.8653048196616662,0.8789106824444805,0.891053152855728,0.8768680961663418,0.8839037170460128,0.8581303489137591,0.799202942979767,0.8276190476190475,0.7233187134502924,0.7947791164658634,0.7573670110983544
