,filter_abundance,precision_by_num_reads,recall_by_num_reads,F1_by_num_reads,precision_by_nts,recall_by_nts,F1_by_nts,precision_by_mean_cov,recall_by_mean_cov,F1_by_mean_cov,precision_by_med_cov,recall_by_med_cov,F1_by_med_cov
0,0.0,0.9657685512367491,0.9745932694450635,0.970160843039379,0.94874715261959,0.9965198477433388,0.9720468890892696,0.94874715261959,0.9965198477433388,0.9720468890892696,0.8385794160281632,0.9995063556707392,0.9119981982996451
1,0.01,0.9435510338037414,0.9100981323203545,0.9265227199484369,0.938332511100148,0.9107741420590583,0.9243479669528591,0.9384640630127995,0.8897013067828251,0.9134323590480754,0.879806084921431,0.9005817932922656,0.8900727211229494
2,0.02,0.9160148975791433,0.8898335745296672,0.9027344466874654,0.9118303571428571,0.8959970754889417,0.9038443809348206,0.9085661080074487,0.8656848828956707,0.8866073051063057,0.8563464040141238,0.8783835303088067,0.8672249929425049
3,0.03,0.907350216182829,0.8828125,0.8949131891562595,0.903478081909858,0.88992499493209,0.8966503267973858,0.8919867823213549,0.8457019776776973,0.8682279626093076,0.8457782299084435,0.8642411642411643,0.854910025706941
4,0.04,0.9037421100090172,0.8755186721991701,0.8894065446478092,0.8995731296337902,0.8854489164086687,0.8924551432073999,0.8862451846816225,0.8321276595744681,0.8583342477778998,0.8447719944725933,0.8457459073092,0.8452586703537275
5,0.05,0.9010592200288878,0.8809131560367145,0.890872307509223,0.8991535671100362,0.8881987577639752,0.8936425910347314,0.8789870952033114,0.8260869565217391,0.8517164091069955,0.838398813936249,0.8310066127847171,0.8346863468634687
6,0.06,0.9057632398753894,0.8799495586380832,0.892669822182423,0.9026548672566371,0.8890028197897974,0.8957768306857807,0.8818253758902664,0.8165608207132389,0.8479391249207356,0.8366099893730075,0.8258589037503278,0.8311996832519467
7,0.07,0.9040066777963273,0.8733870967741936,0.8884331419196063,0.9025280898876404,0.8783488244942591,0.8902743142144638,0.8770652478297396,0.8126621691748832,0.8436363636363636,0.8268741159830268,0.8224535734383793,0.8246579207222458
8,0.08,0.9046912114014252,0.8700742432895489,0.8870451237263463,0.9006248140434394,0.8789198606271778,0.8896399706098458,0.8735529830810329,0.8087386644682605,0.8398972602739725,0.8206586826347305,0.8155310919369235,0.818086852708551
9,0.09,0.9027603513174404,0.8702751738736014,0.8862201693610469,0.8972109056722031,0.8803813038130381,0.8887164364426511,0.8638629283489097,0.8051684088269454,0.8334836188758642,0.8117721120553981,0.8120277078085643,0.811899889815835
10,0.1,0.9016230539913879,0.8677080012751036,0.8843404808317089,0.8972148541114059,0.8788567716791166,0.887940935192781,0.8610837438423645,0.8025711662075299,0.8307984790874525,0.8074245939675174,0.8074245939675174,0.8074245939675174
