,filter_abundance,precision_by_num_reads,recall_by_num_reads,F1_by_num_reads,precision_by_nts,recall_by_nts,F1_by_nts,precision_by_mean_cov,recall_by_mean_cov,F1_by_mean_cov,precision_by_med_cov,recall_by_med_cov,F1_by_med_cov
0,0.0,0.9620821180166031,0.9726664398321424,0.967345327392702,0.9469183439357597,0.9958324193902172,0.9707596087026248,0.9469183439357597,0.9958324193902172,0.9707596087026248,0.8111377620189801,0.9993575742001799,0.8954639650011513
1,0.01,0.9415887850467289,0.9041666666666667,0.922498364944408,0.9378540486504499,0.9068793297889479,0.9221066426406749,0.9357476635514018,0.8863420803035094,0.9103750608865077,0.881592039800995,0.9074769545920109,0.8943472409152086
2,0.02,0.9190521327014218,0.882417182380779,0.9003621506175133,0.9122641509433962,0.888296895094617,0.900121009029135,0.9060136157337367,0.8610711718188354,0.882970880943605,0.8557241896196365,0.8769201228878648,0.8661925082977714
3,0.03,0.9129710597543202,0.8798154093097913,0.8960866455502198,0.9071993341656263,0.8850994721883881,0.8960131524866419,0.8978302085527702,0.8422924901185771,0.8691750790251861,0.8579982891360137,0.8449873631002527,0.8514431239388794
4,0.04,0.9006071508882393,0.8738817368535894,0.8870431893687709,0.8976025095227426,0.8856953349546761,0.8916091698197195,0.8893988067921065,0.8296232876712328,0.8584717607973422,0.8378378378378378,0.839761248852158,0.8387984407246045
5,0.05,0.8994670542635659,0.8736470588235294,0.8863690618285986,0.8965600775193798,0.8830827964686232,0.8897704050967664,0.8808754041283263,0.8129446867110397,0.8455478634518979,0.8320764203117145,0.8207289858666006,0.8263637498439645
6,0.06,0.9027959237000261,0.8698388721047331,0.8860110270547505,0.9009458749343142,0.8760858456821666,0.8883419689119172,0.8802666666666666,0.8068931801515522,0.8419844407601071,0.834325933946941,0.8095613343840294,0.8217570990534596
7,0.07,0.8994723687864482,0.8681318681318682,0.8835242771412986,0.8961581291759465,0.8763953171794173,0.8861665519614589,0.8736574335782928,0.8011923276308969,0.8358572201189833,0.8249275362318841,0.8030474040632054,0.8138404346582786
8,0.08,0.9005328596802842,0.8646958499147243,0.8822505800464037,0.8957838479809976,0.8717133776365212,0.883584712256553,0.8682008368200836,0.7954545454545454,0.830237210631609,0.8182912154031288,0.8044957113280095,0.8113348247576436
9,0.09,0.9019116264493889,0.8645238810453589,0.8828220858895705,0.899120050282841,0.8741216009776963,0.8864446165762975,0.866812911313068,0.7984988452655889,0.8312546957175055,0.8203324808184144,0.8011239463003434,0.8106144368978044
10,0.1,0.9034391534391535,0.8648306426084204,0.8837134077308749,0.9015904572564613,0.876610824742268,0.8889251878471087,0.8590078328981723,0.7995139732685298,0.8281938325991188,0.8083670715249662,0.8061911170928667,0.807277628032345
