,filter_abundance,precision_by_num_reads,recall_by_num_reads,F1_by_num_reads,precision_by_nts,recall_by_nts,F1_by_nts,precision_by_mean_cov,recall_by_mean_cov,F1_by_mean_cov,precision_by_med_cov,recall_by_med_cov,F1_by_med_cov
0,0.0,0.9545350172215844,0.9706946876824285,0.9625470332850941,0.9418814296319864,0.9942901925660547,0.9673765045476824,0.9418814296319864,0.9942901925660547,0.9673765045476824,0.7403754374801146,0.9995704467353952,0.8506671540851763
1,0.01,0.9457013574660633,0.8902359108781127,0.9171308016877637,0.9434812760055479,0.8974274406332454,0.9198782961460447,0.9352593108249216,0.8669140183900629,0.8997907074089577,0.8412954016818751,0.8881752927842841,0.8640999724340714
2,0.02,0.9264444882666141,0.8782950084127874,0.9017274472168907,0.9235177865612648,0.8823640483383686,0.9024719969100039,0.9131381084289671,0.8478780084512217,0.8792988472897018,0.8315412186379928,0.8685524126455907,0.8496439471007121
3,0.03,0.9180759938502087,0.8659622954215869,0.8912579957356077,0.9130718954248366,0.8771452490581834,0.8947480785653288,0.9048355045263855,0.8300587401255823,0.8658356222269173,0.8181418844717768,0.8439057544177617,0.8308241329318613
4,0.04,0.9161690948172916,0.8643533123028391,0.8895072463768116,0.9160048134777377,0.8685531720675491,0.8916481199484597,0.9022666341701194,0.8123765635286373,0.8549653579676676,0.8284142071035517,0.8115657926978682,0.8199034533976978
5,0.05,0.9179260031266284,0.8557201846004372,0.8857322438717787,0.9139055570049569,0.8621708097464927,0.8872847011144883,0.895514511873351,0.7995288574793875,0.8448039825762289,0.8120468488566648,0.8131806757888858,0.812613366820148
6,0.06,0.9161326274728336,0.8544698544698545,0.8842275110931826,0.9112409571508069,0.8641160949868074,0.8870530877573131,0.8924972004479284,0.8014077425842132,0.8445033112582782,0.8085867620751341,0.8047477744807122,0.8066627007733492
7,0.07,0.9133928571428571,0.8494326044838084,0.8802524021224724,0.9100149476831091,0.85577734045544,0.8820631700956244,0.8850267379679144,0.7958856532193428,0.8380925587283725,0.8023839397741531,0.8018808777429467,0.8021323298839762
8,0.08,0.9088909833490418,0.8493834409864944,0.8781302170283807,0.9070935342121783,0.8619147032508202,0.8839272059948006,0.8745306633291614,0.7908885116015846,0.8306092124814263,0.793827971109652,0.8049267643142477,0.7993388429752066
9,0.09,0.906146728354263,0.8502325581395349,0.8772996320588705,0.9005270092226614,0.8627327232565478,0.8812248186946011,0.8711475409836066,0.7938452345383926,0.8307018915116461,0.7873070325900514,0.8052631578947368,0.7961838681699913
10,0.1,0.8987993138936535,0.8567691301504251,0.8772810982755734,0.896444597859855,0.8648018648018648,0.8803389830508475,0.8691910499139415,0.7940251572327044,0.8299096138044372,0.7780575539568345,0.7963917525773195,0.7871179039301309
