,filter_abundance,precision_by_num_reads,recall_by_num_reads,F1_by_num_reads,precision_by_nts,recall_by_nts,F1_by_nts,precision_by_mean_cov,recall_by_mean_cov,F1_by_mean_cov,precision_by_med_cov,recall_by_med_cov,F1_by_med_cov
0,0.0,0.9648495313270844,0.9499696417729204,0.9573517714005996,0.9447785675232367,0.9936745255894192,0.968609865470852,0.9447785675232367,0.9936745255894192,0.968609865470852,0.5670858392564243,0.9994218539217575,0.723594251430166
1,0.01,0.9423597025016903,0.901082915791175,0.9212591919358838,0.9395465994962217,0.9084266926449099,0.9237246161466073,0.934489727180869,0.8848668473927603,0.9090015562290114,0.6712328767123288,0.8817480719794345,0.7622222222222222
2,0.02,0.917193789534215,0.8786265148733015,0.8974960142549,0.9139352118075522,0.8811679911291813,0.8972525404591644,0.9084439315252933,0.855151185949665,0.8809923521731021,0.6712328767123288,0.8817480719794345,0.7622222222222222
3,0.03,0.9089951548346324,0.8701351078846542,0.8891407376880281,0.9047317279256443,0.8739032850438686,0.8890503373118837,0.8955797565663036,0.8347929936305732,0.8641186772432266,0.6624300965937977,0.8151391929934313,0.7308932828495303
4,0.04,0.905578417924097,0.869975840105425,0.8874201859527276,0.8991367560199909,0.8791648156374945,0.8890386343216532,0.8898719441210711,0.8233520034467902,0.855320577374958,0.6624300965937977,0.8151391929934313,0.7308932828495303
5,0.05,0.8979343863912516,0.8722851746931067,0.8849239612022514,0.900417998524711,0.8773358888356493,0.8887270962261862,0.8793276467636728,0.8090951061865189,0.8427506612166386,0.6580961126415672,0.7895703268453911,0.7178631051752922
6,0.06,0.901821060965954,0.8639696586599241,0.8824896694214875,0.8950276243093923,0.8732032854209446,0.8839807717292454,0.8759398496240601,0.8018682399213373,0.8372689938398357,0.6580961126415672,0.7895703268453911,0.7178631051752922
7,0.07,0.8975582374403592,0.8601398601398601,0.8784507622579315,0.8919675342849146,0.8714793546622915,0.8816044260027662,0.8721395881006865,0.7942172440739776,0.8313565098841172,0.6580961126415672,0.7895703268453911,0.7178631051752922
8,0.08,0.8972156398104265,0.8649343232438607,0.8807792963070659,0.8935665579602727,0.8743835219031042,0.8838709677419354,0.8646549148491186,0.7963676389653275,0.8291075777109296,0.662594322673374,0.7738145195132187,0.7138985675571041
9,0.09,0.8958203368683718,0.8658426288815194,0.8805764218917675,0.891494684177611,0.8745398773006134,0.8829358934654691,0.8633811603243917,0.802784222737819,0.831980763450556,0.662594322673374,0.7738145195132187,0.7138985675571041
10,0.1,0.8960396039603961,0.8646496815286624,0.8800648298217181,0.8910825929582099,0.8760918796505985,0.8835236541598693,0.8588196935115748,0.8037839487335978,0.830390920554855,0.6465979381443299,0.741371158392435,0.690748898678414
