,filter_abundance,precision_by_num_reads,recall_by_num_reads,F1_by_num_reads,precision_by_nts,recall_by_nts,F1_by_nts,precision_by_mean_cov,recall_by_mean_cov,F1_by_mean_cov,precision_by_med_cov,recall_by_med_cov,F1_by_med_cov
0,0.0,0.9529759947385729,0.9790540540540541,0.9658390268288619,0.9420184628150606,0.9972548588997474,0.9688500106678045,0.9421221864951769,0.9972551602986386,0.9689050082671076,0.8281298620475055,0.9996243896331539,0.9058316314953484
1,0.01,0.9474771827105218,0.8984323971260614,0.9223032436509933,0.9443203299536003,0.903485695494903,0.9234518107722041,0.937532355478861,0.8741753821399839,0.9047460449625313,0.8959507042253522,0.8848895844201009,0.8903857930189835
2,0.02,0.9297758381273556,0.8755837847935737,0.9018664614200501,0.9269986113866296,0.8807010931021485,0.9032569827002995,0.9158376442499006,0.8442773294203962,0.8786027867913725,0.8899858956276445,0.8489333077070921,0.8689750147550658
3,0.03,0.9186885245901639,0.8685678859268444,0.892925430210325,0.9145969498910675,0.8771416631842875,0.8954778156996588,0.9049303559584346,0.8280396520331782,0.8647792098035074,0.875,0.8390977443609022,0.8566728807983331
4,0.04,0.9239808153477218,0.8662320143884892,0.8941749825945694,0.9214885954381753,0.8748575336220652,0.8975678203928904,0.9085127201565558,0.814116615519509,0.858728323699422,0.8827483196415236,0.8142365097588978,0.8471094123268037
5,0.05,0.9198859217008037,0.8601212121212122,0.8890002505637686,0.9146784232365145,0.8676506765067651,0.8905441232167655,0.8970395598637674,0.8054575394024935,0.8487853247397126,0.859497645211931,0.8149342594889606,0.8366229466445945
6,0.06,0.915273132664437,0.8525441329179647,0.8827956989247311,0.9118549511854951,0.8618507777484841,0.8861480075901328,0.8906599552572707,0.7996485061511424,0.8427040613837808,0.8577916548396253,0.809103078982597,0.8327362909892532
7,0.07,0.9173848439821694,0.8534697262925076,0.8842738470352334,0.912797619047619,0.8617589210452374,0.8865442983090043,0.8880331753554502,0.8001067520683213,0.841780148813702,0.8616732105104198,0.8020804048355356,0.8308095515433896
8,0.08,0.9143576826196473,0.8516129032258064,0.8818706346796233,0.9111251181846832,0.8619558735837806,0.8858587406159032,0.8799624882775867,0.7956472583380441,0.8356835386670624,0.851510333863275,0.8001195100089632,0.825015403573629
9,0.09,0.9069536423841059,0.8493023255813954,0.8771817453963172,0.9043189368770764,0.8586750788643533,0.880906148867314,0.8744232036914964,0.7917039689644882,0.8310101801096319,0.8491451558833389,0.8028526148969889,0.8253502769631801
10,0.1,0.9073881373569199,0.8551814318404708,0.880511612251767,0.9031811894882434,0.8695073235685752,0.886024423337856,0.8700311095748358,0.7907634307257304,0.8285055957867018,0.8413817412759957,0.7980608492143096,0.8191489361702128
