,filter_abundance,precision_by_num_reads,recall_by_num_reads,F1_by_num_reads,precision_by_nts,recall_by_nts,F1_by_nts,precision_by_mean_cov,recall_by_mean_cov,F1_by_mean_cov,precision_by_med_cov,recall_by_med_cov,F1_by_med_cov
0,0.0,0.9493435448577681,0.9861347880440959,0.9673894865934555,0.9424856994279771,0.9972488169913063,0.9690942145225111,0.9424856994279771,0.9972488169913063,0.9690942145225111,0.840665626625065,0.999381800197824,0.9131785573066712
1,0.01,0.9268883150419626,0.9239060489060489,0.9253947792458912,0.9224555735056543,0.9266471924699773,0.9245466321243523,0.9207968901846453,0.9036719122556033,0.9121540312876053,0.8748151798915722,0.908703071672355,0.8914371808822299
2,0.02,0.9147329650092081,0.9115434024591669,0.9131353984741245,0.9101289134438306,0.9167130402522723,0.9134091119120229,0.8984649528389125,0.8789578433146372,0.8886043533930857,0.8595776213412375,0.887189292543021,0.8731652239367707
3,0.03,0.9062563684532301,0.9018454674508213,0.904045537710917,0.9002032520325203,0.909258879080271,0.9047084056786846,0.884102564102564,0.8594217347956131,0.8715874620829119,0.8495976892923458,0.8676780446691951,0.8585426873762119
4,0.04,0.9027870680044593,0.8934245366284201,0.8980814017966063,0.8975957257346393,0.9016100178890877,0.8995983935742973,0.8803708729081864,0.84100237632318,0.860236437962656,0.8437571071184898,0.8489702517162472,0.8463556518763545
5,0.05,0.9022988505747126,0.8958630527817404,0.8990694345025053,0.8996398559423769,0.9037626628075254,0.9016965467452772,0.8764263170672494,0.836810384793695,0.856160322542393,0.8431372549019608,0.8393872003953546,0.8412580485388808
6,0.06,0.9018848437903434,0.8888040712468194,0.8952966807638087,0.8984274297499355,0.9002841642986309,0.8993548387096775,0.8789459953039395,0.8330860534124629,0.8554018027167704,0.8413612565445027,0.8363257871454592,0.8388359650267518
7,0.07,0.8957423580786026,0.8896719978313906,0.8926968584251326,0.8936521022258862,0.8951279933938894,0.8943894389438942,0.871978021978022,0.8339464004203888,0.8525382755842063,0.8220858895705522,0.8262331838565022,0.8241543192619513
8,0.08,0.8963220388068346,0.8898792409430707,0.8930890203433847,0.8925979680696662,0.8985973115137347,0.8955875928352992,0.8607484769364665,0.825083426028921,0.8425386908987648,0.8155056834742058,0.8251253317605426,0.8202873057754325
9,0.09,0.8960562519107307,0.8911523259349347,0.8935975609756097,0.8892966360856269,0.8991960420531849,0.8942189421894218,0.8545731707317074,0.8227179336659818,0.838343053686257,0.8111801242236025,0.8172715894868585,0.8142144638403991
10,0.1,0.8925673482635508,0.881975625400898,0.8872398773995805,0.8844415752098128,0.8945478289258897,0.8894659957799059,0.8478891395423783,0.813543599257885,0.8303613697333122,0.8042704626334519,0.8148148148148148,0.8095083034842071
