,filter_abundance,precision_by_num_reads,recall_by_num_reads,F1_by_num_reads,precision_by_nts,recall_by_nts,F1_by_nts,precision_by_mean_cov,recall_by_mean_cov,F1_by_mean_cov,precision_by_med_cov,recall_by_med_cov,F1_by_med_cov
0,0.0,0.9910236220472441,0.7200228832951945,0.8340622929092115,0.9932283464566929,0.7002331519928944,0.821384384971023,0.9932283464566929,0.7002331519928944,0.821384384971023,0.9470866141732284,0.7875851231011001,0.86000286000286
1,0.01,0.8935433070866142,0.8979268871656908,0.8957297339963691,0.8903937007874015,0.9024740622505986,0.8963931827189853,0.8862992125984251,0.8795124238162213,0.8828927759039924,0.795748031496063,0.900392017106201,0.8448419996656078
2,0.02,0.9402119576084783,0.8462922966162707,0.8907833664866913,0.9364127174565087,0.851299763679331,0.8918301275947438,0.9170165966806638,0.8129764226201028,0.8618680699116708,0.864627074585083,0.8267686424474188,0.8452741667481184
3,0.03,0.8952209558088382,0.8870616207648108,0.8911226114649681,0.8908218356328734,0.8931435445068163,0.8919811792972269,0.8758248350329934,0.8526377262993965,0.8640757545867034,0.8050389922015597,0.8652482269503546,0.834058421379739
4,0.04,0.8538292341531694,0.9178847807394669,0.8846990572878898,0.8478304339132173,0.9233449477351916,0.8839779005524862,0.9094393866794441,0.7986534820113612,0.8504536798476532,0.8413991375179684,0.7994536763032096,0.8198902766429322
5,0.05,0.9010541447053186,0.8693943596856218,0.8849411764705885,0.8972208912314327,0.8772546263762006,0.8871254293497572,0.8780546238620028,0.8256364045956296,0.8510391269011958,0.8112122664111164,0.8192596177111058,0.8152160828217165
6,0.06,0.8715860086248203,0.898049864231054,0.8846200607902734,0.8653569717297557,0.9050363317464295,0.8847519902020822,0.8449928126497365,0.8453978906999041,0.8451953031392284,0.7640153330138956,0.839652448657188,0.8000501756146513
7,0.07,0.9107291377876352,0.8626575630252101,0.8860418071476737,0.9090657055724979,0.8751000800640513,0.8917595866195268,0.8724701968394788,0.7987309644670051,0.8339737644096992,0.8012198502911007,0.7954858243875584,0.798342541436464
8,0.08,0.8835597449403937,0.887249443207127,0.8854007501041811,0.878569448294982,0.896971412397396,0.8876750700280112,0.845855281397283,0.817524115755627,0.8314484262161057,0.7751594122539507,0.8135001454757056,0.7938671209540034
9,0.09,0.8550041585805378,0.9065255731922398,0.8800114138964189,0.8486276684225118,0.9153708133971292,0.8807365846640771,0.8222899916828389,0.8369074492099323,0.8295343308628165,0.7979861548143486,0.7712895377128953,0.7844107639962883
10,0.1,0.8873505349276274,0.8730650154798761,0.8801498127340824,0.8823159219634991,0.883706271667192,0.8830105495197607,0.8467589679043424,0.7982794423019876,0.8218048557031608,0.7646318439269981,0.7905009759271308,0.7773512476007677
