,filter_abundance,precision_by_num_reads,recall_by_num_reads,F1_by_num_reads,precision_by_nts,recall_by_nts,F1_by_nts,precision_by_mean_cov,recall_by_mean_cov,F1_by_mean_cov,precision_by_med_cov,recall_by_med_cov,F1_by_med_cov
0,0.0,0.7268727194676969,0.7665233137166139,0.7461716426131983,0.73223867782786,0.7512662409160977,0.7416304347826086,0.7321313586606568,0.7511561330103501,0.7415217391304347,0.7021893110109465,0.7996822292837937,0.7477714285714285
1,0.01,0.7739760660711276,0.7411233053582956,0.7571935031742105,0.7724591269172425,0.7452032520325204,0.758586443763966,0.7648744311478173,0.7211187033211505,0.7423523638148208,0.7966633954857704,0.6682581494896279,0.7268331990330378
2,0.02,0.8394258802422068,0.6874196510560147,0.7558562197092084,0.8389773491814309,0.6940630797773655,0.7596710325921413,0.8284368692531958,0.6675099385616191,0.739317522265586,0.8073559093967257,0.67618332081142,0.7359705611775529
3,0.03,0.8778941565600882,0.6444759206798867,0.7432905484247374,0.8773428886438809,0.6519868906185989,0.7480611045828437,0.8632855567805954,0.6221692491060786,0.7231586238743939,0.847574421168688,0.6338899196042053,0.7253213822384714
4,0.04,0.8925570228091236,0.6539138082673702,0.7548223350253805,0.8925570228091236,0.6625083537536199,0.7605165579849124,0.8920933246921582,0.5915341641598625,0.7113695090439277,0.8736228127025275,0.6017857142857143,0.7126619085381972
5,0.05,0.9194959747987399,0.6213339640491958,0.7415666901905433,0.9191459572978649,0.6298872631326458,0.7475092513521207,0.896394819740987,0.5896845498503339,0.7113888888888888,0.8778438921946097,0.5992831541218638,0.7122976427151377
6,0.06,0.9254451038575667,0.63052817791256,0.7500375770329175,0.9239614243323442,0.6393737166324436,0.7557645631067961,0.9123427672955975,0.5688725490196078,0.7007850241545894,0.889937106918239,0.5766683647478349,0.6998454404945904
7,0.07,0.9357912178956089,0.6072580645161291,0.7365503749592436,0.9337199668599834,0.615678776290631,0.7420576131687242,0.9072079536039768,0.5688311688311688,0.6992337164750957,0.8864954432477217,0.5782221021345583,0.6999182338511857
8,0.08,0.9370112945264987,0.6145299145299146,0.7422573984858912,0.9344048653344917,0.623117033603708,0.7476538060479666,0.9061685490877498,0.5722908093278464,0.7015301832856903,0.8933454876937101,0.5608011444921316,0.6890490420108982
9,0.09,0.948926014319809,0.5984346779048766,0.7339856008860993,0.9451073985680191,0.6066176470588235,0.7389438328046276,0.9174224343675418,0.5556519225209599,0.6921137918617213,0.8949880668257757,0.5654402895054282,0.6930327111439659
10,0.1,0.9520833333333333,0.579581483830057,0.7205360662199447,0.9541666666666667,0.5917312661498708,0.7304625199362041,0.9103206412825652,0.5521118201154664,0.6873463211651221,0.8989583333333333,0.5481105112734201,0.6810021700532649
