,filter_abundance,precision_by_num_reads,recall_by_num_reads,F1_by_num_reads,precision_by_nts,recall_by_nts,F1_by_nts,precision_by_mean_cov,recall_by_mean_cov,F1_by_mean_cov,precision_by_med_cov,recall_by_med_cov,F1_by_med_cov
0,0.0,0.7282546901648664,0.7397782397782398,0.7339712370366127,0.7339397384877772,0.720343711639326,0.72707817075918,0.7338260375213189,0.7202321169512331,0.7269655327776525,0.6769755542922115,0.800484001075558,0.7335674243824308
1,0.01,0.796741947426879,0.6955397543632837,0.7427092320966351,0.7965568308034061,0.7000162680982593,0.7451727422287645,0.788781932617549,0.6782871696911812,0.7293735022252654,0.7365790447982229,0.7174540209159754,0.726890756302521
2,0.02,0.8266695957820738,0.6930018416206262,0.753957122821078,0.8271089630931459,0.6973513613632154,0.756707868555924,0.8110720562390158,0.6672691125971444,0.7321764997521071,0.7706502636203867,0.6810328091632692,0.723075337524477
3,0.03,0.8849002849002849,0.6287449392712551,0.7351479289940829,0.8834757834757835,0.6344108019639935,0.7385091688497263,0.8655270655270655,0.6033763654419066,0.7110590988882388,0.811965811965812,0.623768877216021,0.7055328629780914
4,0.04,0.898326491948216,0.6241772707327775,0.7365695792880259,0.8961161982949163,0.6310873915943963,0.7406054279749479,0.8762235554152195,0.5961331901181526,0.7095372027614422,0.8392671966816454,0.5868987188784143,0.6907539118065433
5,0.05,0.9097822329761494,0.620754716981132,0.7379784102060843,0.9108192188040097,0.6308355278908307,0.7454031117397454,0.88247493950916,0.5878425051807507,0.7056384742951907,0.8453492715726559,0.5716089921697398,0.6820373719107896
6,0.06,0.9144564811355995,0.6172465960665658,0.7370164082492849,0.9159506910720956,0.6277521761392729,0.7449491113474099,0.9046849757673667,0.5491542044618779,0.6834477498093059,0.8521809369951535,0.5596816976127321,0.6756324047390331
7,0.07,0.9354838709677419,0.5834227467811158,0.7186519081447217,0.9350537634408602,0.5923705722070844,0.7252710592160134,0.9109677419354839,0.5498442367601246,0.6857697911607578,0.8473118279569892,0.5614135081219721,0.6753513884127528
8,0.08,0.9395881006864989,0.5825766174801362,0.719215274128569,0.9372997711670481,0.5917364923432534,0.7254693588381155,0.9135011441647597,0.5469991778569471,0.6842646554679465,0.8494279176201373,0.5546921697549313,0.6711263785933828
9,0.09,0.9388646288209607,0.5798621516332034,0.7169321971100406,0.9369238233867054,0.5892584681110772,0.7234919445485202,0.9107229500242601,0.5413902509374099,0.6790882778581766,0.8550873586844809,0.5267489711934157,0.6519098922624877
10,0.1,0.9445043103448276,0.5529968454258675,0.6975726223637086,0.943426724137931,0.563203602444516,0.7053373615307149,0.915948275862069,0.5151515151515151,0.6594259115593483,0.8507543103448276,0.5249335106382979,0.6492598684210527
