,filter_abundance,precision_by_num_reads,recall_by_num_reads,F1_by_num_reads,precision_by_nts,recall_by_nts,F1_by_nts,precision_by_mean_cov,recall_by_mean_cov,F1_by_mean_cov,precision_by_med_cov,recall_by_med_cov,F1_by_med_cov
0,0.0,0.9899544812431329,0.7196485623003195,0.8334324413610836,0.9913671323183174,0.6992139931362781,0.8200467411062062,0.9913671323183174,0.6992139931362781,0.8200467411062062,0.9532255532883378,0.7915797705943691,0.8649149042227444
1,0.01,0.8786689687647151,0.9139591836734694,0.895966709346991,0.8766284727672264,0.9194929206453737,0.8975492165528324,0.8694082561607283,0.8919484702093398,0.8805341387807011,0.8169832051483283,0.9000518761888293,0.8565081454665131
2,0.02,0.9195811104524797,0.8689320388349514,0.8935394067389845,0.9178028057696107,0.8762497641954349,0.8965450685195908,0.9025884212606204,0.8384728340675477,0.8693500808830525,0.8280972139893301,0.8584596476853749,0.8430051292366488
3,0.03,0.8680102746492788,0.9072697232548533,0.8872058972028678,0.8646512546927485,0.9147157190635451,0.8889791772473338,0.8531910689587038,0.874089068825911,0.8635136486351365,0.7871962062833432,0.8808313066548751,0.8313856427378964
4,0.04,0.9068192433442317,0.8727804000899079,0.8894742870232506,0.9035497431106959,0.882124943000456,0.8927088140286109,0.8797290985520785,0.8262776924764202,0.8521660445650944,0.812704343764596,0.832735104091888,0.8225978016782886
5,0.05,0.8717888836992059,0.9054086829978171,0.8882807852468769,0.8664175618869687,0.9131183854294856,0.8891551827441582,0.844465203176086,0.8510237702988939,0.8477318016645177,0.7888836992059786,0.8500251635631605,0.8183139534883721
6,0.06,0.9060221442073995,0.8727887617065556,0.8890950046376044,0.9000810153929246,0.8791875494592456,0.8895116092874299,0.8741560896570348,0.813112283345893,0.8425299323269132,0.8123143397245477,0.813632675142007,0.8129729729729729
7,0.07,0.8787469619227654,0.9003873824017709,0.8894355610222769,0.8706454226302998,0.9061270376616076,0.8880319515218289,0.8482311639211451,0.8384943940202884,0.8433346757954087,0.782608695652174,0.8341968911917098,0.8075797687055872
8,0.08,0.8441803942749122,0.9177921315325895,0.8794485862990574,0.8395895220091818,0.927229346853564,0.8812358276643991,0.822576289495004,0.8611817924795024,0.8414364640883978,0.7974296205630355,0.800860479409957,0.7991413676786262
9,0.09,0.8809669522643819,0.893544382371198,0.887211093990755,0.8751529987760098,0.9024928999684443,0.8886127077831288,0.8414932680538556,0.8208955223880597,0.8310667875491087,0.7717258261933905,0.8193632228719948,0.7948313898518752
10,0.1,0.852203182374541,0.911023879620543,0.8806324110671936,0.8473072215422277,0.922077922077922,0.883112741189603,0.8157894736842105,0.837574615142947,0.8265385211595102,0.7862257074667576,0.7959958577839144,0.7910806174957118
