,filter_abundance,precision_by_num_reads,recall_by_num_reads,F1_by_num_reads,precision_by_nts,recall_by_nts,F1_by_nts,precision_by_mean_cov,recall_by_mean_cov,F1_by_mean_cov,precision_by_med_cov,recall_by_med_cov,F1_by_med_cov
0,0.0,0.9956927494615937,0.6628434886499402,0.7958685984794147,0.9989231873653984,0.6351706036745407,0.7765608650156959,0.9989231873653984,0.6350981287083524,0.7765066964285714,0.9068557071069634,0.7667678300455235,0.8309488570958724
1,0.01,0.924802584350323,0.8370695256660169,0.8787517053206003,0.9237257717157215,0.841563113145847,0.8807323750855578,0.9176238334529792,0.8192597340169845,0.8656564801489884,0.8137114142139268,0.8386977432482426,0.8260156676990345
2,0.02,0.8641421392677674,0.8880486905201033,0.8759323267236674,0.8609117013639627,0.8944620548200634,0.8773662551440329,0.8539124192390524,0.8635208711433757,0.858689767190038,0.7340272792534099,0.8715107607074366,0.7968826108134438
3,0.03,0.9367455335586673,0.7889385929239529,0.8565121412803534,0.9333655239014969,0.7958007410456979,0.8591111111111113,0.9133268952197007,0.7543369890329013,0.8262531396745658,0.785610816030903,0.7873215581901766,0.7864652567975831
4,0.04,0.9060840173829068,0.8288427561837456,0.8657439446366781,0.9034282955094157,0.8367620751341681,0.8688182029254702,0.8819410912602608,0.7884739909345996,0.8325925925925926,0.7334620956059874,0.816227834497582,0.7726347914547305
5,0.05,0.876871076774505,0.8618889416231609,0.8693154619435136,0.870593915982617,0.8687063358226933,0.8696491016519956,0.8478995654273298,0.8122109158186864,0.8296716276872195,0.7334620956059874,0.816227834497582,0.7726347914547305
6,0.06,0.8408981168517624,0.8835616438356164,0.8617021276595744,0.8341380975374215,0.8904639175257731,0.8613812016953379,0.8194109126026075,0.8353433423578637,0.8273004265691651,0.6815548044422984,0.8384318384318384,0.7518977227327207
7,0.07,0.8066151617576051,0.9019978401727862,0.8516441498852918,0.8005794302269436,0.9099890230515917,0.851785255586951,0.8734558601988551,0.7561293688054251,0.8105689920313156,0.7258210304308527,0.7808752025931929,0.7523422860712055
8,0.08,0.8843025007532389,0.8390508862206976,0.8610825876485259,0.8794817716179573,0.8492871690427699,0.8641207815275312,0.8520638746610425,0.7788488019829248,0.8138129496402877,0.7258210304308527,0.7808752025931929,0.7523422860712055
9,0.09,0.8571858993672793,0.8592570220477197,0.8582202111613877,0.8514612835191323,0.8690036900369004,0.8601430528077918,0.8264537511298584,0.7959953569355774,0.8109386548410937,0.6926785176257909,0.8010452961672474,0.7429310066246567
10,0.1,0.8294667068394095,0.8764724609996817,0.8523219814241487,0.8276589334136788,0.8907263294422828,0.8580352959550211,0.808677312443507,0.8192918192918193,0.8139499620924943,0.7240497076023392,0.7467018469656992,0.7352013360549268
