,filter_abundance,precision_by_num_reads,recall_by_num_reads,F1_by_num_reads,precision_by_nts,recall_by_nts,F1_by_nts,precision_by_mean_cov,recall_by_mean_cov,F1_by_mean_cov,precision_by_med_cov,recall_by_med_cov,F1_by_med_cov
0,0.0,0.9965613230718847,0.7055413865059124,0.8261725378402226,0.9981987882757491,0.6816504528681651,0.8100996677740864,0.9981987882757491,0.6814980435997764,0.8099920276375233,0.9611920746684133,0.778721146192624,0.8603884206669109
1,0.01,0.9020795808089078,0.8920012953367875,0.8970121305869903,0.8991321434419518,0.8954664057403784,0.8972955306806111,0.894383494350745,0.8726633647547531,0.883389940158499,0.8174226297691174,0.8917470525187567,0.8529688167449809
2,0.02,0.9367351171956025,0.8310636731689364,0.8807411019015116,0.9327940261356565,0.8366511627906976,0.8821106316202433,0.9205559012652976,0.8034033309196235,0.8579990333494443,0.8502385397220493,0.8360187640220273,0.8430686960098723
3,0.03,0.8960796515245799,0.876979293544458,0.8864265927977839,0.8933831155361958,0.8849393877131704,0.889141205615194,0.8765816220701099,0.8411624203821656,0.8585068562722195,0.8201617921593031,0.8508715300193673,0.8352344740177441
4,0.04,0.8574984443061605,0.9111747851002865,0.8835221201111348,0.8516905206388716,0.91733690795353,0.8832956867806819,0.8359261563990873,0.8679732931294422,0.8516483516483516,0.7896701929060361,0.8671981776765376,0.8266203452393877
5,0.05,0.9120823913589551,0.8610386530709034,0.885825811173457,0.9093192665159507,0.8714492055849783,0.8899815611555008,0.8794272795779955,0.8081717451523546,0.8422952002887044,0.8151218286862597,0.8153266331658291,0.8152242180630573
6,0.06,0.8814368249183622,0.8892549417131272,0.8853286236911819,0.8774177342376287,0.8995621941797579,0.8883519837232959,0.8487817131374027,0.8304251658884246,0.8395031055900622,0.7950263752825923,0.8318002628120894,0.8129976881582328
7,0.07,0.8495352926400402,0.9118360744135886,0.8795838751625489,0.8425018839487566,0.919155933132365,0.8791612057667102,0.8788937409024745,0.7864027090388122,0.8300797360461918,0.8101892285298399,0.789727582292849,0.7998275614312401
8,0.08,0.8934497816593886,0.8766066838046273,0.8849480968858131,0.8887918486171761,0.8872420807904678,0.8880162885398487,0.8547307132459971,0.8077028885832187,0.8305516265912306,0.7889374090247453,0.8075089392133492,0.7981151524075983
9,0.09,0.8637554585152838,0.8947527141133896,0.8789808917197451,0.8593886462882097,0.9066339066339066,0.8823793154984307,0.8317321688500727,0.8283560452305015,0.8300406740267285,0.7685589519650655,0.8186046511627907,0.7927927927927929
10,0.1,0.8957298907646475,0.8598665395614872,0.877431906614786,0.8937437934458788,0.8746355685131195,0.8840864440078585,0.8560079443892751,0.7884146341463415,0.8208220917314712,0.7864945382323734,0.786234281932495,0.7863643885487341
