,filter_abundance,precision_by_num_reads,recall_by_num_reads,F1_by_num_reads,precision_by_nts,recall_by_nts,F1_by_nts,precision_by_mean_cov,recall_by_mean_cov,F1_by_mean_cov,precision_by_med_cov,recall_by_med_cov,F1_by_med_cov
0,0.0,0.7301380284751657,0.7581537072565173,0.7438821835898571,0.7364416911205304,0.7423312883435583,0.739374761307218,0.7364416911205304,0.7423312883435583,0.739374761307218,0.6999239213129008,0.7942772570300938,0.7441215552602692
1,0.01,0.782480995162405,0.7275502008032129,0.7540164821443437,0.7831720801658604,0.7326652658800711,0.7570772442588727,0.7731513476157568,0.7066161376914575,0.7383879217886313,0.7513821700069109,0.7281098275573413,0.7395629623331349
2,0.02,0.847775718257646,0.6677007299270074,0.7470396080032667,0.847775718257646,0.6749677181331858,0.7515661908185273,0.8371177015755329,0.6471431130216729,0.7299727245176281,0.8139481000926784,0.6667299297779464,0.7330203442879499
3,0.03,0.8636715724244771,0.6735803463552155,0.7568729494286683,0.8641879679834753,0.6827825377396981,0.7628490028490028,0.8486961012135296,0.6478123768230193,0.7347714317648374,0.8549444286121403,0.6266973052015876,0.7232401157184185
4,0.04,0.9026275115919629,0.6390895163055373,0.7483341875961046,0.9017001545595054,0.6475027746947836,0.7537467700258398,0.8825347758887172,0.6093916755602988,0.720959595959596,0.8556414219474497,0.6288050885960926,0.7248919732879402
5,0.05,0.9093635454848384,0.6430254476908577,0.7533471359558316,0.9096967677440853,0.65311004784689,0.7603397855451887,0.9063845050215208,0.5783932249942779,0.7061617996367193,0.8794835007173601,0.5857620640229336,0.7031832520791511
6,0.06,0.9322876817138485,0.6143181245273507,0.7406169275186142,0.9299923488905891,0.6228542147066359,0.7460487954580328,0.9070390206579954,0.5778698513282964,0.7059699270507667,0.8749043611323641,0.588977594643317,0.7040172387255657
7,0.07,0.9356677524429967,0.6165817011000805,0.7433284813197476,0.9328175895765473,0.6251023192360163,0.7485704950171541,0.9225139905294877,0.5536037199690003,0.6919599612528253,0.8971157985363754,0.5629389519178822,0.6917842323651452
8,0.08,0.9456767768220914,0.5939721353426215,0.7296542088718128,0.9443186962426438,0.6037626628075253,0.7365819209039548,0.9189678587596197,0.5540393013100436,0.6912991656734208,0.8899954730647351,0.5654299683635318,0.6915230390432641
9,0.09,0.9446564885496184,0.5945945945945946,0.7298193881312202,0.941793893129771,0.6038543897216274,0.7358807082945014,0.9198473282442748,0.5548201438848921,0.6921558068569377,0.8859732824427481,0.5617059891107078,0.6875231395779341
10,0.1,0.9491786447638604,0.5849414742170199,0.723820708553533,0.9471252566735113,0.5951612903225807,0.7309825673534073,0.9138187221396731,0.55858310626703,0.693348365276212,0.8824435318275154,0.55008,0.677705499704317
