,filter_abundance,precision_by_num_reads,recall_by_num_reads,F1_by_num_reads,precision_by_nts,recall_by_nts,F1_by_nts,precision_by_mean_cov,recall_by_mean_cov,F1_by_mean_cov,precision_by_med_cov,recall_by_med_cov,F1_by_med_cov
0,0.0,0.993286015729906,0.6365871649864765,0.775904697684873,0.9965470938039517,0.6059015628644739,0.7536084717487487,0.9965470938039517,0.6059015628644739,0.7536084717487487,0.7960867063111452,0.7698015210536079,0.7827235005658243
1,0.01,0.9324765010550546,0.793373592296393,0.8573192239858907,0.9313255323230386,0.7960321364158058,0.8583804809052334,0.9236524074429311,0.7742402315484804,0.8423722883135059,0.6520237866871283,0.8382244143033292,0.7334915839447561
2,0.02,0.8770381737962786,0.8469803630974435,0.8617472434266328,0.8747362363322463,0.8521771631470754,0.8633093525179857,0.8662957989641281,0.8219876228613032,0.843560287662277,0.6520237866871283,0.8382244143033292,0.7334915839447561
3,0.03,0.8302321120276233,0.8823649337410805,0.8555050405218423,0.82428544024554,0.8867106892282295,0.8543592802465455,0.8214080184154997,0.8558864681191285,0.8382928739232578,0.6682887266828873,0.7495451788963008,0.7065885379448336
4,0.04,0.7851525033569922,0.9081428888395828,0.8421810699588479,0.7792058315749089,0.9109665844359722,0.8399503722084367,0.7788221753309035,0.8784076157507572,0.8256227758007118,0.6682887266828873,0.7495451788963008,0.7065885379448336
5,0.05,0.9021357123546905,0.8004317582153994,0.8482460599898323,0.9034874290348743,0.8066618392469225,0.8523335883703137,0.881859962151933,0.756318108045444,0.8142785821268098,0.6682887266828873,0.7495451788963008,0.7065885379448336
6,0.06,0.8775344687753447,0.8255340793489319,0.8507404009959376,0.8721276020546094,0.8333763885300955,0.8523117569352707,0.8548256285482563,0.78035538005923,0.8158947232615147,0.5936739659367397,0.7902123065851026,0.6779870330348873
7,0.07,0.8499594484995945,0.8515709642470206,0.8507644432417807,0.8453636117869695,0.86001100110011,0.852624403544649,0.8283319816166531,0.801255230125523,0.8145686561212281,0.5936739659367397,0.7902123065851026,0.6779870330348873
8,0.08,0.8234658015679913,0.8720297738333811,0.8470522803114572,0.8183292781832928,0.882250072865054,0.8490883590462832,0.8004866180048662,0.8177299088649544,0.8090163934426229,0.6175755470649531,0.7402164862614488,0.6733573186896421
9,0.09,0.7967018113003514,0.8927597697667373,0.8420000000000001,0.7923763179237632,0.9026793963658762,0.8439389576734813,0.772911597729116,0.8318300843759092,0.8012892376681615,0.6175755470649531,0.7402164862614488,0.6733573186896421
10,0.1,0.8888502952414032,0.8183562519987209,0.852147852147852,0.8853768669676971,0.8275974025974026,0.8555126699110589,0.8520319555401181,0.7503823799327012,0.7979830839297334,0.6175755470649531,0.7402164862614488,0.6733573186896421
