,filter_abundance,precision_by_num_reads,recall_by_num_reads,F1_by_num_reads,precision_by_nts,recall_by_nts,F1_by_nts,precision_by_mean_cov,recall_by_mean_cov,F1_by_mean_cov,precision_by_med_cov,recall_by_med_cov,F1_by_med_cov
0,0.0,0.9972277227722772,0.6115361262902247,0.7581482875423411,0.9996039603960396,0.58056354226567,0.734521644234267,0.9996039603960396,0.58056354226567,0.734521644234267,0.777029702970297,0.7562150703411061,0.7664811016700849
1,0.01,0.9396039603960396,0.7669306610635203,0.8445314585743525,0.9394059405940594,0.7702549115116091,0.8464626639307699,0.9328712871287129,0.7512358475522245,0.8322586343962548,0.643960396039604,0.8359897172236503,0.72751677852349
2,0.02,0.8920792079207921,0.8272126331252295,0.8584222560975611,0.8922772277227723,0.8327481057105895,0.8614855176369371,0.8803960396039604,0.8049972840847366,0.8410101201172799,0.643960396039604,0.8359897172236503,0.72751677852349
3,0.03,0.8479207920792079,0.8634805404315387,0.8556299330602458,0.8441584158415841,0.8698224852071006,0.8567983117274647,0.833069306930693,0.8373805732484076,0.8352193766130633,0.6671328671328671,0.7460118861432593,0.7043709391612522
4,0.04,0.805940594059406,0.8939160992752032,0.8476517754868271,0.7994059405940594,0.8967125721901377,0.8452680067001677,0.7952475247524753,0.8651443343386471,0.8287247214197276,0.6671328671328671,0.7460118861432593,0.7043709391612522
5,0.05,0.9172027972027972,0.7740793201133145,0.8395852003584688,0.9132867132867133,0.7822232870148539,0.8426893792747452,0.8951048951048951,0.7386888273314867,0.8094093840900468,0.5938461538461538,0.779654792508263,0.674182280088917
6,0.06,0.8889510489510489,0.8035398230088495,0.8440903054448872,0.8827972027972028,0.8100616016427105,0.8448668183643422,0.8674125874125874,0.762291052114061,0.8114614680099438,0.5938461538461538,0.779654792508263,0.674182280088917
7,0.07,0.8640559440559441,0.8308230231307154,0.8471136706430823,0.8576223776223776,0.8383921246923708,0.8478982300884956,0.8422377622377623,0.7843188330294347,0.812247100080928,0.5938461538461538,0.779654792508263,0.674182280088917
8,0.08,0.8335664335664336,0.8509423186750429,0.8421647590787058,0.8304895104895105,0.8613286916158979,0.8456280262033609,0.8167832167832167,0.8035222894881673,0.8100984880011097,0.6247240618101545,0.7125472093999161,0.6657518133699275
9,0.09,0.8092307692307692,0.8721736508893578,0.8395240858966918,0.8044755244755245,0.8822085889570552,0.8415508412582295,0.7904895104895104,0.8196055684454756,0.8047842802221272,0.6247240618101545,0.7125472093999161,0.6657518133699275
10,0.1,0.7820979020979021,0.8904458598726115,0.8327624720774387,0.7781818181818182,0.9000323519896474,0.8346834683468347,0.7655944055944056,0.8352151357949343,0.7988908347927611,0.5772626931567328,0.7418439716312056,0.6492861576660459
