,filter_abundance,precision_by_num_reads,recall_by_num_reads,F1_by_num_reads,precision_by_nts,recall_by_nts,F1_by_nts,precision_by_mean_cov,recall_by_mean_cov,F1_by_mean_cov,precision_by_med_cov,recall_by_med_cov,F1_by_med_cov
0,0.0,0.9917330067360686,0.7356347944583239,0.8446994393010824,0.9932639314145744,0.7169060773480663,0.8327557438069567,0.9932639314145744,0.7169060773480663,0.8327557438069567,0.9575933864053888,0.7924743443557583,0.8672443674176776
1,0.01,0.8853337415799143,0.9164817749603803,0.900638529824015,0.882118799755052,0.9189792663476875,0.9001718481487267,0.8782914880587875,0.8958463460337289,0.8869820655534941,0.8311390079608083,0.8979490572279193,0.8632532994116713
2,0.02,0.9280933256836871,0.8726847689264521,0.8995366079703428,0.9256071906674316,0.8792007266121707,0.9018073411589342,0.9072480397781603,0.8408365827720666,0.8727807929353325,0.8493019697838975,0.86115958890828,0.8551896784132487
3,0.03,0.8789443488238669,0.9108204518430439,0.8945985401459854,0.8743545611015491,0.9162324649298598,0.8948037968490068,0.8642187798814305,0.8793539599143803,0.8717206790123456,0.8221457257601836,0.8777051857901185,0.8490174780290314
4,0.04,0.9161771351107094,0.8707322310500322,0.892876802818452,0.9109805693628559,0.8776665215498476,0.8940133037694012,0.8926796204247628,0.8310896087505258,0.8607843137254902,0.8445549028468142,0.8314056939501779,0.8379287155346333
5,0.05,0.8800271125169453,0.8989153011770136,0.8893709327548807,0.8755083596927248,0.9072816670568954,0.8911118776589628,0.859918662449164,0.8570141859941455,0.8584639675200181,0.8014008133755084,0.8510076775431862,0.8254596229927855
6,0.06,0.9166666666666666,0.8682782437099161,0.891816569546491,0.9143229166666667,0.8795090180360722,0.8965781409601634,0.8796875,0.809489575844716,0.8431299138899289,0.82109375,0.8086688894588356,0.8148339578756946
7,0.07,0.88828125,0.8957457983193278,0.8919979079497908,0.88359375,0.905282817502668,0.8943068002108591,0.8497395833333333,0.8277524099441907,0.8386019018247237,0.7875,0.8257782632441288,0.8061850173287123
8,0.08,0.8559895833333333,0.9148344002226552,0.8844342795641059,0.8497395833333333,0.923055162659123,0.8848813559322034,0.8205729166666667,0.8438671665773969,0.832057037232638,0.8125182801988886,0.7874149659863946,0.7997696847560098
9,0.09,0.8850541093887101,0.8889541715628673,0.8869998534369045,0.8818367943843229,0.9013452914798207,0.891484328799527,0.8461538461538461,0.8160789844851905,0.8308443423319932,0.778882714243931,0.8035606517803259,0.7910292588742016
10,0.1,0.8581456566247441,0.9080779944289693,0.882406015037594,0.8528809593448377,0.9187145557655955,0.8845745487638405,0.8218777420298333,0.8333333333333334,0.827565896038875,0.7633811055864288,0.8210128971374646,0.7911488329796909
