,filter_abundance,precision_by_num_reads,recall_by_num_reads,F1_by_num_reads,precision_by_nts,recall_by_nts,F1_by_nts,precision_by_mean_cov,recall_by_mean_cov,F1_by_mean_cov,precision_by_med_cov,recall_by_med_cov,F1_by_med_cov
0,0.0,0.7387052853075876,0.7073604361739955,0.7226931460402035,0.7457606139373685,0.6839595867862414,0.7135243960208433,0.7457606139373685,0.6839595867862414,0.7135243960208433,0.6296571357841317,0.781053278059266,0.6972313596491228
1,0.01,0.7629591486440096,0.7162423461166613,0.7388630319148936,0.7631307929969104,0.7212848799480857,0.7416180150125106,0.7540336422931686,0.6966381224230891,0.7242004615891856,0.6687263989014761,0.729724667540738,0.6978952082400358
2,0.02,0.8090692124105012,0.6845970258858087,0.7416467780429595,0.8079843783901063,0.6888642249352571,0.743684473290065,0.7971360381861575,0.6603163191948239,0.7223041384055835,0.7606369094231271,0.6321041214750542,0.6904395213837223
3,0.03,0.851213782302271,0.6577248890681726,0.742063943565821,0.8514748107543723,0.6663942798774259,0.7476506990602796,0.8753026634382567,0.5713156854998025,0.6913698302653599,0.7581719128329297,0.6156303760137626,0.6795063067950631
4,0.04,0.9073569482288828,0.5842105263157895,0.7107790821771611,0.8728813559322034,0.6408888888888888,0.7391081496668375,0.8923705722070845,0.5600684053014109,0.6882059364328869,0.784738041002278,0.5647540983606557,0.6568160152526216
5,0.05,0.896117166212534,0.6205188679245283,0.7332775919732442,0.896117166212534,0.6300287356321839,0.7398762654668166,0.8990129081245254,0.5424971363115693,0.676668095442206,0.784738041002278,0.5647540983606557,0.6568160152526216
6,0.06,0.9111617312072893,0.6057546693589096,0.7277137659187387,0.9085041761579347,0.6135897435897436,0.7324762779308234,0.9105351170568562,0.5313491095389119,0.6710830380526883,0.7851170568561873,0.5600954369221592,0.6537859007832899
7,0.07,0.9239130434782609,0.593607305936073,0.7228127555192151,0.919732441471572,0.6009287080032778,0.7269122749050059,0.9190672153635117,0.5197827773467805,0.6640237859266601,0.7991202346041055,0.527249274427604,0.6353215465319604
8,0.08,0.9336991312299955,0.5811041548093341,0.7163655499035256,0.9295839048925468,0.5891046073601854,0.7211777225966653,0.9085505258344765,0.5430445476906258,0.6797810468696545,0.7850078084331078,0.5234293648038876,0.6280716368179926
9,0.09,0.9413489736070382,0.5788999098286745,0.7169179229480737,0.9413489736070382,0.5898928024502297,0.7252871398983242,0.9159335288367546,0.5399020455200231,0.6793547217690773,0.7850078084331078,0.5234293648038876,0.6280716368179926
10,0.1,0.9432587194169704,0.5741444866920152,0.7138073665550523,0.9427381572097866,0.5847594446238296,0.7218015145476285,0.9141072358146799,0.5321212121212121,0.6726680712507183,0.7937720329024677,0.5125189681335357,0.6228676809589673
