,filter_abundance,precision_by_num_reads,recall_by_num_reads,F1_by_num_reads,precision_by_nts,recall_by_nts,F1_by_nts,precision_by_mean_cov,recall_by_mean_cov,F1_by_mean_cov,precision_by_med_cov,recall_by_med_cov,F1_by_med_cov
0,0.0,0.9912915129151292,0.7588700564971751,0.8596480000000001,0.9933579335793358,0.7380195196841759,0.8468604504844596,0.9933579335793358,0.7380195196841759,0.8468604504844596,0.9706273062730627,0.8026363969242036,0.8786745056119722
1,0.01,0.8643542435424354,0.9419334083963327,0.9014778325123152,0.8594833948339483,0.944985394352483,0.9002087037180182,0.8587453874538745,0.9249602543720191,0.8906238040566399,0.8982100885915748,0.8521440823327616,0.8745709004489042
2,0.02,0.8987524859880672,0.9119427627958173,0.9052995811327627,0.8926053154944856,0.9154459484516967,0.9038813621384109,0.8828421623576207,0.8833212735166426,0.8830816529523466,0.8508407159645633,0.8889308651303363,0.8694688221709006
3,0.03,0.9135699373695199,0.8870869653354957,0.9001337035894271,0.9093945720250521,0.8940886699507389,0.9016766714965845,0.8899791231732777,0.850219385719984,0.8696450428396573,0.8484342379958246,0.8590150073980131,0.8536918390925322
4,0.04,0.8686847599164927,0.9177326863696516,0.8925353925353927,0.8636743215031315,0.9248826291079812,0.8932311346216127,0.8496868475991649,0.8794295592048401,0.864302399660225,0.8146137787056368,0.879224876070302,0.8456870394451669
5,0.05,0.8999044433827043,0.8949869327631267,0.8974389517569983,0.8956043956043956,0.9038090646094503,0.8996880249580034,0.8729096989966555,0.847009735744089,0.8597647058823528,0.8363592928810321,0.8476997578692494,0.8419913419913421
6,0.06,0.8643096034400383,0.9203764945306537,0.8914623629419736,0.8573817486860965,0.9266718306222567,0.8906812259585558,0.8389870998566651,0.8684470820969338,0.8534629404617254,0.7988533205924511,0.8669950738916257,0.8315305234365287
7,0.07,0.8865153538050734,0.8997289972899729,0.8930733019502354,0.8819759679572764,0.9089157952669235,0.8952432578940235,0.8544726301735648,0.8405568689256633,0.8474576271186441,0.8141522029372497,0.8401763571231744,0.8269595877407105
8,0.08,0.8552736982643525,0.92093156986774,0.8868891042503114,0.8507343124165554,0.9307624890446976,0.8889508928571429,0.8272363150867824,0.8615127919911012,0.8440266993597604,0.8247875769118078,0.8269682726204466,0.8258764852574447
9,0.09,0.8798710811602696,0.9130434782608695,0.8961504028648164,0.8763551128039848,0.9245749613601236,0.8998194945848376,0.8452973923234691,0.846537558685446,0.845917020964668,0.8007617931438618,0.8450834879406308,0.8223258612908079
10,0.1,0.89792663476874,0.9031119666345845,0.900511836212412,0.8455903896864928,0.9419060052219321,0.8911533117183883,0.8192206270143568,0.8642967542503864,0.8411552346570397,0.8041467304625199,0.8243950294310006,0.8141450024220894
