,filter_abundance,precision_by_num_reads,recall_by_num_reads,F1_by_num_reads,precision_by_nts,recall_by_nts,F1_by_nts,precision_by_mean_cov,recall_by_mean_cov,F1_by_mean_cov,precision_by_med_cov,recall_by_med_cov,F1_by_med_cov
0,0.0,0.9936096049573974,0.6187145785602315,0.7625770974214163,0.9970952749806352,0.5860459822444799,0.7382078853046595,0.9970952749806352,0.5858459437933781,0.7380491650541102,0.7656855151045701,0.7583429228998849,0.7619965311235305
1,0.01,0.9347405112316034,0.7729383506805444,0.8461740731001842,0.935127807900852,0.778745363651024,0.8498020237571491,0.9269945778466305,0.7538582677165354,0.8315094667361473,0.6219984508133231,0.8386422976501305,0.7142539470758283
2,0.02,0.8793570875290473,0.8370506912442396,0.8576825007082821,0.8793570875290473,0.8359720176730486,0.8571158927897321,0.8741285824941906,0.8078024337866857,0.8396577380952381,0.6219984508133231,0.8386422976501305,0.7142539470758283
3,0.03,0.8309450038729667,0.8710921640276086,0.8505450941526265,0.8301704105344694,0.8734718826405868,0.8512708498808579,0.8264910921766073,0.8423130057233077,0.8343270452546184,0.6425845147219194,0.7552066645305991,0.6943585211371336
4,0.04,0.7881487219209915,0.8968708682238872,0.8390022675736961,0.7850503485670023,0.9004886717014661,0.8388164701013863,0.7829202168861348,0.8661096829477292,0.8224165988608624,0.6425845147219194,0.7552066645305991,0.6943585211371336
5,0.05,0.8991275899672846,0.7796690307328605,0.8351481387693087,0.8944929116684842,0.7873770098392129,0.837523931078494,0.8729552889858233,0.737448180561953,0.7995006242197253,0.5733369683751364,0.7965909090909091,0.6667723525681676
6,0.06,0.8724100327153762,0.810126582278481,0.8401155158834339,0.8661395856052344,0.8175501801338136,0.8411437648927721,0.8486913849509269,0.7654290631915417,0.8049127343244991,0.5733369683751364,0.7965909090909091,0.6667723525681676
7,0.07,0.8454198473282443,0.8372030237580994,0.8412913727618014,0.8388767720828789,0.8444017563117453,0.8416301969365427,0.821701199563795,0.7871506920867067,0.8040549553154595,0.5733369683751364,0.7965909090909091,0.6667723525681676
8,0.08,0.816793893129771,0.8582068175307934,0.8369884062019834,0.8121592148309705,0.8685131195335277,0.8393913778529163,0.7982551799345693,0.8092868988391376,0.8037331869338459,0.6165895336418654,0.7459086993970715,0.6751120639251608
9,0.09,0.7898037077426391,0.8784111582777441,0.83175423485501,0.7838058887677208,0.8873456790123457,0.8323682686740012,0.7707197382769901,0.8251605370694688,0.7970115590639977,0.6165895336418654,0.7459086993970715,0.6751120639251608
10,0.1,0.7641766630316249,0.8986854761141392,0.825990864888758,0.8839444642221431,0.809322033898305,0.8449889399353411,0.7453653217011995,0.8407134071340714,0.7901734104046242,0.5695977216091136,0.7725736359246741,0.6557377049180328
