,filter_abundance,precision_by_num_reads,recall_by_num_reads,F1_by_num_reads,precision_by_nts,recall_by_nts,F1_by_nts,precision_by_mean_cov,recall_by_mean_cov,F1_by_mean_cov,precision_by_med_cov,recall_by_med_cov,F1_by_med_cov
0,0.0,0.9934765314240255,0.7060952165554676,0.8254891591750397,0.9952267303102625,0.6860809476801579,0.8122321776392676,0.9952267303102625,0.6860809476801579,0.8122321776392676,0.9439936356404137,0.777079240340537,0.8524425287356322
1,0.01,0.8930787589498806,0.8903870558375635,0.8917308761617284,0.8903739061256961,0.8950735764555342,0.892717556034139,0.8838504375497216,0.8658042394014963,0.8747342728918984,0.8203659506762132,0.8710930900489947,0.8449688626679775
2,0.02,0.9318321392016377,0.8262842621165366,0.8758899365018279,0.9301944728761515,0.8319296960820213,0.8783222190006765,0.9134083930399182,0.7929625022214324,0.8489345509893454,0.8266120777891505,0.8137847642079806,0.820148268508175
3,0.03,0.8902763561924258,0.8720673751754562,0.8810777957860616,0.8853633572159673,0.877637987012987,0.8814837460511565,0.8710337768679631,0.8344773484997058,0.852363782051282,0.7995905834186284,0.8438107582631238,0.8211057389110784
4,0.04,0.8485158648925282,0.9040348964013086,0.8753959873284055,0.8425793244626407,0.9108209780924983,0.8753721820501915,0.8331627430910952,0.8672490943959088,0.8498642722906661,0.7412487205731833,0.8761190418582143,0.8030605455755156
5,0.05,0.9028330019880716,0.8558303886925795,0.8787035917281414,0.8976143141153081,0.8634950992110925,0.8802241988546362,0.8784791252485089,0.8098510882016037,0.8427702944331863,0.7892644135188867,0.8124840112560757,0.8007059120131097
6,0.06,0.8710238568588469,0.8844309866262932,0.8776762238637785,0.8635685884691849,0.8914828116983068,0.8773037111840443,0.8479125248508946,0.834433846906334,0.8411191914211759,0.7373260437375746,0.8445772843723314,0.7873159081862812
7,0.07,0.8389662027833003,0.9082593489373151,0.8722387288464024,0.8325049701789264,0.9163019693654267,0.8723958333333335,0.8158548707753479,0.8531704781704782,0.8340955284552847,0.7708754695174805,0.7971317597848819,0.7837837837837838
8,0.08,0.8870268708465762,0.8763916642877534,0.8816771970132109,0.8818260618318405,0.8864362474586117,0.884125144843569,0.8494654724068188,0.8092485549132948,0.8288694671553426,0.7506501011268419,0.809598005609224,0.7790104947526236
9,0.09,0.8584224212655301,0.897583081570997,0.8775660906808449,0.8546662814215544,0.9098738849584743,0.8814064362336115,0.8231724934989887,0.8284384995638266,0.8257971014492753,0.7154001733603005,0.831989247311828,0.7693024700947647
10,0.1,0.8884540117416829,0.8683455530761874,0.8782847009511527,0.8819308545335942,0.8782072101331602,0.8800650935720097,0.7951459115862467,0.8433956481765247,0.8185603807257584,0.741030658838878,0.7908109989557953,0.7651119717124095
