,filter_abundance,precision_by_num_reads,recall_by_num_reads,F1_by_num_reads,precision_by_nts,recall_by_nts,F1_by_nts,precision_by_mean_cov,recall_by_mean_cov,F1_by_mean_cov,precision_by_med_cov,recall_by_med_cov,F1_by_med_cov
0,0.0,0.9927842309046111,0.6725885298676523,0.8019048972919183,0.9950721576909539,0.6446978335233752,0.7824522557431497,0.9950721576909539,0.6445508435932512,0.78234398782344,0.8885955649419218,0.7776066533189588,0.8294045174537988
1,0.01,0.915346708905315,0.841313490779683,0.876770060687795,0.9127067933826117,0.8454515813498533,0.8777928232904537,0.9074269623372052,0.824432363287496,0.863941018766756,0.7877507919746568,0.8486916951080774,0.8170865279299014
2,0.02,0.8537486800422387,0.8940287504607446,0.8734245588764854,0.8500527983104541,0.8992738782349655,0.8739708676377453,0.8423090461105245,0.8701818181818182,0.8560186013235558,0.7118972192889828,0.881839982559407,0.7878079657220761
3,0.03,0.928,0.8026048026048026,0.8607594936708862,0.9235294117647059,0.8079456566488267,0.8618796662274925,0.9075294117647059,0.7721721721721722,0.8343969713358572,0.7625882352941177,0.8006422924901185,0.7811520848397203
4,0.04,0.8908235294117647,0.8396540252827678,0.8644822468318301,0.8894117647058823,0.8473436449226631,0.8678682126047526,0.8750588235294118,0.8063746747614917,0.8393139246219815,0.7091764705882353,0.828021978021978,0.7640050697084918
5,0.05,0.8595294117647059,0.8726708074534162,0.8660502607871029,0.8555294117647059,0.8784730611258759,0.8668494457027061,0.8392941176470589,0.8297278436845779,0.8344835653292783,0.6630588235294118,0.8490509189514914,0.7446161976483023
6,0.06,0.8298823529411765,0.8995154297373119,0.8632970260678008,0.823764705882353,0.9055871702017589,0.8627402661409562,0.8061176470588235,0.849913172909948,0.8274362999637725,0.6630588235294118,0.8490509189514914,0.7446161976483023
7,0.07,0.8986309350422371,0.8392274211099021,0.867913911942608,0.8942615787940577,0.8464295561069755,0.8696883852691217,0.8610544713078939,0.7789196310935441,0.8179302711676812,0.7031750655403437,0.7927750410509031,0.7452917567150354
8,0.08,0.8721235071366152,0.8643187066974596,0.86820356676816,0.8695018933877076,0.8738290398126464,0.8716600963644328,0.8386251092339062,0.803068340306834,0.8204616699914506,0.6702592484707253,0.8102112676056338,0.7336202773792444
9,0.09,0.8464899504806291,0.8857055775678147,0.8656538576109621,0.8441596271482669,0.8977695167286245,0.8701396186758745,0.8127002621613749,0.8215547703180212,0.8171035290672134,0.7340055632823366,0.7523164647184605,0.7430482224568813
10,0.1,0.8202738129915526,0.9066323245331617,0.8612937758066982,0.8179434896591902,0.9182472204054938,0.8651979664150362,0.7891057384212059,0.8402605459057072,0.8138801261829653,0.702712100139082,0.7664012135001896,0.7331761291492835
