,filter_abundance,precision_by_num_reads,recall_by_num_reads,F1_by_num_reads,precision_by_nts,recall_by_nts,F1_by_nts,precision_by_mean_cov,recall_by_mean_cov,F1_by_mean_cov,precision_by_med_cov,recall_by_med_cov,F1_by_med_cov
0,0.0,0.9962796465664238,0.7335083314311801,0.8449352527443634,0.9982948380096109,0.711523588553751,0.830860534124629,0.9982948380096109,0.711523588553751,0.830860534124629,0.9676019221826073,0.7850584832096592,0.8668240522149703
1,0.01,0.8834289257479461,0.9190453152717304,0.9008852355358837,0.882343822663153,0.9241760025978243,0.9027755749405234,0.8744380716168036,0.8971055979643766,0.8856268152916242,0.8220430940939389,0.9082034594964892,0.8629780309194468
2,0.02,0.9192248656945511,0.8798898071625344,0.8991273341465704,0.9173062164236377,0.8871775839673409,0.9019903782662013,0.8962010744435918,0.8454298642533936,0.870075440067058,0.8484267075978511,0.8603112840466927,0.8543276661514683
3,0.03,0.8689562547966232,0.9182887266828873,0.8929416403785488,0.8639677666922486,0.9244508314514474,0.8931865516215413,0.8468917881811205,0.8803350618268847,0.8632896538235869,0.8023791250959325,0.8839568801521877,0.8411948104193904
4,0.04,0.9078947368421053,0.8834437086092716,0.8955023495189081,0.9026769509981851,0.8897584973166368,0.8961711711711712,0.8786297640653358,0.8366817887232664,0.8571428571428572,0.8246370235934665,0.8471218830109531,0.8357282446258192
5,0.05,0.8702359346642469,0.9126814180347371,0.8909534316571827,0.8650181488203267,0.9196816208393632,0.8915127425765724,0.8430127041742287,0.8613815484469171,0.8520981426278378,0.7894736842105263,0.862453531598513,0.8243515338149947
6,0.06,0.9042025580788305,0.8814249363867684,0.8926684705579179,0.9002871312973114,0.890754132231405,0.895495261586395,0.870007830853563,0.824387830818699,0.8465836931673865,0.8214565387627252,0.8270696452036793,0.824253535882661
7,0.07,0.8705298877577656,0.9040390349688262,0.886968085106383,0.86530931871574,0.9124690338563171,0.8882636655948553,0.8412947011224223,0.846820809248555,0.8440487102265288,0.7877838684416602,0.8451414169700364,0.81545528235612
8,0.08,0.8953864237437555,0.8763301696865113,0.8857558139534885,0.8903908316191596,0.8854471069549971,0.887912087912088,0.8612988539523949,0.8150723025583982,0.8375482211744535,0.8075227740229209,0.8149466192170819,0.8112177121771218
9,0.09,0.8660005877167205,0.8962895377128953,0.8808847705873561,0.8627681457537467,0.9078540507111935,0.8847370800060269,0.832794593006171,0.8320610687022901,0.832427669261272,0.7710843373493976,0.8343402225755167,0.8014660965180207
10,0.1,0.8398471936526594,0.9169072826435676,0.8766871165644172,0.8339700264472524,0.9265426052889324,0.8778224559232909,0.8081104907434616,0.8503401360544217,0.8286876600873889,0.793024021059559,0.8044058744993324,0.7986743993371996
