,filter_abundance,precision_by_num_reads,recall_by_num_reads,F1_by_num_reads,precision_by_nts,recall_by_nts,F1_by_nts,precision_by_mean_cov,recall_by_mean_cov,F1_by_mean_cov,precision_by_med_cov,recall_by_med_cov,F1_by_med_cov
0,0.0,0.9950584747158623,0.6995136637332098,0.8215135649690624,0.9962114972821611,0.6732717355003897,0.80350737345556,0.9962114972821611,0.6732717355003897,0.80350737345556,0.9131938725086477,0.7873881550916063,0.8456375838926175
1,0.01,0.9021577993740735,0.8802635808421729,0.8910762222402994,0.9010047768077747,0.882258064516129,0.8915328824056719,0.8944160764289244,0.8602661596958175,0.8770088023903739,0.7730192719486081,0.8871455576559546,0.826159669043218
2,0.02,0.8361060780760995,0.9271232876712329,0.8792655465096137,0.8311645527919618,0.9280853411807982,0.8769551616266945,0.8281996376214792,0.9056195965417867,0.865181106426912,0.7227804315598748,0.9111295681063123,0.8060990171764489
3,0.03,0.910492505353319,0.855533199195171,0.8821576763485477,0.908779443254818,0.8624263361105466,0.8849963507454907,0.8886509635974305,0.822107765451664,0.8540852027166084,0.7897216274089935,0.8306306306306306,0.8096597145993412
4,0.04,0.8678800856531049,0.885708041958042,0.8767034393251135,0.8635974304068522,0.8922566371681416,0.8776931447225246,0.8481798715203426,0.8492710120068611,0.848725091064924,0.7154175588865096,0.8677922077922078,0.7842723004694835
5,0.05,0.8278372591006424,0.910075329566855,0.8670105404799282,0.8214132762312634,0.9159503342884432,0.8661097313163243,0.8107066381156317,0.8701447943001609,0.8393747921516462,0.761656681427455,0.8061759029500964,0.7832842218055182
6,0.06,0.8851263349830685,0.8582975498863349,0.871505514234419,0.8820005209690024,0.8659846547314578,0.8739192153826301,0.8609012763740558,0.8090575275397797,0.8341746592629984,0.7262307892680385,0.8209658421672555,0.77069799585349
7,0.07,0.8551706173482678,0.881105743424584,0.8679444811632518,0.8515238343318573,0.8909784682474788,0.8708044752264251,0.8327689502474602,0.82952776336274,0.8311451969322762,0.6975774941390988,0.8324525955859496,0.7590702947845807
8,0.08,0.8262568377181557,0.9037037037037037,0.8632467002313239,0.8220890856994009,0.9124024284475282,0.8648944916415456,0.8041156551185205,0.8464491362763915,0.8247395137590169,0.7417361754711153,0.7937190082644628,0.7668476525071862
9,0.09,0.884460920605499,0.8607937462417318,0.8724668596678347,0.8807537843682423,0.8715988994191379,0.8761524277811924,0.8501699104108743,0.7953757225433526,0.8218605345677169,0.7411183194315725,0.7941079112876531,0.7666986257590285
10,0.1,0.8603645350633302,0.8818872704243191,0.870992963252541,0.8541859746679024,0.8913604126370084,0.8723773465846347,0.8282360210071054,0.8151413803587717,0.8216365307998774,0.717948717948718,0.8117359413202934,0.761967213114754
