,filter_abundance,precision_by_num_reads,recall_by_num_reads,F1_by_num_reads,precision_by_nts,recall_by_nts,F1_by_nts,precision_by_mean_cov,recall_by_mean_cov,F1_by_mean_cov,precision_by_med_cov,recall_by_med_cov,F1_by_med_cov
0,0.0,0.7234178563818453,0.7648980511434043,0.7435799156765044,0.7290645642446196,0.7513175230566534,0.7400237914999459,0.7290645642446196,0.7513175230566534,0.7400237914999459,0.6971020669081611,0.803019145802651,0.7463214326451466
1,0.01,0.7687074829931972,0.7458145524790728,0.7570879973854073,0.7677119628339141,0.7512583211560319,0.7593960282291154,0.7597478015596483,0.7275182713695583,0.7432838243649054,0.7911724674314602,0.6814603918941551,0.7322296202987223
2,0.02,0.8389736783897368,0.6946886446886447,0.7600440837591423,0.8385312983853129,0.7016472330186934,0.764006449012495,0.82304799823048,0.6712971315172289,0.7394674085850557,0.8049104180491041,0.680695847362514,0.7376102158710853
3,0.03,0.8800326441784548,0.6536674075570822,0.7501449275362319,0.8792165397170838,0.6608055612349213,0.7545231703046573,0.8601741022850925,0.627007733491969,0.7253125358412661,0.8346028291621328,0.6371754932502596,0.7226475091273112
4,0.04,0.8894830659536542,0.656578947368421,0.7554882664647995,0.8888888888888888,0.6648888888888889,0.7607424357996441,0.8666072489601901,0.6259656652360515,0.7268876152504361,0.8627325208466966,0.5996433348194382,0.7075223566543924
5,0.05,0.9131633356305996,0.6248526290969111,0.7419851602967941,0.9117849758787043,0.6330143540669857,0.7472465405252754,0.8897312198483804,0.59397285484242,0.7123741205683543,0.8707787732598208,0.6028148854961832,0.7124330420073302
6,0.06,0.9158397647923557,0.6277078085642317,0.7448811836795695,0.9158397647923557,0.6376663254861822,0.7518479408658924,0.9058365758754864,0.5701689933872153,0.6998346610551631,0.8809338521400778,0.5808106721395587,0.7000618429189858
7,0.07,0.9362402303578774,0.609860664523044,0.7386013305208503,0.9333607568901686,0.6179193899782135,0.7435687366868753,0.9082682023858495,0.5729112610275039,0.7026252983293556,0.8798848210612916,0.576239224137931,0.6964024092462967
8,0.08,0.9325551232166018,0.6122622764689185,0.7392049348869089,0.939846223428313,0.6000577533930118,0.7324638702855129,0.9131614654002713,0.5528477546549836,0.6887259082381033,0.882858435097241,0.5609195402298851,0.6859954313828853
9,0.09,0.9375595805529076,0.58945160323644,0.7238270469181233,0.9380362249761678,0.600366076876144,0.7321428571428571,0.9099142040038132,0.5503026808878639,0.6858271959762888,0.890664003994009,0.5422492401215806,0.6740978651048555
10,0.1,0.9474232170744404,0.5743136636162828,0.7151277013752456,0.9453409682457053,0.5839228295819936,0.7219240707612801,0.9167100468505986,0.533313143549364,0.6743251005169442,0.8870380010411244,0.5402663284717819,0.6715270935960592
