,filter_abundance,precision_by_num_reads,recall_by_num_reads,F1_by_num_reads,precision_by_nts,recall_by_nts,F1_by_nts,precision_by_mean_cov,recall_by_mean_cov,F1_by_mean_cov,precision_by_med_cov,recall_by_med_cov,F1_by_med_cov
0,0.0,0.7323503127792672,0.7435635703754111,0.7379143452079464,0.7390527256478999,0.725597718797982,0.7322634200332042,0.7390527256478999,0.725597718797982,0.7322634200332042,0.6896782841823056,0.7932673776178851,0.7378547953391096
1,0.01,0.7953068592057762,0.7060897435897436,0.7480475382003395,0.7956678700361011,0.7101659416787498,0.7504894866774495,0.785740072202166,0.6881125513752766,0.7336929040957357,0.7469314079422382,0.7063844315466029,0.7260922968941919
2,0.02,0.8622461463175923,0.6414270112850382,0.7356225863688549,0.8211156229963668,0.7058607385632923,0.7591385101758545,0.8063688822397949,0.6781092739036664,0.7366982329395685,0.7678991237443898,0.689900153609831,0.7268129867502782
3,0.03,0.8813373526993696,0.6452648475120385,0.7450480713541062,0.8796930665935873,0.6516443361753959,0.7486880466472303,0.8648944916415456,0.6237154150197628,0.7247674819152601,0.8292682926829268,0.6373209772535805,0.720733595331666
4,0.04,0.8976687859521647,0.646956142264892,0.751965508496069,0.8988798062367545,0.6564227282776918,0.7587528750319449,0.8746594005449592,0.6183647260273972,0.7245141065830721,0.8383287920072662,0.6356749311294766,0.7230708969839406
5,0.05,0.9100790513833992,0.6501176470588236,0.7584408454570409,0.9084321475625824,0.6580768313051778,0.7632489276324894,0.8964285714285715,0.5760844617856323,0.7014112058124913,0.8557142857142858,0.5940986858418051,0.7013025025611005
6,0.06,0.9326923076923077,0.6105236656596174,0.7379793061472916,0.9323076923076923,0.6193152784874808,0.7442431685600245,0.9053846153846153,0.5754094353458812,0.7036317441339112,0.8565384615384616,0.5849750459679538,0.6951771499921962
7,0.07,0.9347915806851012,0.60707585097829,0.7361065973350667,0.9335534461411473,0.6158453580179689,0.7421259842519685,0.907552620718118,0.5699844479004665,0.700206973411877,0.8688957325120985,0.5572799097065463,0.679044180849235
8,0.08,0.9370875494940607,0.6054576463899943,0.7356242445173545,0.9353277606687197,0.6142733314071078,0.7415416811998605,0.9171296296296296,0.5424424972617744,0.6816930488644185,0.8694444444444445,0.5554569653948536,0.6778559826746073
9,0.09,0.9503685503685504,0.5809552418143586,0.72110365398956,0.9493857493857494,0.5902841429880843,0.7279577995478523,0.9174447174447175,0.538972286374134,0.679032551372977,0.8638820638820639,0.548860443334374,0.6712485681557846
10,0.1,0.9469072164948453,0.5815131370686927,0.7205334379290057,0.9479381443298969,0.5924613402061856,0.7291831879460746,0.9154639175257732,0.5394896719319563,0.6788990825688074,0.8585209003215434,0.5390309555854643,0.6622571310458867
