,filter_abundance,precision_by_num_reads,recall_by_num_reads,F1_by_num_reads,precision_by_nts,recall_by_nts,F1_by_nts,precision_by_mean_cov,recall_by_mean_cov,F1_by_mean_cov,precision_by_med_cov,recall_by_med_cov,F1_by_med_cov
0,0.0,0.730844793713163,0.7461555605081346,0.7384208204675783,0.7365204103907443,0.7338771071234367,0.7351963828512283,0.7365204103907443,0.7338771071234367,0.7351963828512283,0.6972276795459507,0.7883499938294459,0.7399942079351288
1,0.01,0.7847635726795096,0.7092434314656537,0.7450947788493515,0.7851138353765325,0.7155626496408619,0.7487265135699374,0.7763572679509633,0.689639079029247,0.7304333498105124,0.7411558669001751,0.7241615331964408,0.7325601523281979
2,0.02,0.8531419157448812,0.6557525325615051,0.7415362585660223,0.8529065662508826,0.662401754706635,0.745679012345679,0.8413744410449517,0.6343151171043293,0.7233181588265049,0.7620227038183695,0.7037743042317957,0.7317411554850858
3,0.03,0.868497491418009,0.6588541666666666,0.7492880738125071,0.866913123844732,0.6655179404013785,0.7529816513761468,0.854238183258516,0.6334442921480321,0.7274567123903755,0.8217586480063375,0.646985446985447,0.7239734791206235
4,0.04,0.878169629845526,0.658003930989299,0.7523096129837703,0.8767123287671232,0.6651923927465723,0.7564441091412044,0.8589332556106092,0.6270212765957447,0.7248800885499939,0.8455233291298865,0.6183998155406963,0.7143427886536157
5,0.05,0.908034188034188,0.6250882560602494,0.7404516308893225,0.9063247863247863,0.6333014811275681,0.7456054000843764,0.8844444444444445,0.5919908466819221,0.7092529129540781,0.8471794871794872,0.6069066862601029,0.7071917808219179
6,0.06,0.9136346931275267,0.6269861286254729,0.7436434340412803,0.9099595736861448,0.6347090489618047,0.7478103292056781,0.890481440646821,0.5918417195896434,0.7110785033015407,0.8460124954061007,0.6037241017571466,0.70462197734925
7,0.07,0.9232283464566929,0.6303763440860215,0.7492012779552715,0.9343370974487663,0.6107162383816293,0.7386344850388493,0.9113341698034295,0.5653866113129217,0.6978382706164932,0.8598912588874947,0.578503095104108,0.6916736753574433
8,0.08,0.9406817175741479,0.6067961165048543,0.7377191459816003,0.9389110225763613,0.6158536585365854,0.743819042609153,0.9092518813634352,0.5644407804341852,0.6965072906069855,0.8605577689243028,0.5783992859268074,0.691814946619217
9,0.09,0.9422263973696571,0.6065920774115513,0.7380426784400296,0.9422263973696571,0.6168511685116851,0.7455863222449359,0.9069985908877407,0.56068524970964,0.6929840301453435,0.8558008454673556,0.5736775818639799,0.686899151743638
10,0.1,0.9534883720930233,0.5881415364998406,0.7275236593059936,0.9498708010335918,0.5969470607340045,0.7331471878739529,0.9188630490956072,0.544230180593817,0.6835832372164552,0.8609819121447029,0.5522041763341067,0.6728594507269788
