,filter_abundance,precision_by_num_reads,recall_by_num_reads,F1_by_num_reads,precision_by_nts,recall_by_nts,F1_by_nts,precision_by_mean_cov,recall_by_mean_cov,F1_by_mean_cov,precision_by_med_cov,recall_by_med_cov,F1_by_med_cov
0,0.0,0.9922127534528358,0.7607299763433593,0.8611872728432062,0.9935351160740523,0.7424242424242424,0.8498177705165263,0.9935351160740523,0.7424242424242424,0.8498177705165263,0.9700264472524244,0.8102601865488464,0.882974454995319
1,0.01,0.8639435791948281,0.9465550547327752,0.9033645721308955,0.8586541287099618,0.9488553336580614,0.9015040493636715,0.938318092164246,0.8314267556402923,0.8816443433577626,0.9064012910166757,0.8465918606598559,0.8754762729476966
2,0.02,0.896001434462973,0.9152014652014652,0.905499682884842,0.8927738927738927,0.9215250786600037,0.9069216757741349,0.8811188811188811,0.8865235432076493,0.8838129496402877,0.8518916980455442,0.8887018331462776,0.8699075345601025
3,0.03,0.9120198265179678,0.8923014750454638,0.9020529057297518,0.9076827757125155,0.8985892455530566,0.9031131203123395,0.8874432052870714,0.852072179258378,0.8693980778958017,0.8504750103263115,0.8552440290758048,0.852852852852853
4,0.04,0.8682362660057827,0.9219298245614035,0.8942778132312275,0.8645187938868236,0.9302222222222222,0.8961678441447226,0.8479966955803387,0.8811158798283262,0.864239107556304,0.811854605534903,0.8762817654926438,0.8428387650085764
5,0.05,0.8941786471835965,0.894600330110823,0.8943894389438942,0.8904077303794485,0.9038277511961722,0.8970675531283392,0.863539948149894,0.8428801472279733,0.8530849825378347,0.8314871553146359,0.8416030534351145,0.8365145228215768
6,0.06,0.8562337968418572,0.9151133501259446,0.8846949957384634,0.8505774216356352,0.9234902763561924,0.8855355171144644,0.8787559304164471,0.816556453588048,0.8465151707502856,0.8379019504480759,0.8155464340687532,0.826573062922517
7,0.07,0.8837638376383764,0.8984458735262594,0.8910443794844538,0.8800738007380073,0.9093137254901961,0.8944548620412537,0.849235635213495,0.8360145303580695,0.8425732217573221,0.8139167105956774,0.8318965517241379,0.8228084199307221
8,0.08,0.8951473136915078,0.8796480272495033,0.8873299928418039,0.8960138648180243,0.8957551256136298,0.8958844765342961,0.8575967648757944,0.8129791894852135,0.8346921563114984,0.8162911611785095,0.8120689655172414,0.8141745894554883
9,0.09,0.8703061813980358,0.9029068025172311,0.8863068098249742,0.8674176776429809,0.9161073825503355,0.8910979228486647,0.8307336799537839,0.829057365234938,0.8298946760929159,0.7848064702484113,0.8258358662613982,0.8047985781990522
10,0.1,0.8892045454545454,0.8889239507731146,0.8890642259744359,0.8847853535353535,0.9012861736334405,0.8929595412551767,0.8402777777777778,0.8061780738946094,0.8228748068006183,0.7989267676767676,0.8024730500951173,0.8006959822840873
