,filter_abundance,precision_by_num_reads,recall_by_num_reads,F1_by_num_reads,precision_by_nts,recall_by_nts,F1_by_nts,precision_by_mean_cov,recall_by_mean_cov,F1_by_mean_cov,precision_by_med_cov,recall_by_med_cov,F1_by_med_cov
0,0.0,0.9985981308411215,0.7213096309630963,0.8376012542461457,0.9989096573208722,0.7006445973997596,0.8236049572978873,0.9989096573208722,0.7006445973997596,0.8236049572978873,0.973208722741433,0.7813906953476738,0.8668146503884574
1,0.01,0.8931464174454828,0.9168532139430764,0.9048445636736626,0.8898753894080997,0.9201159607022065,0.90474305170639,0.8844236760124611,0.8968567366924657,0.8905968159360051,0.8291277258566978,0.9075873827791986,0.8665852665852667
2,0.02,0.9264310411064157,0.8772280829392506,0.9011584454409568,0.9225893200153669,0.8822556943423953,0.9019718309859154,0.911256242796773,0.8520114942528736,0.880638574345647,0.8509412216673069,0.8615324776351614,0.8562040974101275
3,0.03,0.8768728390318863,0.9157472417251755,0.895888529094299,0.8739915482135997,0.9234828496042217,0.8980558571005626,0.8582404917402997,0.8826550770446464,0.8702765874561745,0.8102189781021898,0.8863206555999159,0.8465629703963874
4,0.04,0.9070080862533693,0.8812745525971192,0.8939561655966349,0.9034141958670261,0.8888397790055249,0.8960677286398574,0.8793800539083558,0.8376123234916559,0.8579881656804734,0.8342318059299192,0.8368634520054078,0.8355455568053994
5,0.05,0.8685983827493261,0.9094543744120414,0.8885569852941178,0.8650044923629829,0.9186545801526718,0.8910226746876447,0.8434411500449236,0.8614361091993576,0.8523436613324253,0.7911051212938005,0.8586055582642613,0.8234743979424831
6,0.06,0.9021123132405976,0.8818937295391589,0.8918884502737807,0.8956723338485317,0.8883495145631068,0.8919958953309391,0.8637300360638845,0.8194037145650049,0.8409831953850012,0.8093766099948481,0.8158919761101012,0.8126212336738652
7,0.07,0.868366821226172,0.9030270559871417,0.8853578463558767,0.8642452344152499,0.9131736526946108,0.8880359978824774,0.8361669242658424,0.8409326424870466,0.8385430121415653,0.776661514683153,0.8326429163214581,0.8036785285885646
8,0.08,0.8975780566092793,0.8738636363636364,0.8855621131423635,0.8911584476218267,0.8821490467937608,0.8866308607925678,0.8576014006419609,0.8045442102381604,0.8302259887005649,0.7989495185293259,0.8055310385407473,0.8022267799589803
9,0.09,0.8707324190253867,0.8958270789552687,0.8831015093222847,0.8666472133060986,0.9071472205253512,0.8864348604685867,0.8339655675517945,0.8245816503173687,0.8292470622370521,0.7782316895243654,0.8211206896551724,0.7991011235955057
10,0.1,0.9013716525146963,0.8731414109459031,0.8870319781455889,0.8990855649902025,0.8869201030927835,0.8929614012325656,0.8085789320105048,0.8412264723740134,0.8245796756435053,0.7978445460483344,0.7983660130718955,0.7981051943809213
