,filter_abundance,precision_by_num_reads,recall_by_num_reads,F1_by_num_reads,precision_by_nts,recall_by_nts,F1_by_nts,precision_by_mean_cov,recall_by_mean_cov,F1_by_mean_cov,precision_by_med_cov,recall_by_med_cov,F1_by_med_cov
0,0.0,0.9969809980465282,0.6586109807602065,0.7932179441893323,0.9985792931983661,0.6342206180915858,0.775746706215079,0.9985792931983661,0.6342206180915858,0.775746706215079,0.8898952228733795,0.7612030988910831,0.8205338136564598
1,0.01,0.9312733084709643,0.835297865562281,0.8806784784616676,0.9303853667199432,0.838374139862378,0.8819865319865321,0.9209731841591191,0.8134901960784314,0.8639013826420124,0.793109572012076,0.8327428677978743,0.8124431508095324
2,0.02,0.87142603445214,0.8847818247385503,0.8780531448510334,0.8668087373468301,0.8887472687545521,0.8776409242110941,0.8602379683892737,0.8599325403870052,0.8600852272727272,0.7117741076185402,0.8675324675324675,0.7819724904887327
3,0.03,0.9314714855667684,0.7873437809958341,0.853364867770372,0.8128218788847451,0.9188917887974303,0.8626083678854126,0.9091762497066417,0.7547243327488798,0.8247817756014478,0.7545177188453415,0.785295554469956,0.7695990424895273
4,0.04,0.9021356489087069,0.8270223752151463,0.8629475810977664,0.9004928420558554,0.8364944408109876,0.8673146473779386,0.8793710396620512,0.7886760681961692,0.8315579227696405,0.7028866463271533,0.8147442872687704,0.7546932090210406
5,0.05,0.8709223187045294,0.8604219800602829,0.8656403079076278,0.8669326449190331,0.8657136161237403,0.8663227016885554,0.8490964562309317,0.815232086525462,0.8318197493964824,0.7028866463271533,0.8147442872687704,0.7546932090210406
6,0.06,0.840178361886881,0.8839506172839506,0.861508843701119,0.8357193147148557,0.8924812030075188,0.8631681008362623,0.8183524994132833,0.8360105490290098,0.8270872865275141,0.7313609467455622,0.7427884615384616,0.7370304114490162
7,0.07,0.8077915982163811,0.9045992115637319,0.8534589635507067,0.800046937338653,0.910037373198078,0.8515049331834645,0.7923022764609247,0.8572879634332148,0.823515062812538,0.7313609467455622,0.7427884615384616,0.7370304114490162
8,0.08,0.8857988165680474,0.8332869468410798,0.8587408575935752,0.8828402366863906,0.844368986983588,0.86317616430431,0.8517751479289941,0.7718498659517427,0.809845288326301,0.691715976331361,0.7708539399934059,0.729143926399501
9,0.09,0.8656804733727811,0.8603351955307262,0.8629995575873765,0.8588757396449704,0.868122009569378,0.8634741225461036,0.8346153846153846,0.7962178944397403,0.8149646107178969,0.6562130177514793,0.7924258663808503,0.71791552031073
10,0.1,0.8393491124260355,0.8788723667905824,0.8586561743341404,0.8322485207100592,0.8865427040655531,0.8585380741645049,0.8085798816568047,0.8107386532186295,0.8096578284698563,0.6562130177514793,0.7924258663808503,0.71791552031073
