,filter_abundance,precision_by_num_reads,recall_by_num_reads,F1_by_num_reads,precision_by_nts,recall_by_nts,F1_by_nts,precision_by_mean_cov,recall_by_mean_cov,F1_by_mean_cov,precision_by_med_cov,recall_by_med_cov,F1_by_med_cov
0,0.0,0.7518817204301075,0.6792956891317548,0.7137480063795854,0.7606182795698925,0.6508338125359402,0.7014564611093895,0.7606182795698925,0.6508338125359402,0.7014564611093895,0.5526881720430108,0.7924455579109655,0.6511996199224008
1,0.01,0.7970143466459868,0.6644577339582997,0.724724548259145,0.7956572314850717,0.6663419386264003,0.7252805513828753,0.7892594028693292,0.6491787593685218,0.7123982850643101,0.6388334995014955,0.6588688946015424,0.6486965325234119
2,0.02,0.8482053838484547,0.6248622842453176,0.7196024529498837,0.8469591226321037,0.627980040657919,0.7212140507269447,0.8344965104685942,0.6061922868006518,0.7022548505506031,0.6388334995014955,0.6588688946015424,0.6486965325234119
3,0.03,0.8786335031465388,0.5912482355313571,0.7068466730954677,0.8783338327839376,0.5980412160783514,0.7115804806991989,0.8621516332034762,0.5726512738853503,0.6881951919626839,0.6961172741679873,0.549577729121051,0.6142282817689215
4,0.04,0.863949655379083,0.6332088732703712,0.7307984790874525,0.8642493257416841,0.6406041759218125,0.7358081387932134,0.889905029897995,0.5450236966824644,0.6760187040748163,0.6961172741679873,0.549577729121051,0.6142282817689215
5,0.05,0.9001055223355611,0.6041076487252125,0.7229834722418422,0.8979950756243404,0.6116435074269286,0.7276613937580163,0.8747801618009146,0.5740997229916898,0.6932404181184669,0.6920432220039293,0.5174439955930958,0.5921412061357428
6,0.06,0.9112519809825673,0.5815423514538559,0.7099861089674333,0.9112519809825673,0.5903490759753593,0.7165109034267914,0.8898573692551506,0.5521140609636185,0.6814320388349514,0.6920432220039293,0.5174439955930958,0.5921412061357428
7,0.07,0.9263858093126386,0.5618612157073696,0.6994809978235393,0.926829268292683,0.5715066994804484,0.7070365358592693,0.9042128603104213,0.5311278978900755,0.66918280275681,0.6920432220039293,0.5174439955930958,0.5921412061357428
8,0.08,0.9390962671905697,0.5459737292975443,0.6905019862766341,0.93713163064833,0.5535248041775457,0.6959693598395039,0.9111001964636543,0.5104567969179967,0.654320987654321,0.7079701120797012,0.4771296684851028,0.5700676861368764
9,0.09,0.9292730844793713,0.5703949351823937,0.7068933308425183,0.9268172888015717,0.5788343558282208,0.7126132930513595,0.9027504911591355,0.5330626450116009,0.6703136396790664,0.7079701120797012,0.4771296684851028,0.5700676861368764
10,0.1,0.9348290598290598,0.5573248407643312,0.6983240223463687,0.9348290598290598,0.566159818828858,0.7052186177715092,0.9097222222222222,0.5196826365578273,0.661487667508254,0.6855345911949685,0.46382978723404256,0.5532994923857868
