,filter_abundance,precision_by_num_reads,recall_by_num_reads,F1_by_num_reads,precision_by_nts,recall_by_nts,F1_by_nts,precision_by_mean_cov,recall_by_mean_cov,F1_by_mean_cov,precision_by_med_cov,recall_by_med_cov,F1_by_med_cov
0,0.0,0.9919908466819222,0.7011321626617375,0.8215784486259645,0.9939522719843086,0.6795172644988267,0.8071945310944448,0.9939522719843086,0.6795172644988267,0.8071945310944448,0.92644655116051,0.7822246756831355,0.8482490272373542
1,0.01,0.9066688460281138,0.8794989693990803,0.8928772635814889,0.9033998038574698,0.883330669649992,0.8932525252525252,0.8976789800588427,0.8600062637018477,0.8784388995521434,0.7889833278849298,0.8805180591025173,0.8322413793103449
2,0.02,0.8409610983981693,0.9273612112472963,0.8820504028801648,0.8360575351422034,0.9310156534401165,0.880985187736824,0.9290690310322989,0.7810115350488022,0.8486309294253759,0.8456829216803884,0.802323252553575,0.8234326824254881
3,0.03,0.9111251847160651,0.8561793294981155,0.8827981182245858,0.9090141439729786,0.8643115214773184,0.8860993929416606,0.8948701709943002,0.8256719906505648,0.8588795461452738,0.8034621068186616,0.8304603971197906,0.8167381974248927
4,0.04,0.8746041798606713,0.8913511187607573,0.882898241875333,0.8686932657800296,0.8971005014170482,0.8826683826683825,0.8564492294701288,0.8539254893706588,0.8551854974704891,0.7622968123284779,0.8478516083587697,0.8028012449977768
5,0.05,0.8344944057420308,0.9135659810492258,0.8722418358340688,0.8283723875870804,0.9200468933177022,0.8718062652743835,0.9022187822497421,0.7885005636978579,0.8415353146432439,0.8008255933952528,0.7834427057041898,0.7920387854044401
6,0.06,0.8978328173374613,0.8594714744381329,0.8782334384858045,0.8939628482972136,0.8688565697091274,0.8812309257375383,0.8717750257997936,0.810700575815739,0.8401292889109896,0.7667698658410733,0.8043301759133965,0.78510104345529
7,0.07,0.869453044375645,0.8859095688748686,0.8776041666666666,0.8648090815273478,0.895060080106809,0.8796745833880069,0.8415892672858617,0.828760162601626,0.8351254480286738,0.7324561403508771,0.8172135866436384,0.7725170068027211
8,0.08,0.8392672858617131,0.9056236080178174,0.8711837171933584,0.8317853457172343,0.912797281993205,0.8704103671706263,0.8716867469879518,0.7762875536480687,0.8212258796821793,0.7629518072289156,0.7694410692588093,0.7661826981246218
9,0.09,0.8855421686746988,0.8641975308641975,0.8747396608152335,0.8801204819277109,0.8740652108884236,0.8770823953174247,0.8493975903614458,0.7963852019203614,0.8220376038478356,0.7379518072289156,0.7870221651140379,0.7616974972796517
10,0.1,0.8587349397590361,0.8829358934654692,0.8706672774469385,0.852710843373494,0.8924968474148802,0.8721503388786198,0.8231927710843373,0.8114608076009501,0.8172846889952152,0.7123493975903614,0.8006093432633717,0.7539050047816385
