,filter_abundance,precision_by_num_reads,recall_by_num_reads,F1_by_num_reads,precision_by_nts,recall_by_nts,F1_by_nts,precision_by_mean_cov,recall_by_mean_cov,F1_by_mean_cov,precision_by_med_cov,recall_by_med_cov,F1_by_med_cov
0,0.0,0.727636993718865,0.7638699408822192,0.7453133666112034,0.7331600606454408,0.7482316534040672,0.7406191882726179,0.7331600606454408,0.7482316534040672,0.7406191882726179,0.6987221139267923,0.7994052781563623,0.7456804391794278
1,0.01,0.7796872314830727,0.7322466107165914,0.7552226383687058,0.7783124248152603,0.7364227642276423,0.7567883699557189,0.770579137308816,0.7126509853782581,0.7404838576500702,0.7449733631208111,0.7357433808553971,0.7403296046452054
2,0.02,0.8463661453541859,0.6767193821257815,0.7520948293480483,0.8465961361545539,0.6828046744574291,0.7559297669165213,0.8357865685372585,0.6566678713408023,0.7354786480469541,0.812097516099356,0.6714204221334854,0.7350889976059123
3,0.03,0.8582757738552059,0.6787376087396318,0.7580207862629913,0.8575083141468406,0.6863226863226863,0.7624246559763449,0.8706481743560713,0.6110448947159317,0.7181043539161901,0.8525332578545146,0.6252854473738841,0.721437125748503
4,0.04,0.8993846153846153,0.6431243124312431,0.7499679281590763,0.8987692307692308,0.6507017153040766,0.7548778912004134,0.8796923076923077,0.6141783029001074,0.7233396584440228,0.8541538461538462,0.6270612152699345,0.7231991663410186
5,0.05,0.9087566844919787,0.642637674308674,0.7528727675481103,0.9060828877005348,0.6502758455265052,0.7571568216729507,0.9046594982078853,0.5811650932535114,0.7076966213374457,0.8777777777777778,0.5939849624060151,0.7085201793721974
6,0.06,0.9294969512195121,0.6162203132895402,0.7411121239744758,0.9272103658536586,0.6243264049268669,0.7462045698512499,0.9051067073170732,0.5819652046067141,0.7084265473527218,0.8788109756097561,0.5906762295081968,0.7064950980392156
7,0.07,0.9280808080808081,0.6174731182795699,0.7415657788539144,0.9264646464646464,0.6265027322404372,0.7475142624286879,0.9159592529711376,0.5603739288496494,0.6953439664894474,0.8875212224108658,0.5730337078651685,0.6964196502914237
8,0.08,0.9408602150537635,0.5981201936770151,0.7313250914156364,0.9390681003584229,0.6073601854534918,0.7376385711771951,0.9112903225806451,0.557871640153593,0.6920721333787002,0.8940397350993378,0.5475086906141368,0.6791232482932089
9,0.09,0.9470198675496688,0.6026490066225165,0.7365710080941869,0.9446546830652791,0.6118259803921569,0.7426552621792487,0.9153263954588458,0.5590869690840797,0.6941704035874439,0.8940886699507389,0.5536912751677853,0.683873398643557
10,0.1,0.9513070220399795,0.5886457342213764,0.7272727272727273,0.9502819067145054,0.5988372093023255,0.7346938775510203,0.9144028703229113,0.5420844728046187,0.6806562380770698,0.8913377754997437,0.5563019833653231,0.6850502265117197
