,filter_abundance,precision_by_num_reads,recall_by_num_reads,F1_by_num_reads,precision_by_nts,recall_by_nts,F1_by_nts,precision_by_mean_cov,recall_by_mean_cov,F1_by_mean_cov,precision_by_med_cov,recall_by_med_cov,F1_by_med_cov
0,0.0,0.7383154519669503,0.712822955113704,0.725345287133511,0.749044271796769,0.6880380607159039,0.7172462655724156,0.749044271796769,0.6880380607159039,0.7172462655724156,0.6237513873473918,0.7981694808268897,0.7002630485947666
1,0.01,0.7677831491712708,0.7314144736842105,0.7491576819407009,0.7677831491712708,0.7350413223140496,0.751055564938355,0.7612223756906077,0.7130842633026039,0.7363674321503132,0.6635013812154696,0.7437584671956647,0.7013413632630714
2,0.02,0.8139686684073107,0.7021396396396397,0.7539298669891172,0.8141862489120975,0.7079076806659099,0.7573365715442218,0.8000435161009574,0.676789987115774,0.7332735068301924,0.7477148080438757,0.6380655226209049,0.6885521885521886
3,0.03,0.8879904162923031,0.6141259320629661,0.7260928125382637,0.8490467484983024,0.6811229834485648,0.7558707277377354,0.87151841868823,0.59026369168357,0.7038335953561495,0.7511230907457322,0.6296761235249811,0.6850587271237366
4,0.04,0.8718179095537586,0.656962310990747,0.7492921492921493,0.9033130493576741,0.6100456621004566,0.7282638321068411,0.8793103448275862,0.5713971880492091,0.692676431424767,0.781038374717833,0.5800502933780386,0.6657046657046658
5,0.05,0.9206170052671181,0.5940762320951687,0.7221484432639811,0.9206170052671181,0.602264336697022,0.7281654515697069,0.8965387509405568,0.561630921517794,0.6906245471670772,0.781038374717833,0.5800502933780386,0.6657046657046658
6,0.06,0.90895410082769,0.6275324675324675,0.7424708051628766,0.9278008298755187,0.5896624472573839,0.7210577233150597,0.9078838174273859,0.5500251382604324,0.6850344395742016,0.783402489626556,0.572468162522741,0.6615276804484933
7,0.07,0.9352355072463768,0.5715471907002491,0.7095000858958942,0.9343297101449275,0.5798201236649804,0.7155740548040236,0.8937759336099586,0.575474218541277,0.7001462701121405,0.7894221351616063,0.5394912985274432,0.6409542743538768
8,0.08,0.935847208619001,0.5607394366197183,0.7012844036697247,0.9363369245837414,0.5702356099015806,0.7088044485634847,0.896286231884058,0.5599886813808715,0.6893068617206548,0.805993690851735,0.5146022155085599,0.6281499692685925
9,0.09,0.9411146161934806,0.5550387596899224,0.6982640920616345,0.9411146161934806,0.5646687697160884,0.7058359621451104,0.9095688748685594,0.5165721110779337,0.6589221100742716,0.777602523659306,0.5387978142076503,0.6365397030342156
10,0.1,0.9464285714285714,0.5542483660130719,0.699093157460841,0.9464285714285714,0.5645805592543276,0.7072560467055881,0.9118303571428571,0.5135135135135135,0.657016485725774,0.7759530791788857,0.5174032068830661,0.6208352885969028
