,filter_abundance,precision_by_num_reads,recall_by_num_reads,F1_by_num_reads,precision_by_nts,recall_by_nts,F1_by_nts,precision_by_mean_cov,recall_by_mean_cov,F1_by_mean_cov,precision_by_med_cov,recall_by_med_cov,F1_by_med_cov
0,0.0,0.7387331769354242,0.7134509897448128,0.7258720048528966,0.7462649709840721,0.6902695294655093,0.7171759121922278,0.7462649709840721,0.6902695294655093,0.7171759121922278,0.6358809729596246,0.7915770058407624,0.7052379322149949
1,0.01,0.7637457044673539,0.7190229699126496,0.7407098816863856,0.7628865979381443,0.7224210868857793,0.7421026241016212,0.7541237113402062,0.6987740805604203,0.7253945954879762,0.6683848797250859,0.7298311444652908,0.6977578475336322
2,0.02,0.8113987383075919,0.6852838508175638,0.7430278884462151,0.8103110724385468,0.691351150705271,0.7461191787681523,0.8517555266579974,0.5920101229211858,0.6985176495680921,0.7552665799739922,0.625053809728799,0.6840183723942999
3,0.03,0.8884848484848484,0.5935222672064777,0.7116504854368932,0.8881818181818182,0.6004917025199754,0.7165383204987166,0.8724242424242424,0.5719110051648788,0.6909047276217903,0.7678787878787878,0.6147501213003397,0.6828348154136351
4,0.04,0.9093406593406593,0.5821059573532644,0.7098244203189921,0.9076236263736264,0.5887725551347739,0.714227807053101,0.8911401098901099,0.5574650912996778,0.6858728690366064,0.8028115501519757,0.5759062414826929,0.6706871925091255
5,0.05,0.9266717325227963,0.5785104364326376,0.7123247663551402,0.9274316109422492,0.5853717026378897,0.7177300793884152,0.9065349544072948,0.5490105844454671,0.6838635712238464,0.8028115501519757,0.5759062414826929,0.6706871925091255
6,0.06,0.9167933130699089,0.6094973478151048,0.7322105901987559,0.9145136778115501,0.617654606107262,0.7373257773012714,0.9186384391863844,0.5421362077413033,0.6818672007394855,0.7945205479452054,0.570832090665076,0.6643526553280111
7,0.07,0.9310917393109174,0.6027949475947326,0.7318107667210441,0.9394890183774093,0.5726775956284152,0.7115939568833813,0.917974002689377,0.5318099195014282,0.6734626767510687,0.8007755695588948,0.5356679636835279,0.6419273363124149
8,0.08,0.9314208874943971,0.5923603192702395,0.7241679735145496,0.9305244285073958,0.6013904982618772,0.7306000351926799,0.9200193892389724,0.5207133058984911,0.6650315346881569,0.8007755695588948,0.5356679636835279,0.6419273363124149
9,0.09,0.9350460494425594,0.5808491418247516,0.7165676077265973,0.9335918565196316,0.5900735294117647,0.7231086915712409,0.9224724986904138,0.5088124819416354,0.6558659217877095,0.78365636458879,0.5252808988764045,0.6289678368719782
10,0.1,0.9434258774227344,0.5708399366085578,0.7112954186413901,0.9544444444444444,0.5547303842428156,0.7016540739228099,0.9109481403876375,0.5282503037667071,0.6687175543164775,0.7912023460410558,0.5117602427921093,0.6215157797742457
