,filter_abundance,precision_by_num_reads,recall_by_num_reads,F1_by_num_reads,precision_by_nts,recall_by_nts,F1_by_nts,precision_by_mean_cov,recall_by_mean_cov,F1_by_mean_cov,precision_by_med_cov,recall_by_med_cov,F1_by_med_cov
0,0.0,0.9962635201573254,0.6190127077223851,0.7635842942196097,0.9994100294985251,0.5878542510121457,0.7402767662053896,0.9994100294985251,0.5876503237742831,0.7401150513361974,0.7925270403146509,0.7508850381963853,0.7711442786069651
1,0.01,0.9352999016715831,0.7725795971410007,0.8461880615603593,0.9349065880039331,0.7731338429012847,0.846359266512373,0.9290068829891839,0.7518701257361133,0.8311048557353976,0.6629301868239922,0.8262254901960784,0.7356246590289143
2,0.02,0.8882989183874139,0.8277441817848635,0.8569531398216658,0.8857423795476893,0.8343831048536495,0.8592960030525613,0.8788593903638151,0.8058059862964299,0.8407487536450005,0.6629301868239922,0.8262254901960784,0.7356246590289143
3,0.03,0.8371681415929203,0.8648923201950427,0.8508044368941741,0.8371681415929203,0.8709083469721768,0.8537050035094756,0.8306784660766962,0.8366013071895425,0.8336293664890467,0.6891133557800224,0.7331343283582089,0.7104425802719121
4,0.04,0.7978367748279253,0.891060839007248,0.8418759078647022,0.7937069813176008,0.8976868327402135,0.8425007827992903,0.7880039331366765,0.8583976006855184,0.8216958884445813,0.6891133557800224,0.7331343283582089,0.7104425802719121
5,0.05,0.9118967452300786,0.7683215130023641,0.833974852450603,0.9085297418630752,0.7757546717776713,0.8369087619539932,0.8841189674523008,0.7230380908673704,0.7955061853067407,0.6144781144781145,0.7708553326293559,0.6838407494145199
6,0.06,0.8866442199775533,0.7975769813225644,0.8397555142173798,0.8821548821548821,0.806360605283406,0.8425566126222699,0.8613916947250281,0.7500610798924994,0.8018806321013451,0.6144781144781145,0.7708553326293559,0.6838407494145199
7,0.07,0.8611111111111112,0.8238926174496645,0.8420908217862533,0.856341189674523,0.8336520076481836,0.8448442906574394,0.8381032547699214,0.7736337736337736,0.8045791245791245,0.6144781144781145,0.7708553326293559,0.6838407494145199
8,0.08,0.8355780022446689,0.8491588252067294,0.8423136755762977,0.8308080808080808,0.8577636152954808,0.8440706955530216,0.8125701459034792,0.7927730632356967,0.802549535818207,0.6291970802919709,0.7059787059787059,0.6653801620995754
9,0.09,0.8108866442199776,0.869172932330827,0.8390187255044274,0.8055555555555556,0.8793261868300153,0.8408258895885196,0.7906846240179574,0.8130409694171956,0.8017069701280228,0.6291970802919709,0.7059787059787059,0.6653801620995754
10,0.1,0.7881593714927049,0.8914630276102824,0.8366344005956814,0.7803030303030303,0.8985460420032311,0.835260549632077,0.7651515151515151,0.8273665048543689,0.7950437317784256,0.5912408759124088,0.7455131155085136,0.6594748626094038
