,filter_abundance,precision_by_num_reads,recall_by_num_reads,F1_by_num_reads,precision_by_nts,recall_by_nts,F1_by_nts,precision_by_mean_cov,recall_by_mean_cov,F1_by_mean_cov,precision_by_med_cov,recall_by_med_cov,F1_by_med_cov
0,0.0,0.7365830794469183,0.7262014787430684,0.7313554392088424,0.744082493555191,0.7095764889931836,0.7264199508093577,0.744082493555191,0.7095764889931836,0.7264199508093577,0.6714319193812983,0.7907811206182721,0.7262357414448669
1,0.01,0.8116458704693998,0.6497542413191691,0.7217330045790771,0.8108536343830461,0.6543071759629215,0.7242172297894922,0.8015448603683898,0.6337300344503601,0.7078268473983385,0.7413349178055061,0.682780007296607,0.7108536701167979
2,0.02,0.8454631379962193,0.6449170872386446,0.7316973415132925,0.8447542533081286,0.6507098653076083,0.7351429158955378,0.8329395085066162,0.6255545696539485,0.7145028884159319,0.7719754253308129,0.6543160424594432,0.7082926829268292
3,0.03,0.8692349430276722,0.635588176949018,0.7342729460295634,0.8676071622354856,0.641910879164994,0.7378864790032303,0.8524145415084102,0.6119984417608103,0.7124716553287982,0.7824199674443841,0.6292821296094261,0.6975450477687749
4,0.04,0.886052871467639,0.6273666092943201,0.7346013351807532,0.8884837435429961,0.6374536734248964,0.7423203858847423,0.8684290489213005,0.6015575668280362,0.7107684655558318,0.7936797326040718,0.6132895045785396,0.6919205298013246
5,0.05,0.9055064581917063,0.6156690547723596,0.7329756500206356,0.9044867437117607,0.623915592028136,0.7384487304009991,0.9027726432532347,0.5506200676437429,0.6840336134453782,0.8284658040665435,0.5656234225138819,0.672266386680666
6,0.06,0.9160813308687615,0.6120029636947394,0.7337873852531833,0.9157116451016636,0.6211133400200601,0.7401763036007769,0.9062124248496994,0.5424664107485605,0.6786732702986643,0.8264529058116232,0.5580514208389716,0.6662358642972537
7,0.07,0.9408718170047475,0.573080967402734,0.7123019114523771,0.9238476953907816,0.6154873164218959,0.7387820512820513,0.9115235217954252,0.5365853658536586,0.6755157524388294,0.8282261545101425,0.5523891767415083,0.6627525470557762
8,0.08,0.941908713692946,0.5687639198218263,0.7092518659954868,0.9400645458736745,0.5772933182332955,0.7153131029643921,0.9137851544490548,0.5316523605150214,0.6722062065457012,0.826187183033656,0.5443499392466585,0.6562900567661599
9,0.09,0.94287109375,0.567607289829512,0.7086238532110092,0.939453125,0.5755309602153754,0.7137822296419959,0.9150390625,0.5292290313470771,0.6706029701198783,0.81884765625,0.5387086411821395,0.6498740554156172
10,0.1,0.9436692506459948,0.5655001548467018,0.7072037180480248,0.9426356589147287,0.575031525851198,0.7143136870961426,0.9121447028423773,0.5240498812351544,0.6656609466339808,0.8266304347826087,0.5148950575490859,0.634543178973717
