,filter_abundance,precision_by_num_reads,recall_by_num_reads,F1_by_num_reads,precision_by_nts,recall_by_nts,F1_by_nts,precision_by_mean_cov,recall_by_mean_cov,F1_by_mean_cov,precision_by_med_cov,recall_by_med_cov,F1_by_med_cov
0,0.0,0.9969340003227368,0.7049292560474669,0.8258806229530111,0.9980635791512021,0.6847116129746486,0.8122127380170717,0.9980635791512021,0.6847116129746486,0.8122127380170717,0.964983056317573,0.7794577685088634,0.8623548922056385
1,0.01,0.8933354849120542,0.9038367346938776,0.8985554293134232,0.8904308536388575,0.9084622983207112,0.8993562056882078,0.8826851702436663,0.8808373590982287,0.8817602966067544,0.830563175730192,0.890022479681826,0.8592654424040066
2,0.02,0.9292682926829269,0.8536221060492906,0.889840404826781,0.9254065040650407,0.8588945481984531,0.8909108697779081,0.9119918699186992,0.8236049926578561,0.8655478395061728,0.8404471544715447,0.8469889389594428,0.8437053662517853
3,0.03,0.8861788617886179,0.9004543577034283,0.8932595779553371,0.8821138211382114,0.907190635451505,0.8944765045342126,0.8684959349593496,0.8649797570850203,0.8667342799188642,0.8030487804878049,0.8735352642051736,0.836810335698401
4,0.04,0.9232440260680667,0.8597437626432907,0.8903631284916201,0.9186579773111272,0.8677610579115367,0.8924844647672645,0.8916244267439054,0.8102654090809388,0.8490002298322225,0.8252474052618876,0.8181383106006221,0.8216774813746696
5,0.05,0.8880038619357953,0.8923114237205918,0.8901524316477134,0.8839005551532706,0.9013044548363278,0.8925176699975627,0.8578324885348781,0.8364321016709814,0.8469971401334605,0.8013516775283611,0.8354302969300453,0.8180362202784279
6,0.06,0.854211923726768,0.9206555671175859,0.8861900588456241,0.850591358918658,0.9295700342917436,0.8883287118729519,0.8250060342746802,0.8585782466716906,0.8414574101427869,0.8195216907675195,0.7971328103868001,0.8081722199369259
7,0.07,0.8909899888765295,0.8865522966242391,0.88876560332871,0.8879310344827587,0.8974142776840922,0.8926474699468828,0.8526140155728588,0.8184730379071009,0.8351947698174884,0.7917130144605117,0.8195164075993091,0.8053748231966055
8,0.08,0.8620689655172413,0.91015854374633,0.8854612967723507,0.85734149054505,0.919475096928124,0.8873219168225643,0.8278642936596218,0.8416737348035058,0.834711902425347,0.7605672969966629,0.8405039950829748,0.7985401459854014
9,0.09,0.8970541653468482,0.8789571694599627,0.887913466060511,0.8948368704466265,0.8914484064373619,0.8931394245969018,0.8574596135571745,0.8080597014925374,0.8320270477946827,0.7918910357934749,0.8122157244964262,0.801924619085806
10,0.1,0.8691796008869179,0.8976120379456984,0.8831670421628582,0.8647450110864745,0.9090909090909091,0.8863636363636364,0.8346531517263225,0.8278353754319824,0.8312302839116719,0.7602153943617358,0.8284432171211599,0.7928642220019821
