,filter_abundance,precision_by_num_reads,recall_by_num_reads,F1_by_num_reads,precision_by_nts,recall_by_nts,F1_by_nts,precision_by_mean_cov,recall_by_mean_cov,F1_by_mean_cov,precision_by_med_cov,recall_by_med_cov,F1_by_med_cov
0,0.0,0.9916392953120334,0.7520380434782609,0.8553766902768833,0.9935801731860257,0.7332525341560159,0.8437935843793585,0.9935801731860257,0.7332525341560159,0.8437935843793585,0.9676022693341296,0.8058940562049242,0.8793758480325645
1,0.01,0.8683189011645267,0.9370066054454648,0.9013560635412631,0.863989250522544,0.9396005845104725,0.9002100023333592,0.861749776052553,0.917209597965994,0.8886151951350937,0.8200955509107196,0.9202546490199364,0.8672929659745796
2,0.02,0.9037932930181418,0.9037932930181418,0.9037932930181418,0.9014110317024006,0.9107572671727457,0.9060600478909557,0.8893164742532527,0.8756766510285096,0.8824438585325939,0.8484515301447682,0.8817368120358027,0.864774000747105
3,0.03,0.9218317358892438,0.874873660804528,0.8977390582866625,0.9186368477103302,0.8821844958069135,0.900041736227045,0.8958466453674121,0.8343582622495537,0.8640098603122432,0.8579339723109691,0.8419732441471572,0.8498786791855681
4,0.04,0.8822151224707135,0.9083333333333333,0.895083738519719,0.8775292864749734,0.9157590575683485,0.8962366760931042,0.8594249201277955,0.8660656793303284,0.8627325208466966,0.8161874334398296,0.8661844484629295,0.8404430310341047
5,0.05,0.9097323600973236,0.8816316906390003,0.895461621362711,0.9058394160583941,0.8908829863603733,0.8982989504162142,0.8759124087591241,0.8283479061205706,0.8514664143803217,0.8277372262773722,0.8287454323995128,0.8282410225197809
6,0.06,0.8742092457420925,0.9054939516129032,0.8895766278781877,0.8686131386861314,0.913510747185261,0.8904963831379397,0.8450121654501217,0.8508084272415483,0.847900390625,0.8029197080291971,0.843558282208589,0.8227374719521318
7,0.07,0.8981758780288592,0.8839764201500536,0.8910195813639433,0.8940920228695889,0.8945791337510215,0.8943355119825708,0.8614211815954261,0.820965230928905,0.8407067888933174,0.8154097468009801,0.8178590933915892,0.8166325835037491
8,0.08,0.8665940647971685,0.9034913426057337,0.8846581434130072,0.8660495507759325,0.9185677158533064,0.8915358744394619,0.8339232235230057,0.8389482333607231,0.8364281813216823,0.7862782466648516,0.8371014492753623,0.8108942861154009
9,0.09,0.8882866606443842,0.8840275696733593,0.8861519975968759,0.8858777476663655,0.8977723527616722,0.8917853895119732,0.8482384823848238,0.8120495820121072,0.8297496318114873,0.8057813911472448,0.8091926217115211,0.8074834037417018
10,0.1,0.8647997591087022,0.9062795834648154,0.8850539291217258,0.8581752484191508,0.9163987138263665,0.8863318301974809,0.8217404396266185,0.8267191760072705,0.8242222893385683,0.7732610659439928,0.8225496476617553,0.7971441874902997
