,filter_abundance,precision_by_num_reads,recall_by_num_reads,F1_by_num_reads,precision_by_nts,recall_by_nts,F1_by_nts,precision_by_mean_cov,recall_by_mean_cov,F1_by_mean_cov,precision_by_med_cov,recall_by_med_cov,F1_by_med_cov
0,0.0,0.9954391891891892,0.6779017600368112,0.8065421200301103,0.9983108108108109,0.6539780900741397,0.7902654275590025,0.9983108108108109,0.6539780900741397,0.7902654275590025,0.9283783783783783,0.7655662348516507,0.8391480265669136
1,0.01,0.9141891891891892,0.8595933926302414,0.8860510805500984,0.9125,0.8659826867585765,0.8886329988484949,0.9035472972972973,0.837875939849624,0.8694733420026008,0.7952702702702703,0.8619553277187844,0.8272711298541557
2,0.02,0.845945945945946,0.9088929219600725,0.8762904636920386,0.8430743243243243,0.9142700128228614,0.8772299850601984,0.8358108108108108,0.8816821097647898,0.8581338883107874,0.7363175675675676,0.8831037277147488,0.8030582166543847
3,0.03,0.9162647961420429,0.8383473726434015,0.8755760368663594,0.91297676457694,0.8439716312056738,0.8771190902390228,0.8925909688733011,0.7993718099725167,0.8434134217067109,0.7987724682156949,0.8103179897709584,0.8045038083673695
4,0.04,0.8765892152564665,0.8712418300653595,0.8739073426573428,0.8746163963174046,0.8807947019867549,0.8776946766388034,0.8557650153441473,0.8309919114516816,0.843196544276458,0.7573432704953967,0.8349444175930402,0.7942528735632184
5,0.05,0.8410784743533538,0.9015507518796992,0.8702653662962123,0.8338448049101271,0.9057142857142857,0.8682949098379364,0.8233231039017974,0.8575342465753425,0.840080518899575,0.718544498027181,0.8523140925637025,0.7797335870599429
6,0.06,0.9036857680925477,0.8439698492462312,0.8728075873717033,0.8980360505784235,0.8510963793982662,0.8739363791072131,0.87409200968523,0.790318657261007,0.8300970873786407,0.7680925477535647,0.7923952262003886,0.7800546448087432
7,0.07,0.8754371805219263,0.8712182061579652,0.873322597960279,0.869787463007802,0.8785326086956522,0.8741381641205895,0.8469195587839655,0.8125967991739804,0.8294032406797522,0.7395749260156039,0.809958750736594,0.7731683307551681
8,0.08,0.8436911487758946,0.889645390070922,0.8660590996962165,0.8369652945924132,0.8968002306140098,0.8658502644030058,0.8210922787193974,0.8336520076481836,0.8273244781783682,0.7094430992736077,0.8266457680250784,0.7635731866222673
9,0.09,0.89888,0.8412698412698413,0.869121287128713,0.89248,0.8497867154174285,0.8706102700171687,0.7949959644874899,0.8515850144092219,0.8223180743008209,0.75168,0.7785880013258204,0.76489742754803
10,0.1,0.87648,0.8645833333333334,0.8704910217702208,0.87008,0.8734339865081915,0.8717537672330874,0.84608,0.8016979987871438,0.8232912969017593,0.73184,0.7924462924462925,0.7609382798203295
