,filter_abundance,precision_by_num_reads,recall_by_num_reads,F1_by_num_reads,precision_by_nts,recall_by_nts,F1_by_nts,precision_by_mean_cov,recall_by_mean_cov,F1_by_mean_cov,precision_by_med_cov,recall_by_med_cov,F1_by_med_cov
0,0.0,0.9971650253655625,0.756337709370756,0.8602136697129618,0.9983586988958519,0.7367319973574102,0.847820577800304,0.9983586988958519,0.7367319973574102,0.847820577800304,0.9800059683676514,0.8027377169396236,0.8825584520290245
1,0.01,0.8707848403461653,0.9418979987088444,0.9049465033338503,0.8667561921814384,0.9445528455284553,0.9039838157485215,0.8657117278424351,0.9219767996186239,0.8929588303193536,0.9194753142648934,0.8309186697398748,0.8729568451094005
2,0.02,0.9032610675897249,0.9105601469237833,0.906895920980428,0.8997995991983968,0.9163265306122449,0.9079878665318504,0.8875933685552924,0.8803758583303216,0.8839698811575796,0.8582619785024594,0.8848610067618332,0.8713585498936466
3,0.03,0.9225367099382847,0.877175232699312,0.8992843066071983,0.9216854649925517,0.8871364195002048,0.9040809936332324,0.8997659076399234,0.8398887564560985,0.8687968766053631,0.8682698446477974,0.8410636982065554,0.8544502617801046
4,0.04,0.8846563098531602,0.9140281442392261,0.8991024115929491,0.8791232177058949,0.9202494987747828,0.8992163691771877,0.859757395190466,0.8680704770090245,0.8638939377739762,0.8274100872526069,0.8678571428571429,0.847151105784944
5,0.05,0.9047848040394325,0.8900189214758751,0.8973411231668057,0.9006972830007214,0.8985368193811466,0.8996157540826129,0.8740081750420774,0.8369790467418835,0.8550929193131027,0.8417888915604713,0.8365591397849462,0.8391658676893577
6,0.06,0.8718441933157008,0.916350770785949,0.893543617545589,0.867275787448906,0.9258213552361396,0.895592799503414,0.8427506612166387,0.8590686274509803,0.8508314115790752,0.8086078384226978,0.8565970453387672,0.8319109461966606
7,0.07,0.8975387907972178,0.9018817204301075,0.8997050147492626,0.8913857677902621,0.9101338432122371,0.9006622516556291,0.8600856072766185,0.8350649350649351,0.8473906167633105,0.8242375601926164,0.832477708727371,0.8283371420889905
8,0.08,0.868111289459604,0.9245014245014245,0.8954194260485652,0.862760834670947,0.9342410196987254,0.8970792767732962,0.8317281968967363,0.8529492455418382,0.8422050656914534,0.8311878291398479,0.8128755364806867,0.8219296976710545
9,0.09,0.8812170860152135,0.9066827212522577,0.8937685459940654,0.8777062609713283,0.9191176470588235,0.8979347500748279,0.8443534230544177,0.834345186470078,0.8393194706994329,0.8033937975424225,0.8281061519903499,0.8155628155628155
10,0.1,0.9045323047251688,0.8922003804692454,0.8983240223463689,0.8993892639022822,0.9037467700258398,0.9015627517319156,0.8186073727325922,0.8501975083561227,0.8341034431360859,0.8219222115075538,0.8120038107335662,0.8169329073482429
