,filter_abundance,precision_by_num_reads,recall_by_num_reads,F1_by_num_reads,precision_by_nts,recall_by_nts,F1_by_nts,precision_by_mean_cov,recall_by_mean_cov,F1_by_mean_cov,precision_by_med_cov,recall_by_med_cov,F1_by_med_cov
0,0.0,0.7370973759482652,0.7066889233337308,0.721572924275627,0.7465489366994155,0.6844925883694413,0.714175242400809,0.746673299340878,0.6844505243958048,0.7142092428477963,0.637731625419724,0.7897736023409826,0.7056557038667951
1,0.01,0.7697117054532824,0.716920090585571,0.7423785594639866,0.7686696769711705,0.7215520052168243,0.7443659603094517,0.76276484890587,0.702270546850016,0.7312687312687313,0.6785342132684961,0.7408039438756162,0.7083031182015953
2,0.02,0.8103901797457256,0.6813490600810911,0.7402883460152183,0.8090749671196843,0.6872090858313163,0.7431793013188361,0.7994300745287155,0.6630909090909091,0.7249055853707017,0.7047347654537484,0.7008938303902332,0.7028090501694174
3,0.03,0.8469574301384173,0.6599511599511599,0.7418506233558274,0.8459127709584748,0.6667352820090572,0.7457119834235064,0.8684766214177979,0.5763763763763764,0.6929001203369435,0.7601809954751131,0.6225296442687747,0.6845035990764634
4,0.04,0.8751131221719457,0.6433799068529608,0.7415644171779141,0.8733031674208145,0.6489576328177539,0.7445987654320987,0.8842356145726932,0.5630962705984388,0.6880381507484434,0.7585972080354103,0.6120879120879121,0.6775125437129391
5,0.05,0.8907048008171604,0.6249402771141902,0.7345219710796014,0.8896833503575077,0.6313119110896351,0.738552854720181,0.8943794794417201,0.5515236101418934,0.6823021582733813,0.7906976744186046,0.5736667670985236,0.6649205517723066
6,0.06,0.9068276122218031,0.6131089007906146,0.7315885575167377,0.9056959637872501,0.6210553543714433,0.7368421052631579,0.8792908336476801,0.5782684197469611,0.6976953008081412,0.7906976744186046,0.5736667670985236,0.6649205517723066
7,0.07,0.9177740863787376,0.6011969532100109,0.7264957264957265,0.9177740863787376,0.6093189964157706,0.7323943661971831,0.8899501661129569,0.5646903820816864,0.6909559890375625,0.7854545454545454,0.5674876847290641,0.6589132507149668
8,0.08,0.925,0.5874711316397229,0.7185734463276837,0.9245454545454546,0.5954332552693209,0.7243589743589745,0.8986363636363637,0.5514644351464435,0.6834917891097666,0.8009478672985783,0.5355633802816901,0.641907575437856
9,0.09,0.9357843137254902,0.5818348064614447,0.7175342980642737,0.9352941176470588,0.5910780669144982,0.724373576309795,0.903921568627451,0.5429917550058893,0.6784400294334069,0.8131622978248745,0.5196008553100498,0.6340508806262231
10,0.1,0.942074776197999,0.5759819703799098,0.7148851148851149,0.9447077409162717,0.5866579463701765,0.7238248940891667,0.9067930489731437,0.5341191066997518,0.6722623462814756,0.788622420524261,0.5362153962836557,0.6383747178329571
