,filter_abundance,precision_by_num_reads,recall_by_num_reads,F1_by_num_reads,precision_by_nts,recall_by_nts,F1_by_nts,precision_by_mean_cov,recall_by_mean_cov,F1_by_mean_cov,precision_by_med_cov,recall_by_med_cov,F1_by_med_cov
0,0.0,0.9976430976430977,0.6846118299445472,0.8120032885722117,0.9988215488215488,0.6629791038104816,0.7969642017596884,0.9988215488215488,0.6629791038104816,0.7969642017596884,0.9348484848484848,0.7663538504002209,0.842256939177916
1,0.01,0.922053872053872,0.8684001902647852,0.8944231240303746,0.9178451178451178,0.8713440946140323,0.8939903254898744,0.9107744107744108,0.8471656749138741,0.8778192438747363,0.8042087542087543,0.8713973002553812,0.8364559621782526
2,0.02,0.8563973063973064,0.9169069935111752,0.8856197771587744,0.8505050505050505,0.9195485984710593,0.8836802518803568,0.8446127946127946,0.8903283052351375,0.8668682505399568,0.7535353535353535,0.8964550370518726,0.8188054513857128
3,0.03,0.9122391912239192,0.8413013291013688,0.8753353973168215,0.9100881910088191,0.8492573263749498,0.8786211193022532,0.8902989890298989,0.8061940007791196,0.8461617090871921,0.804043880404388,0.8156229543966834,0.8097920277296361
4,0.04,0.8758872875887288,0.8760757314974182,0.8759814994084113,0.8718003871800387,0.8835840418574231,0.8776526634906885,0.8565282856528286,0.8381393390865081,0.8472340425531915,0.7601634760163476,0.8297722470063396,0.79344409519533
5,0.05,0.8421165842116585,0.9047839149526231,0.8723262032085561,0.8373843837384384,0.912778429073857,0.8734574826116221,0.8223273822327383,0.8620067643742954,0.841699691765742,0.7244568724456872,0.8500757193336699,0.7822552549065148
6,0.06,0.9000262398320651,0.8471227463571253,0.8727735368956743,0.8987142482288113,0.8588264794383149,0.8783177330426978,0.8680136447126738,0.7936660268714012,0.8291765885449305,0.7659406979795329,0.7899864682002706,0.7777777777777779
7,0.07,0.8714248228811335,0.8730283911671924,0.8722258699934339,0.8682760430333246,0.8835781041388518,0.8758602435150873,0.8407242193649961,0.8140243902439024,0.8271589002194397,0.7376016793492521,0.809153713298791,0.7717227179135209
8,0.08,0.8441353975334558,0.8956013363028953,0.8691071187356476,0.8388874311204408,0.9051528878822197,0.870761269236007,0.8160587772238258,0.8342274678111588,0.8250431091656719,0.7090002623983207,0.8207776427703524,0.7608052935379418
9,0.09,0.8965948141205873,0.8436213991769548,0.8693018325003786,0.8909715713839426,0.8531259347891116,0.8716381418092909,0.8591065292096219,0.7766167749223383,0.8157816671610797,0.7475788815995001,0.7687118535175073,0.7579980994615141
10,0.1,0.8722274289284598,0.8646639826571694,0.8684292379471229,0.8681661980631052,0.8761034047919294,0.8721167425074534,0.8347391440174945,0.7933491686460807,0.8135180392753844,0.7216494845360825,0.7819905213270142,0.7506092607636068
