,filter_abundance,precision_by_num_reads,recall_by_num_reads,F1_by_num_reads,precision_by_nts,recall_by_nts,F1_by_nts,precision_by_mean_cov,recall_by_mean_cov,F1_by_mean_cov,precision_by_med_cov,recall_by_med_cov,F1_by_med_cov
0,0.0,0.9969188106609151,0.7395428571428572,0.849156879469851,0.9983053458635033,0.7191210742425924,0.8360211585601858,0.9983053458635033,0.7191210742425924,0.8360211585601858,0.9721152364812817,0.7943101711983888,0.8742639418081054
1,0.01,0.8829148051147743,0.9265966046887631,0.9042284632376144,0.8806039131104606,0.9295820458611156,0.9044303797468354,0.8759821291018333,0.9039745627980922,0.8897582348798999,0.8308427052842398,0.9120581768983596,0.8695582070299903
2,0.02,0.9182655410590944,0.8801029790364104,0.8987793427230047,0.9153875671527245,0.8849935076980152,0.8999339809487881,0.9036838066001535,0.8511022768341163,0.8766052484645449,0.8509209516500383,0.8616669904798911,0.8562602567815426
3,0.03,0.8702993092862624,0.9176613392676513,0.8933530280649925,0.866462010744436,0.9244626407369498,0.8945231256808952,0.8555257099002302,0.8856007944389275,0.8703035034644286,0.8652450090744102,0.8189821773674039,0.8414782129067844
4,0.04,0.9078947368421053,0.8799472295514512,0.8937025457793658,0.9053992740471869,0.888666221331552,0.8969547140128105,0.8820326678765881,0.8350515463917526,0.8578993821712269,0.8282667876588021,0.8406631360810499,0.8344189235515941
5,0.05,0.8715970961887477,0.9080595603876153,0.8894547980090287,0.8679673321234119,0.9175059952038369,0.8920494287712752,0.8446007259528131,0.8568469505178365,0.8506797669370503,0.7962794918330308,0.8579809337570277,0.8259795270031768
6,0.06,0.9028423772609819,0.8827690752905508,0.8926928972917731,0.900516795865633,0.8940482298614674,0.8972708547888772,0.869250645994832,0.8243077677039942,0.8461828700792354,0.8222222222222222,0.8264935064935065,0.8243523316062176
7,0.07,0.8767441860465116,0.9118516527815104,0.893953365827954,0.8700258397932816,0.9196940726577438,0.8941707608551323,0.8416020671834625,0.8457543495196053,0.8436730993394639,0.7919896640826873,0.8404167809158212,0.815484900891313
8,0.08,0.8990772779700116,0.8880660780404444,0.8935377561255193,0.8938869665513264,0.8980301274623407,0.8959537572254335,0.8610149942329873,0.818755141211955,0.8393534785664091,0.8044982698961938,0.8217967599410898,0.8130555150808685
9,0.09,0.870242214532872,0.908215467950647,0.8888234427919304,0.8641868512110726,0.9181985294117647,0.8903743315508021,0.8379469434832757,0.8396417220456516,0.8387934766921633,0.777681660899654,0.8386194029850746,0.8070017953321365
10,0.1,0.8959871589085072,0.8849080532656943,0.8904131440421119,0.8898876404494382,0.8956381260096931,0.8927536231884058,0.8548956661316212,0.8089307411907655,0.8312782893710003,0.8019261637239166,0.8097244732576986,0.8058064516129033
