,filter_abundance,precision_by_num_reads,recall_by_num_reads,F1_by_num_reads,precision_by_nts,recall_by_nts,F1_by_nts,precision_by_mean_cov,recall_by_mean_cov,F1_by_mean_cov,precision_by_med_cov,recall_by_med_cov,F1_by_med_cov
0,0.0,0.7276344208252813,0.7420588917226988,0.7347758709751477,0.734795953165852,0.72279995527228,0.7287485907553551,0.734795953165852,0.7226383454443823,0.7286664412129411,0.6820506991019666,0.7959671000265323,0.7346189164370982
1,0.01,0.8043848043848044,0.689119170984456,0.7423040027906166,0.8041958041958042,0.693900848010437,0.7449881817385976,0.7962577962577962,0.6731107205623902,0.7295238095238096,0.7552447552447552,0.7138263665594855,0.7339516943704656
2,0.02,0.8336673346693386,0.6889952153110048,0.7544584382871536,0.8332219995546649,0.6961860465116279,0.7585647678897224,0.8196392785571143,0.6663649529326575,0.7350973539690464,0.8161914460285132,0.6538853763002244,0.7260785867965123
3,0.03,0.8864289821736631,0.6258627689809175,0.7336982389338409,0.8870040253018976,0.6338606944729813,0.7393648891551828,0.8694652098907418,0.6019108280254777,0.7113620324629498,0.8352501437607821,0.6251344953733592,0.7150769230769232
4,0.04,0.8996495699267283,0.6224377341855852,0.7357998957790516,0.8977381331634279,0.629579982126899,0.7401181877872619,0.8786237655304237,0.5940124919233254,0.7088152145977897,0.843262185409366,0.6029612756264237,0.7031478283968654
5,0.05,0.9127704117236567,0.6203462176903012,0.7386700550614146,0.9127704117236567,0.6297544535387578,0.7452991452991453,0.8900907187718073,0.5888734995383195,0.7088080022228397,0.8685213414634146,0.5726130653266331,0.6901877649909146
6,0.06,0.9241615853658537,0.61454637607704,0.7382039573820396,0.9233993902439024,0.6240020602626835,0.7447364376824956,0.9153094462540716,0.5524698943229295,0.6890421455938697,0.869299674267101,0.5611038107752957,0.6819996805622105
7,0.07,0.9422492401215805,0.5850633593960636,0.7218895542248835,0.9409465914025185,0.5938613318717457,0.7281586021505376,0.9174989144594008,0.5504037509768169,0.688049495278411,0.8601823708206687,0.5621452894438138,0.6799382186373778
8,0.08,0.941747572815534,0.5818337617823479,0.7192796610169492,0.9398982894128525,0.5908166230746876,0.7255531763026409,0.9121590383726306,0.5427785419532325,0.6805795101759227,0.8603791030975497,0.5545292014302742,0.6743975357854683
9,0.09,0.9425231368728689,0.5835343787696019,0.7208046191097038,0.9410618606916707,0.5933660933660934,0.7278206818609908,0.9089137847053093,0.5410263844592635,0.6782988004362049,0.8645884072089625,0.5503875968992248,0.6726032588101553
10,0.1,0.9459598558929491,0.5840482999682237,0.7222003929273084,0.9459598558929491,0.5954000647878199,0.7308151093439365,0.9109624292331446,0.5396341463414634,0.6777713957495692,0.8603773584905661,0.528127068166777,0.6545007176542957
