,filter_abundance,precision_by_num_reads,recall_by_num_reads,F1_by_num_reads,precision_by_nts,recall_by_nts,F1_by_nts,precision_by_mean_cov,recall_by_mean_cov,F1_by_mean_cov,precision_by_med_cov,recall_by_med_cov,F1_by_med_cov
0,0.0,0.9920140552627376,0.7191987031032886,0.833859166275089,0.9944098386839163,0.6956424581005587,0.8186181053185194,0.9944098386839163,0.6954870420017873,0.8185104844540854,0.9469733269445776,0.788850452368281,0.8607098787834797
1,0.01,0.8923494649417026,0.8999677835051546,0.8961424332344213,0.8880370547835809,0.9034774130646733,0.8956906967378171,0.8846829579939307,0.8821468386685778,0.8834130781499202,0.7954000958313369,0.907103825136612,0.8475874393668624
2,0.02,0.933524238085498,0.8397424103035879,0.8841534289035258,0.9312742892206995,0.8453397697734868,0.8862287104622871,0.914501943137656,0.8101105272694329,0.8591468101460416,0.8326856207813459,0.8414634146341463,0.837051506116994
3,0.03,0.8913888320719984,0.8870343985345003,0.8892062844317487,0.8866843935365105,0.8899609936358037,0.8883196721311475,0.8711392922888116,0.8499301536619437,0.8604040404040404,0.7991409286152588,0.8632346442775077,0.8299522039298991
4,0.04,0.8451626099406832,0.9115376130597838,0.877096157928253,0.8390263857639599,0.917262969588551,0.8764020937933982,0.8273675598281858,0.8742165550032418,0.8501471206389241,0.81005859375,0.8138337012509198,0.8119417594518537
5,0.05,0.8916015625,0.8686964795432921,0.8800000000000001,0.8876953125,0.8767783940197733,0.882203081402402,0.866455078125,0.8232428670842032,0.8442964196502915,0.7861328125,0.8277634961439588,0.8064112196343601
6,0.06,0.859619140625,0.8972986748216106,0.8780548628428927,0.855224609375,0.9047004132231405,0.8792670682730923,0.83544921875,0.8468200940361297,0.8410962271107288,0.735595703125,0.8535410764872521,0.7901914503015998
7,0.07,0.828125,0.9194903767958796,0.8714193962748875,0.9036213287710294,0.872041827187672,0.8875507631984316,0.8702594810379242,0.8023133543638276,0.8349063055669539,0.7815796977473625,0.8092707410687925,0.7951842181607195
8,0.08,0.8808098089535216,0.8886651323360184,0.8847200343691822,0.8788138009694896,0.9003797838153667,0.8894660894660893,0.8457370972341032,0.8252643294379521,0.8353752992536262,0.7639007698887939,0.8232944068838353,0.7924863185919242
9,0.09,0.8551468491588252,0.9121046228710462,0.8827078734363503,0.851725121186199,0.9236239950525664,0.8862186619195965,0.8214998574280011,0.8461086637298091,0.8336226851851852,0.7268320501853436,0.8460006637902423,0.7819018404907975
10,0.1,0.8892137751786875,0.8783697047496791,0.8837584759444624,0.8862897985705003,0.8903394255874674,0.8883099967437317,0.8489278752436648,0.8082276523352923,0.8280779591189986,0.7651072124756335,0.8109504132231405,0.7873620862587764
