,filter_abundance,precision_by_num_reads,recall_by_num_reads,F1_by_num_reads,precision_by_nts,recall_by_nts,F1_by_nts,precision_by_mean_cov,recall_by_mean_cov,F1_by_mean_cov,precision_by_med_cov,recall_by_med_cov,F1_by_med_cov
0,0.0,0.7291529152915291,0.7504528985507246,0.7396495926793883,0.7354235423542355,0.7365579550462759,0.7359903115710669,0.7353135313531353,0.7364477743499339,0.7358802157877353,0.6903190319031903,0.799770583736936,0.7410250354274917
1,0.01,0.7838217231093174,0.7287112561174551,0.7552624904894749,0.7822424986839797,0.7329825715225254,0.7568118156353449,0.7752237234602561,0.7108608205953338,0.7416484807789155,0.7462712756623969,0.7368329868329868,0.7415220992066951
2,0.02,0.8541221192682348,0.6724653946876169,0.7524856096284668,0.8538845331432644,0.6773464003015455,0.7554387808723069,0.8391541933951058,0.6478356566397653,0.7311872476969259,0.8058921358992635,0.678671468587435,0.7368306723145432
3,0.03,0.8629737609329446,0.6727272727272727,0.756066411238825,0.864033925258415,0.68115336397827,0.7617712349573548,0.8513119533527697,0.6498078090228606,0.737035337310693,0.8168566127749801,0.6639379577768203,0.7325014854426619
4,0.04,0.9012970578930718,0.6412334008552779,0.7493424513413992,0.8993989243910155,0.6480510599498518,0.7533121356650768,0.8788358114520721,0.6089434458570803,0.7194095558720704,0.8399240746599177,0.6324440209623631,0.7215654300856094
5,0.05,0.905971173644475,0.6401551891367604,0.7502131287297528,0.9070006863417982,0.6501845018450184,0.7574151024502077,0.8798901853122855,0.6031521994824747,0.7157013258897417,0.8643754619364376,0.5906565656565657,0.7017701770177017
6,0.06,0.9168514412416852,0.6439138333765897,0.7565177618539412,0.9296720663769261,0.6205168776371308,0.744266961885181,0.9028052153299091,0.5735441767068273,0.7014581734458942,0.8656657447649151,0.5878722833378052,0.7002237136465325
7,0.07,0.9278523489932886,0.611556538567874,0.737210464922513,0.9253355704697986,0.619837032874403,0.7423860003365303,0.9005872483221476,0.5728388473852721,0.7002609262883235,0.861996644295302,0.5823179370926608,0.6950786402841196
8,0.08,0.9300575475874281,0.6161290322580645,0.7412242017992591,0.9296148738379814,0.6263048016701461,0.7483962936564504,0.9074811863656486,0.5794234030525721,0.7072623770915991,0.8640991589198761,0.5875978326309452,0.6995162157319477
9,0.09,0.9407407407407408,0.5906976744186047,0.7257142857142859,0.9392592592592592,0.6001893341748186,0.732383519445514,0.9096296296296297,0.5495226730310262,0.6851404128696299,0.8716049382716049,0.5597843323818585,0.6817303978370026
10,0.1,0.9401135776974703,0.5954872465663833,0.7291291291291292,0.9380485286525555,0.6050616050616051,0.7356275303643726,0.9044914816726898,0.550251256281407,0.684241359109549,0.8695417789757413,0.5441970310391363,0.6694334924258145
