,filter_abundance,precision_by_num_reads,recall_by_num_reads,F1_by_num_reads,precision_by_nts,recall_by_nts,F1_by_nts,precision_by_mean_cov,recall_by_mean_cov,F1_by_mean_cov,precision_by_med_cov,recall_by_med_cov,F1_by_med_cov
0,0.0,0.99284464938782,0.7241939225237763,0.8375025149218699,0.9944347273016377,0.7014356213548677,0.8226241367971062,0.9944347273016377,0.7014356213548677,0.8226241367971062,0.9449833041819049,0.794200187090739,0.8630554748765612
1,0.01,0.8882175226586103,0.902277499596188,0.8951923076923077,0.8851963746223565,0.9049089726918076,0.8949441363234466,0.8801081252981396,0.8802480916030534,0.8801781028862209,0.790427730958817,0.9021778584392014,0.8426137808288838
2,0.02,0.9301951317642325,0.8495315083593606,0.8880353370462838,0.927781130557232,0.8553412462908012,0.8900897423526006,0.9143029571514786,0.8211382113821138,0.8652198743575101,0.8551599275799638,0.8267211201866977,0.8407000889943637
3,0.03,0.8851337759002212,0.889967637540453,0.8875441250630356,0.8799034399517199,0.8955773955773956,0.8876712328767122,0.8698451015892175,0.8586179507545671,0.8641950634555812,0.7968215650774492,0.8623993032876116,0.828314512756169
4,0.04,0.8402735868034601,0.9176186291739895,0.877244565788092,0.8364514182257091,0.9258517034068137,0.8788839568801523,0.9013605442176871,0.7966502039939876,0.8457768152285421,0.8386783284742468,0.8,0.8188826948167477
5,0.05,0.8982021379980564,0.8748225272124941,0.8863581874850157,0.8972303206997084,0.8858239385943871,0.8914906457453229,0.8688046647230321,0.8228255867464335,0.8451902623493264,0.7898445092322643,0.8287025235788937,0.8088070655554174
6,0.06,0.8675898931000972,0.9026794742163802,0.8847869177403369,0.8617589893100097,0.9104209445585215,0.8854218671992011,0.8384353741496599,0.8452118540289003,0.8418099768264422,0.7665208940719145,0.8413333333333334,0.802186625985253
7,0.07,0.9045492603963159,0.871705217859064,0.8878235858101631,0.8975718671504326,0.8789286690352556,0.8881524440762221,0.8663131454088753,0.8058151609553479,0.8349697377269671,0.7806307563494278,0.8081479341230858,0.7941510505394662
8,0.08,0.8755233044934413,0.8942417331812998,0.8847835284163024,0.8693831984370639,0.9026369168356998,0.8856980381006538,0.8414736254535305,0.8269336258913879,0.8341402683635358,0.7563494278537538,0.8199697428139183,0.7868757259001161
9,0.09,0.8456600614010605,0.9126506024096386,0.8778791829639288,0.8395199553446833,0.9215686274509803,0.878632977946546,0.8171922969578566,0.845998266396995,0.8313458262350938,0.7365336310354451,0.8322295805739515,0.7814628368374297
10,0.1,0.877886744701044,0.8801141769743102,0.8789990497307572,0.8759886111989876,0.8943798449612403,0.885088700655266,0.8456184751660867,0.8119684082624544,0.8284518828451882,0.7595697564062006,0.8067876344086021,0.7824670034218674
