,filter_abundance,precision_by_num_reads,recall_by_num_reads,F1_by_num_reads,precision_by_nts,recall_by_nts,F1_by_nts,precision_by_mean_cov,recall_by_mean_cov,F1_by_mean_cov,precision_by_med_cov,recall_by_med_cov,F1_by_med_cov
0,0.0,0.7287690021716767,0.7383047707271885,0.733505895887259,0.7381415018859299,0.7215642458100558,0.7297587434318323,0.738255800662933,0.721514745308311,0.7297892774419524,0.6806492170533776,0.792309739222991,0.7322471564709498
1,0.01,0.8080365644639116,0.6834729381443299,0.7405532769002531,0.8076556846314987,0.6891452713682158,0.7437088996054362,0.7998476480670349,0.6688963210702341,0.7285342584562012,0.7491906303561227,0.7165755919854281,0.7325202495112187
2,0.02,0.8352169981916817,0.6798528058877645,0.7495689217973427,0.8345388788426763,0.6854808763460825,0.7527013251783894,0.8205244122965641,0.6577278492480522,0.730161922960877,0.8120978120978121,0.6521289789169078,0.7233749856700675
3,0.03,0.8550836550836551,0.6761652757989008,0.75517162991589,0.8543114543114543,0.6813795935126258,0.758108725445409,0.8694019069633054,0.6004789463181002,0.7103399433427763,0.8272175671771165,0.6325673884224481,0.7169149868536372
4,0.04,0.901935893367185,0.6269578645488639,0.7397188964081208,0.9003490955252301,0.634391771019678,0.7443263806900171,0.878133925737861,0.5980116706289172,0.7114939573155054,0.8187876864487464,0.6328182487122884,0.7138904261206419
5,0.05,0.911908077994429,0.6229781160799239,0.7402487280949689,0.9112116991643454,0.631058596575838,0.7456902692691266,0.8850974930362117,0.5896543725353747,0.7077822636781289,0.8304317548746518,0.6131105398457584,0.7054125998225378
6,0.06,0.9163816039528696,0.6144240570846076,0.7356216628527842,0.9167616875712656,0.6229338842975206,0.7418114716284792,0.8939566704675028,0.5820341499628805,0.7050359712230216,0.8425584255842559,0.5821529745042493,0.6885575473278606
7,0.07,0.9196391963919639,0.6080238547031716,0.7320496083550914,0.9196391963919639,0.6172261970280682,0.7386794006257204,0.8942189421894219,0.5733438485804416,0.6987025468524748,0.8442408376963351,0.5713020372010629,0.6814580031695722
8,0.08,0.937645416472778,0.5796892980437284,0.7164444444444443,0.937645416472778,0.588664913818288,0.7232591529073941,0.9106561191251745,0.5445186421814134,0.6815253351906668,0.8529548627268497,0.5633066994468346,0.6785119378123264
9,0.09,0.943759250123335,0.5818126520681265,0.7198494825964251,0.940799210656142,0.5896722325293754,0.7249572324653107,0.9146521953626048,0.5444933920704845,0.6826215022091311,0.8510113468179575,0.5725190839694656,0.6845238095238095
10,0.1,0.943064182194617,0.5847240051347882,0.7218700475435816,0.9425465838509317,0.5943211488250653,0.7289831865492394,0.9089026915113871,0.5431487782245592,0.6799612778315585,0.8462732919254659,0.5630165289256198,0.6761786600496277
