,filter_abundance,precision_by_num_reads,recall_by_num_reads,F1_by_num_reads,precision_by_nts,recall_by_nts,F1_by_nts,precision_by_mean_cov,recall_by_mean_cov,F1_by_mean_cov,precision_by_med_cov,recall_by_med_cov,F1_by_med_cov
0,0.0,0.9915735167669819,0.6764429845143125,0.8042401841132574,0.9944969905417025,0.6522670877509588,0.7878209931203597,0.9944969905417025,0.6522670877509588,0.7878209931203597,0.882201203783319,0.7792799635424579,0.8275528311017907
1,0.01,0.9164230438521066,0.8488372093023255,0.8813363102621351,0.9150472914875323,0.8514962393983038,0.8821286472148541,0.9086844368013758,0.8288627450980393,0.8669401148482363,0.7786758383490971,0.8443035614394928,0.8101628198246557
2,0.02,0.8579535683576957,0.8995672556797693,0.8782677581198839,0.8553740326741187,0.9056809905316825,0.8798089678959936,0.845743766122098,0.8730694123912658,0.8591893780573027,0.6995700773860705,0.8805194805194805,0.7796837565884044
3,0.03,0.9284412032816773,0.8081729815512795,0.8641425389755012,0.9266180492251596,0.8163019474001204,0.8679688333867007,0.9120328167730173,0.7796610169491526,0.8406679970591324,0.7447584320875114,0.7982413287738154,0.7705729780712096
4,0.04,0.8963081130355515,0.8461703958691911,0.8705179282868525,0.8931175934366454,0.8543710486156529,0.8733147632311977,0.877848678213309,0.8107766785939802,0.8429806324543166,0.686873290793072,0.8199129488574538,0.7475198412698413
5,0.05,0.8628076572470373,0.8778112682587527,0.8702447994483392,0.8577939835916135,0.8821185844855871,0.869786250722126,0.8457155879671833,0.8361874718341595,0.840924541128484,0.686873290793072,0.8199129488574538,0.7475198412698413
6,0.06,0.8297629899726527,0.8990123456790123,0.8630007110689737,0.8211030082041932,0.9030075187969925,0.8601098114108379,0.8103919781221514,0.8525533445216974,0.830938193714219,0.7197597941092365,0.7563100961538461,0.7375824175824176
7,0.07,0.9022018873319989,0.8291721419185283,0.864146809093399,0.8990563340005719,0.8392952482648158,0.868148557227668,0.8718901915927938,0.7742508887760284,0.8201748486886349,0.7197597941092365,0.7563100961538461,0.7375824175824176
8,0.08,0.8787532170431799,0.8552741441692179,0.866854724964739,0.872748069774092,0.8636106395019808,0.8681553121888778,0.8461538461538461,0.7932975871313673,0.8188736681887367,0.6820131541321133,0.7863501483679525,0.7304747320061256
9,0.09,0.8510151558478696,0.875036753895913,0.862858799652073,0.8458678867600801,0.8845693779904307,0.8647858500219266,0.8235630540463255,0.8128704487722269,0.8181818181818181,0.7068080738966815,0.7381207574133619,0.7221251310730513
10,0.1,0.8235630540463255,0.8921933085501859,0.8565055762081784,0.8169859879897055,0.9004097069019855,0.856671664167916,0.7972547898198455,0.8270542865618511,0.8118811881188119,0.7068080738966815,0.7381207574133619,0.7221251310730513
