,filter_abundance,precision_by_num_reads,recall_by_num_reads,F1_by_num_reads,precision_by_nts,recall_by_nts,F1_by_nts,precision_by_mean_cov,recall_by_mean_cov,F1_by_mean_cov,precision_by_med_cov,recall_by_med_cov,F1_by_med_cov
0,0.0,0.9901860260729457,0.7596359141476571,0.8597227521302304,0.9922367071920316,0.739358218729535,0.8473325411220214,0.9922367071920316,0.739358218729535,0.8473325411220214,0.9701186465504614,0.8066991473812424,0.8808937953049144
1,0.01,0.8630437966896147,0.9445335043283104,0.9019517795637197,0.8596748205654021,0.9481421647819063,0.9017438733963279,0.8577706166691079,0.9242424242424242,0.8897667704930486,0.9040214477211796,0.8455366098294884,0.8738015029800467
2,0.02,0.8972296693476318,0.9157241882524626,0.9063825945653156,0.8927613941018767,0.9210768947077264,0.9066981303321837,0.8809651474530831,0.8823845327604726,0.8816742688489402,0.8539767649687221,0.8835059171597633,0.8684904117058985
3,0.03,0.9170822942643392,0.8900766438079871,0.9033776867963154,0.914380714879468,0.8974097491331837,0.9058157488419969,0.8946384039900249,0.8479416978530628,0.8706643745575892,0.8663757273482959,0.85046919624643,0.8583487749639696
4,0.04,0.8748960931005819,0.9216287215411558,0.8976545842217485,0.8697007481296758,0.9289678135405105,0.8983578405066008,0.8534912718204489,0.8764404609475032,0.8648136449778902,0.8243973399833749,0.8755241668505849,0.8491919083806058
5,0.05,0.8974419706300332,0.8927898209236569,0.8951098511693834,0.8943628612032212,0.9033492822966507,0.8988336110449892,0.8694931312174325,0.8398535804163807,0.8544163854300012,0.8351492183799147,0.8399237732253454,0.8375296912114014
6,0.06,0.8652297489341544,0.9208469876480968,0.8921724264256929,0.8590715300805305,0.9292851652574943,0.8927999999999998,0.8363334912363809,0.8603801169590644,0.8481864040355513,0.8467269824374667,0.8086404066073698,0.8272455479006889
7,0.07,0.8898350186269293,0.8969957081545065,0.8934010152284265,0.8829164449175093,0.9053206002728513,0.8939781759396471,0.8560404470463012,0.8308367768595041,0.8432503276539972,0.8179882916444917,0.8335140997830802,0.8256782164920762
8,0.08,0.8573709419904204,0.9161216946261018,0.8857731958762887,0.8520489622139436,0.9267727930535455,0.887841397476778,0.8294305481639169,0.8507096069868996,0.8399353274050122,0.7929749866950505,0.847072200113701,0.8191313908741066
9,0.09,0.8811415122094733,0.899669570441574,0.890309155766944,0.8787878787878788,0.914014687882497,0.8960551972401382,0.8423065607531627,0.8236478711162255,0.8328727272727273,0.8061194468961459,0.8223289315726291,0.814143515079483
10,0.1,0.894990366088632,0.8822412155745489,0.8885700621712098,0.8930635838150289,0.8973862536302033,0.895219700627716,0.8193586348926155,0.8431728731456252,0.8310951954640406,0.8137443802183687,0.802915082382763,0.8082934609250398
