,filter_abundance,precision_by_num_reads,recall_by_num_reads,F1_by_num_reads,precision_by_nts,recall_by_nts,F1_by_nts,precision_by_mean_cov,recall_by_mean_cov,F1_by_mean_cov,precision_by_med_cov,recall_by_med_cov,F1_by_med_cov
0,0.0,0.7324601366742597,0.7272418862377021,0.7298416841627419,0.7398633257403189,0.7125150817154766,0.725931720400067,0.7398633257403189,0.7125150817154766,0.725931720400067,0.6800683371298405,0.7820563195808775,0.7275053304904051
1,0.01,0.8030676008331755,0.672747461928934,0.7321536469572724,0.8040143912137853,0.6791426743442098,0.7363218590132663,0.7947358454838099,0.6541458852867831,0.7176199025391127,0.7562961560310547,0.6747761446190235,0.7132142857142857
2,0.02,0.8320593525179856,0.6718097658377201,0.7433966054032338,0.8329586330935251,0.6783229586232149,0.7477295660948536,0.8190197841726619,0.6474142527101475,0.7231761786600496,0.7571942446043165,0.6787585650947199,0.7158342189160467
3,0.03,0.8592745047594545,0.6697413274513736,0.7527608744647284,0.8567018266014922,0.6757305194805194,0.7555303460011344,0.8422948289169025,0.6420866836634634,0.7286890718896061,0.7851813738101363,0.6593216677468136,0.7167684358853923
4,0.04,0.9018855864493448,0.615485278080698,0.7316567280269639,0.8999680409076383,0.6231467138747511,0.7364016736401674,0.8859060402684564,0.5906669507777541,0.7087701355152135,0.8146372643016938,0.6167432857488507,0.7020104654365189
5,0.05,0.911682892906815,0.6176678445229682,0.736413425080747,0.9099443671766342,0.6256275400430313,0.7414647967134156,0.8904728789986092,0.5867124856815579,0.7073608617594255,0.8202364394993046,0.6034791506779228,0.6953574060427414
6,0.06,0.9206649036645259,0.6149381781478678,0.7373676248108926,0.9172648281072913,0.6228835300153925,0.7419404125286477,0.898753305629014,0.5818048422597212,0.706353919239905,0.831275720164609,0.5750071164247083,0.679791351169443
7,0.07,0.9279835390946503,0.6066720473500135,0.7336912314950382,0.9263374485596708,0.6157002188183808,0.7397305290831416,0.902880658436214,0.5701663201663202,0.6989487097801849,0.8348745046235139,0.5664774424858082,0.6749733001067996
8,0.08,0.9339498018494056,0.6054810162717671,0.7346726705923103,0.9321884632320564,0.6148707522509439,0.7409870493524676,0.9022457067371202,0.5639966969446738,0.6941056910569106,0.8337988826815642,0.5581177937052041,0.66865783087549
9,0.09,0.946078431372549,0.5830815709969789,0.7214953271028037,0.9475490196078431,0.5945862811442633,0.7306747306747307,0.9122549019607843,0.5411456818842687,0.6793210439861289,0.8355879292403746,0.5396505376344086,0.6557778685177624
10,0.1,0.9505723204994797,0.582403570290086,0.7222771298675627,0.9474505723204995,0.5914257875933745,0.7282543491301738,0.9157127991675338,0.5393809377873123,0.6788813886210222,0.8257023933402705,0.552384267316394,0.6619395203336809
