,filter_abundance,precision_by_num_reads,recall_by_num_reads,F1_by_num_reads,precision_by_nts,recall_by_nts,F1_by_nts,precision_by_mean_cov,recall_by_mean_cov,F1_by_mean_cov,precision_by_med_cov,recall_by_med_cov,F1_by_med_cov
0,0.0,0.9966772390877511,0.7454812471757795,0.8529696891359142,0.9981875849569551,0.7245916017980485,0.8396645915385592,0.9981875849569551,0.7245916017980485,0.8396645915385592,0.979459296178825,0.7949252267712674,0.8775965897557345
1,0.01,0.8791723304636762,0.939780432676784,0.9084666406554819,0.8746412928560641,0.9423921887713588,0.9072536424878584,0.9455409356725146,0.8245418326693227,0.8809057631735763,0.9124634502923976,0.8411388140161725,0.8753506311360449
2,0.02,0.903874269005848,0.9086900606283299,0.9062757672927163,0.9002192982456141,0.9149331352154532,0.9075165806927046,0.8881578947368421,0.8777316236229005,0.8829139794713416,0.8601973684210527,0.8794843049327354,0.8697339246119734
3,0.03,0.9255635899617184,0.8820429671665991,0.9032793690327936,0.921522756273926,0.8891853067925303,0.905065274151436,0.9002552105487027,0.8410490760977548,0.8696456086286595,0.8749468311356869,0.8418252506650297,0.8580665345708626
4,0.04,0.8864313058273076,0.9176574196389256,0.9017741237559498,0.8811144193960017,0.9245704083909841,0.9023195034302516,0.8577201190982561,0.8676850258175559,0.862673796791444,0.827520204168439,0.8700805008944544,0.8482668410725965
5,0.05,0.9101232181686397,0.8922311700615821,0.9010883865566318,0.9055327373761778,0.9009615384615385,0.9032413543800457,0.8767818313602319,0.8367535162554761,0.8563001415762153,0.8482725295965209,0.8365499166071003,0.8423704414587332
6,0.06,0.8767818313602319,0.9185016451531258,0.8971569839307787,0.8692920995409519,0.9254115226337448,0.8964743989037,0.8448900700652332,0.8585808986005401,0.851680467608378,0.8134815172747041,0.8600255427841634,0.8361062825925006
7,0.07,0.8976781857451404,0.8952611739364567,0.8964680506875168,0.8938984881209503,0.9066265060240963,0.9002175095160413,0.8625809935205183,0.8313817330210773,0.8466940506161389,0.8334233261339092,0.8309555854643338,0.8321876263647391
8,0.08,0.8698704103671706,0.9195205479452054,0.8940066592674806,0.8655507559395248,0.931164681963404,0.8971596474045054,0.8353131749460043,0.8504672897196262,0.8428221193135386,0.8452841416245165,0.8082503556187767,0.8263525305410122
9,0.09,0.890211246652782,0.9020198974977389,0.8960766696615753,0.8839631062183874,0.9121891311022413,0.8978543366576006,0.8533174650401666,0.8308227114716107,0.8419198590929106,0.8196965188931865,0.8268307322929171,0.823248169729568
10,0.1,0.8592680749776852,0.9174078780177891,0.8873866953449071,0.9026692708333334,0.8979922279792746,0.9003246753246753,0.8639322916666666,0.8084069448674992,0.8352478363493312,0.8271484375,0.8066666666666666,0.8167791706846673
