,filter_abundance,precision_by_num_reads,recall_by_num_reads,F1_by_num_reads,precision_by_nts,recall_by_nts,F1_by_nts,precision_by_mean_cov,recall_by_mean_cov,F1_by_mean_cov,precision_by_med_cov,recall_by_med_cov,F1_by_med_cov
0,0.0,0.7302325581395349,0.7551454138702461,0.7424800659884521,0.7360735532720389,0.740720583433112,0.7383897569444444,0.7360735532720389,0.7406399651719634,0.7383496989095643,0.7001622498647918,0.7957954266043767,0.7449220323378792
1,0.01,0.7823479005998286,0.7296994884910486,0.7551071044578612,0.781491002570694,0.7342995169082126,0.7571606475716065,0.7724078834618681,0.7117814276689829,0.7408564148927427,0.7437874892887746,0.7338518769022658,0.7387862796833773
2,0.02,0.8444291924044841,0.6714571584500637,0.748074584515606,0.8444291924044841,0.6777451340433346,0.7519608841805032,0.8318462594371997,0.6528999820434548,0.7315895372233401,0.8032486845115534,0.6724765370618655,0.732068390325271
3,0.03,0.863914373088685,0.6801765650080257,0.7611136057476425,0.8631498470948012,0.6875761266747868,0.7654237288135592,0.8714566376648891,0.613272763183883,0.7199165314166474,0.8436710637103565,0.6321766561514196,0.7227698966097621
4,0.04,0.9024166411746711,0.6436831769583242,0.7514009169638308,0.9024166411746711,0.652077807250221,0.7570896958809188,0.8791679412664424,0.6148908857509627,0.7236560493516304,0.8698360655737705,0.608346709470305,0.7159627580623399
5,0.05,0.9127868852459017,0.6547507055503292,0.7625308134757601,0.9111475409836065,0.6629293893129771,0.7674675504004419,0.8960624334870522,0.5794907088781831,0.7038172192811368,0.8744235544519333,0.5944055944055944,0.7077232271030721
6,0.06,0.9314912944738835,0.6195871097683786,0.744179014212277,0.9299772899318698,0.627906976744186,0.7496567505720823,0.9012112036336108,0.5818670576735093,0.7071577071577071,0.868660105980318,0.5970343392299687,0.7076780758556891
7,0.07,0.928254735993551,0.617426273458445,0.7415875060376751,0.9266424828698105,0.6259188674108358,0.7471563210919726,0.9149572649572649,0.5546632124352332,0.6906451612903225,0.8841880341880342,0.5660738714090288,0.6902418682235195
8,0.08,0.9446693657219973,0.5967604433077579,0.7314524555903867,0.9410706252811516,0.6046242774566474,0.736230863980292,0.9145299145299145,0.5566812705366923,0.6920851063829788,0.8753936122357175,0.5723529411764706,0.692157211452961
9,0.09,0.9476688867745005,0.5983778912586363,0.7335665623273798,0.9467174119885823,0.6081907090464548,0.7406029028656496,0.9138915318744053,0.5545612009237876,0.6902623068630974,0.8878411910669975,0.5479326186830016,0.6776515151515152
10,0.1,0.9515962924819773,0.5849952516619183,0.7245638110174475,0.9500514933058702,0.5945858846277796,0.7314172447968287,0.9116625310173697,0.5580194410692588,0.6922931976634633,0.8759011328527292,0.54554201411161,0.6723320158102766
