,filter_abundance,precision_by_num_reads,recall_by_num_reads,F1_by_num_reads,precision_by_nts,recall_by_nts,F1_by_nts,precision_by_mean_cov,recall_by_mean_cov,F1_by_mean_cov,precision_by_med_cov,recall_by_med_cov,F1_by_med_cov
0,0.0,0.9915611814345991,0.7464549064095292,0.8517248074558281,0.9935201928872816,0.7251429828420589,0.8383774160732452,0.9935201928872816,0.7251429828420589,0.8383774160732452,0.9626280892103677,0.8011035866566341,0.8744695414099931
1,0.01,0.8732670283303194,0.9289836486053222,0.9002640981823831,0.8701024713682941,0.9335489086499595,0.9007097730286248,0.8670886075949367,0.9088611593745064,0.8874836122464719,0.8239903556359253,0.9142283899013542,0.8667670603154475
2,0.02,0.9123200598242662,0.8914870295944465,0.9017832393975792,0.9082071415217797,0.896309963099631,0.9022193332714272,0.8939988782950085,0.8571428571428571,0.8751830161054173,0.8450177603290334,0.8680622239293259,0.8563849943160289
3,0.03,0.8597868760515984,0.9262839879154079,0.8917975567190226,0.8538044494297999,0.9318506427259743,0.8911219512195122,0.8446438586651711,0.8905972797161443,0.8670120898100174,0.8022060198167882,0.8930280957336109,0.845184163876305
4,0.04,0.8976447281532027,0.8929275235384279,0.8952799121844126,0.8917015188201629,0.8992230854605994,0.8954465075154732,0.8745322474136034,0.8482066609735269,0.8611683103934107,0.827426810477658,0.8491077479105489,0.8381270903010034
5,0.05,0.8602245212414704,0.9210464294131511,0.8895970862736171,0.853400836451684,0.9277339076334051,0.8890162806695712,0.8388729914153643,0.8720823798627002,0.8551553910019074,0.8431222984998729,0.8087804878048781,0.825594423005104
6,0.06,0.8949911009407577,0.8877679697351829,0.8913649025069639,0.8876175947114162,0.8944401742249551,0.8910158244002042,0.8639715230104246,0.8281745064586887,0.8456943753111,0.8123569794050344,0.831165452653486,0.8216535939308217
7,0.07,0.8611746758199847,0.9090177133655395,0.8844496670583627,0.8538011695906432,0.9162346521145975,0.8839168202158462,0.8321891685736079,0.8455179540170499,0.8388006150691952,0.7805746249682176,0.8436383621874142,0.8108821975699947
8,0.08,0.8883467278989667,0.8800113733295423,0.8841594057991716,0.8843283582089553,0.8917510853835021,0.8880242109814094,0.8541905855338691,0.8124488124488124,0.8327969777529032,0.8019517795637199,0.8124454783367258,0.8071645240502671
9,0.09,0.8584959816303099,0.8987379807692307,0.878156194950088,0.8539035591274398,0.9103427172582619,0.8812203791469194,0.8295063145809415,0.8316546762589928,0.8305791061934186,0.7787026406429391,0.8286499694563225,0.8029002663509914
10,0.1,0.8870092563038621,0.8794303797468355,0.8832035595105673,0.8828598787105011,0.892258064516129,0.8875340927322316,0.8474305777210341,0.8040581465778316,0.8251748251748252,0.7954037663581232,0.7989740301378647,0.7971849008317339
