,filter_abundance,precision_by_num_reads,recall_by_num_reads,F1_by_num_reads,precision_by_nts,recall_by_nts,F1_by_nts,precision_by_mean_cov,recall_by_mean_cov,F1_by_mean_cov,precision_by_med_cov,recall_by_med_cov,F1_by_med_cov
0,0.0,0.9915061428788109,0.7460625427984479,0.8514490394008467,0.9934779311390869,0.7236769417743896,0.8373817437995398,0.9934779311390869,0.7236769417743896,0.8373817437995398,0.9622326710147125,0.7978870582316689,0.8723872387238722
1,0.01,0.8742605794023964,0.9295274955652314,0.9010473659527904,0.8706203549218868,0.9319694755642149,0.9002509410288582,0.8680418625815258,0.91014631043257,0.8885956059312166,0.815106931594115,0.9203630758691557,0.8645431145431146
2,0.02,0.9136854060193073,0.8865013774104683,0.8998881431767338,0.9087639598712852,0.8908888476526258,0.8997376311844079,0.8958924853303047,0.8566515837104073,0.8758327165062917,0.8468673102403937,0.8704280155642024,0.8584860404873836
3,0.03,0.8627673670263108,0.9241686942416869,0.8924131179637789,0.8572780617073632,0.9297885444467255,0.8920622414811896,0.845542305508234,0.8909054646988432,0.8676313489365833,0.8001135718341851,0.8934686112872543,0.8442180946674654
4,0.04,0.8947486033519553,0.8838852097130243,0.8892837312604109,0.8891620111731844,0.8897584973166368,0.8894601542416453,0.8735195530726257,0.8444588464031109,0.8587434094903339,0.8178770949720671,0.8529480307620602,0.8350444900752909
5,0.05,0.8587709497206704,0.9143468950749465,0.885687946531459,0.8536312849162011,0.9213699951760733,0.8862080965085257,0.8355307262569832,0.8667130273528049,0.8508362726134941,0.7830167597765363,0.8684014869888476,0.8235017626321974
6,0.06,0.8947098099640473,0.8865139949109415,0.8905930470347648,0.8903441191576785,0.8954028925619835,0.8928663404584083,0.864663585002568,0.8327974276527331,0.8484313972533702,0.8125321006676939,0.8315374507227332,0.8219249253149759
7,0.07,0.8628659476117103,0.9108159392789373,0.8861927996835026,0.8564458140729327,0.9179741260666117,0.8861432177494354,0.8346173600410889,0.8539148712559117,0.8441558441558441,0.7819722650231125,0.8527023242789135,0.8158070997990623
8,0.08,0.8952216465169833,0.8944492378487202,0.894835275499928,0.8891767415083477,0.9026884862653419,0.8958816705336426,0.8580886586067933,0.8289766407119021,0.8432814710042432,0.8013816925734024,0.8256227758007118,0.813321647677476
9,0.09,0.8661485319516408,0.9151459854014599,0.8899733806566105,0.8621185952792171,0.9260977118119975,0.892963625521765,0.8333333333333334,0.849970640046976,0.8415697674418604,0.770293609671848,0.8508744038155803,0.808581356700408
10,0.1,0.8912280701754386,0.8963747192813603,0.8937939859245042,0.8864433811802233,0.9072804440091413,0.8967408841561793,0.8519936204146731,0.8259121830550402,0.8387501962631497,0.785645933014354,0.8220961281708945,0.8034578372206818
