,filter_abundance,precision_by_num_reads,recall_by_num_reads,F1_by_num_reads,precision_by_nts,recall_by_nts,F1_by_nts,precision_by_mean_cov,recall_by_mean_cov,F1_by_mean_cov,precision_by_med_cov,recall_by_med_cov,F1_by_med_cov
0,0.0,0.993521517815826,0.7218424296761179,0.836167726859665,0.9952182631497763,0.7044437165629436,0.8249584452116099,0.9952182631497763,0.7044437165629436,0.8249584452116099,0.956501619620546,0.7824605678233438,0.8607717934480843
1,0.01,0.8835415702606818,0.9074778200253485,0.8953497459945291,0.8795310812895265,0.9108626198083067,0.8949227026602842,0.8745950948634891,0.8827650630546474,0.8786610878661089,0.8079592781119852,0.8961505560307955,0.8497728747566514
2,0.02,0.9193422083007048,0.8508787823881138,0.883786581349393,0.9177760375880971,0.8576655689718259,0.8867032343484017,0.9036805011746281,0.8196022727272727,0.8595903165735569,0.8373140172278778,0.8360046911649727,0.8366588419405321
3,0.03,0.875293657008614,0.8956330128205128,0.8853465346534654,0.8690289741581833,0.9005883546358288,0.8845272491780413,0.8574784651527017,0.8584868678949431,0.8579823702252694,0.788175411119812,0.8702983138780804,0.8272036161906718
4,0.04,0.9203581526861452,0.8519083969465648,0.8848114169215086,0.9168237511781339,0.8608407079646018,0.8879507074395254,0.8927898209236569,0.8068568994889267,0.8476510067114094,0.8221017907634307,0.8256034074775201,0.8238488783943329
5,0.05,0.8843072573044298,0.8836825994819872,0.8839948180426335,0.8777097078228087,0.8902963671128107,0.8839582344565732,0.8588595664467483,0.8348602840128264,0.8466898954703832,0.7747408105560791,0.8439425051334702,0.8078624078624079
6,0.06,0.848727615457116,0.9089073933888469,0.8777872547825026,0.8404806786050896,0.9148499615285971,0.8760898931597693,0.8282280867106503,0.8592031288193596,0.8434313137372524,0.7537700282752121,0.8576407506702413,0.8023576624028091
7,0.07,0.8924205378973105,0.8835395373856912,0.8879578321394782,0.8867155664221679,0.8930232558139535,0.8898582333696837,0.8541157294213529,0.8166233766233766,0.8349488779710531,0.7756044553110568,0.8208740655549166,0.7975974298086326
8,0.08,0.8611790274381962,0.905197030268418,0.8826395656410971,0.8541157294213529,0.9134224288204532,0.8827741120314474,0.8285791904373812,0.8390646492434664,0.8337889557135048,0.7421896223852215,0.8375229920294298,0.7869796917758893
9,0.09,0.8853561601956588,0.8749244712990937,0.8801094058653701,0.8829104249464995,0.8886153846153846,0.8857537187547921,0.8416386426169368,0.8002906976744186,0.8204440470868722,0.7618465301131152,0.797950688440602,0.7794807632155145
10,0.1,0.8581473555487619,0.8950892857142857,0.8762291243951928,0.8498929990828493,0.9031838856400259,0.8757284611749883,0.8184041577499236,0.8201593137254902,0.8192807957153787,0.7337205747477835,0.8119079837618404,0.7708366789786414
