,filter_abundance,precision_by_num_reads,recall_by_num_reads,F1_by_num_reads,precision_by_nts,recall_by_nts,F1_by_nts,precision_by_mean_cov,recall_by_mean_cov,F1_by_mean_cov,precision_by_med_cov,recall_by_med_cov,F1_by_med_cov
0,0.0,0.9914843635295845,0.7480062029242357,0.8527053475598207,0.992952576714139,0.7305822620719455,0.8417973612148368,0.992952576714139,0.7305822620719455,0.8417973612148368,0.9726912347672882,0.7967528562838244,0.8759751421393628
1,0.01,0.8688885626192924,0.9386201427438541,0.9024092711192437,0.8643371017471737,0.9414680953142491,0.9012553582363747,0.863456173836441,0.9174726989079564,0.8896452613266773,0.8355601233299075,0.9162775720495895,0.8740592842881278
2,0.02,0.8910803127221038,0.9085144927536232,0.8997129529960531,0.8891257995735607,0.9146408334856516,0.9017028561131634,0.8839729921819474,0.8830315938942137,0.8835020422660272,0.8518123667377399,0.8835237744194618,0.8673783245883843
3,0.03,0.9162877221992559,0.8860683589846092,0.9009247027741084,0.913393964448119,0.8936299292214358,0.9034038638454461,0.8949979330301777,0.8476898981989037,0.8707017896641864,0.8631665977676726,0.8503359804520464,0.8567032516155503
4,0.04,0.8743282348077718,0.9191655801825294,0.8961864406779663,0.8683340223232741,0.9251266240916097,0.8958311120588548,0.8538652335675899,0.8778155546111347,0.8656747694886839,0.8249276560562215,0.8769501208525599,0.8501437852806476
5,0.05,0.8950804383306132,0.8992738346216913,0.897172236503856,0.8906505012823502,0.9080104587592108,0.8992467043314503,0.8682676614595477,0.8488716662867564,0.8584601198709083,0.836092329214269,0.845754716981132,0.8408957673818737
6,0.06,0.8591746327815342,0.9249497991967871,0.8908497522059711,0.852879459081371,0.9317371370351503,0.8905660377358492,0.8358591746327816,0.8707796939519067,0.8529621698786582,0.8027512240615529,0.8685671039354188,0.8343632618441779
7,0.07,0.8816894018887723,0.8979428266096714,0.8897418927862343,0.8759181532004198,0.9063517915309446,0.8908751334044823,0.8533578174186779,0.8388344507478082,0.8460338101430429,0.8153200419727177,0.8343624161073826,0.8247313254610587
8,0.08,0.904581266413773,0.8779382611158312,0.8910606496119574,0.9007878611030056,0.8888568960552836,0.8947826086956522,0.8266002098635886,0.8597544338335608,0.8428514109937142,0.8327983659177123,0.8131054131054131,0.8228340781317574
9,0.09,0.8794864312810038,0.9018551765409935,0.890530358989511,0.8756930259702363,0.9135464231354642,0.8942193087008342,0.8456375838926175,0.8344370860927153,0.84,0.8074117303764226,0.8296851574212893,0.818396923986986
10,0.1,0.9053273427471117,0.889344262295082,0.897264631043257,0.8998716302952503,0.8998716302952503,0.8998716302952503,0.8202509483513277,0.8520763867838739,0.8358608385370204,0.8193196405648266,0.8076558051249605,0.813445913653019
