,filter_abundance,precision_by_num_reads,recall_by_num_reads,F1_by_num_reads,precision_by_nts,recall_by_nts,F1_by_nts,precision_by_mean_cov,recall_by_mean_cov,F1_by_mean_cov,precision_by_med_cov,recall_by_med_cov,F1_by_med_cov
0,0.0,0.7452855245683931,0.6771235521235521,0.7095713743836136,0.7561752988047808,0.6499258075562151,0.6990362776993432,0.7561752988047808,0.6498516320474778,0.6989933709796219,0.5548472775564409,0.784895735487507,0.6501205944137556
1,0.01,0.789463490218865,0.6527866752081999,0.7146488997983694,0.78849506101104,0.657036797934151,0.7167884496874725,0.7801665698237459,0.6360334754460761,0.7007654836464857,0.640251572327044,0.6477475184525324,0.6439777327935222
2,0.02,0.8442767295597484,0.6151026392961877,0.7116954723783268,0.8450314465408805,0.6186003683241252,0.714300903774588,0.8339622641509434,0.5937667920472864,0.6936597614563718,0.640251572327044,0.6477475184525324,0.6439777327935222
3,0.03,0.8779157830960315,0.583450775115764,0.7010159651669086,0.8776128445925477,0.589300244100895,0.7051235244006329,0.8651923659497122,0.5633136094674556,0.6823557520009557,0.6995983935742972,0.5497002208898706,0.6156564764092596
4,0.04,0.8648894274462284,0.6241801486663752,0.7250793650793651,0.8645864889427446,0.6316954404603807,0.7300166261670291,0.8899470899470899,0.5392177815772601,0.6715464466329517,0.6995983935742972,0.5497002208898706,0.6156564764092596
5,0.05,0.8966490299823633,0.5983992467043314,0.7177749541154879,0.8945326278659612,0.6053950823585581,0.7220956719817767,0.8744268077601411,0.5684476037606053,0.68899388549194,0.6995983935742972,0.5497002208898706,0.6156564764092596
6,0.06,0.9188755020080321,0.5767582556087724,0.7086882453151618,0.9172690763052209,0.5841432225063938,0.71375,0.8995983935742972,0.5475433879247128,0.6807476067466951,0.6958637469586375,0.5349794238683128,0.6049069373942471
7,0.07,0.9299107142857143,0.562972972972973,0.7013468013468013,0.9303571428571429,0.5678474114441416,0.7052453468697123,0.9089285714285714,0.5280082987551867,0.6679790026246719,0.6958637469586375,0.5349794238683128,0.6049069373942471
8,0.08,0.9401459854014599,0.5512125534950071,0.6949640287769784,0.9386861313868613,0.557514450867052,0.699546690843155,0.9133819951338199,0.5148107515085024,0.658480968251184,0.7031154551007941,0.4893707482993197,0.577086989220356
9,0.09,0.9304136253041363,0.5752105896510229,0.7109128090723184,0.9289537712895377,0.5830788026878436,0.7164571214111466,0.897323600973236,0.5332562174667438,0.6689642662797025,0.7031154551007941,0.4893707482993197,0.577086989220356
10,0.1,0.9323467230443975,0.5610687022900763,0.7005559968228753,0.9334038054968288,0.5687600644122384,0.706824094456674,0.9106765327695561,0.5240267639902676,0.6652509652509653,0.7031154551007941,0.4893707482993197,0.577086989220356
