,filter_abundance,precision_by_num_reads,recall_by_num_reads,F1_by_num_reads,precision_by_nts,recall_by_nts,F1_by_nts,precision_by_mean_cov,recall_by_mean_cov,F1_by_mean_cov,precision_by_med_cov,recall_by_med_cov,F1_by_med_cov
0,0.0,0.7287786920744911,0.7579954954954955,0.7431000220799293,0.7346253789519273,0.7450312946085429,0.7397917461702012,0.7345171069727154,0.7448397013614405,0.7396423898822503,0.6942399307059333,0.8028045574057844,0.7445857283864599
1,0.01,0.777568170125193,0.740365774003919,0.7585110832287747,0.7765391871034127,0.744491943439658,0.7601779568538571,0.7698507974618419,0.7222847948511665,0.7453096463556367,0.7412107700222946,0.7515214745261694,0.7463305128647902
2,0.02,0.8473053892215568,0.687278161778442,0.7589479112944817,0.8461538461538461,0.6924236713154919,0.7616086235489219,0.8337171810225702,0.6639765223771094,0.739228098836022,0.8099953938277291,0.6759561791274264,0.736930330015715
3,0.03,0.8571428571428571,0.6856788592684439,0.7618828932261766,0.8581761818651511,0.6941078144588383,0.7674714104193138,0.8720338983050847,0.6245195225571515,0.7278085582930567,0.8412429378531073,0.6397422126745435,0.726784624771202
4,0.04,0.8938975774302361,0.6553507194244604,0.7562589181476197,0.8923643054277829,0.6633234556644632,0.7609832635983264,0.8727384237963814,0.623849188952214,0.7275981081426562,0.8680439853382206,0.5981630309988519,0.7082653616095704
5,0.05,0.9020326557814062,0.6562424242424243,0.7597530171204043,0.9020326557814062,0.6659286592865928,0.7662043589017832,0.892526690391459,0.5899788285109386,0.7103809658688571,0.8626334519572953,0.6013396179608038,0.7086683233445402
6,0.06,0.9261233815689262,0.6313603322949117,0.7508490274776166,0.9234577303884235,0.639335618244134,0.7555694033338527,0.8956587966488957,0.5905096660808435,0.7117566954153427,0.8591012947448591,0.6040160642570281,0.7093224335796259
7,0.07,0.9209886547811994,0.6284213436549627,0.7470829909613804,0.9318766066838047,0.6111267209890419,0.7381639232988293,0.8942463533225283,0.5890045369629037,0.7102172164119066,0.8748928877463582,0.5740792802923812,0.6932609064674928
8,0.08,0.9379809868718877,0.6076246334310851,0.7374977754048764,0.9379809868718877,0.6177698270721527,0.7449218047815926,0.9117247623358986,0.5692481628038439,0.7008874195232295,0.8746038931643277,0.5772333432925008,0.6954643628509719
9,0.09,0.942193675889328,0.5913178294573643,0.7266145932558583,0.9392292490118577,0.5996845425867507,0.731998459761263,0.902659069325736,0.5672933452700686,0.6967198094190947,0.8690711462450593,0.557527733755943,0.6792817146167214
10,0.1,0.9409020217729394,0.5933311539718862,0.7277465918203688,0.9367547952306895,0.6015312916111851,0.7326170687208595,0.9066874027993779,0.5494816211121584,0.6842723004694836,0.8784440842787682,0.5436308926780341,0.6716232961586122
