,filter_abundance,precision_by_num_reads,recall_by_num_reads,F1_by_num_reads,precision_by_nts,recall_by_nts,F1_by_nts,precision_by_mean_cov,recall_by_mean_cov,F1_by_mean_cov,precision_by_med_cov,recall_by_med_cov,F1_by_med_cov
0,0.0,0.9920844327176781,0.7064349459840301,0.8252400548696845,0.9943931398416886,0.6818181818181818,0.8089616313388783,0.9943931398416886,0.6818181818181818,0.8089616313388783,0.9198548812664907,0.7866309406289663,0.8480425693652602
1,0.01,0.896108179419525,0.8821428571428571,0.8890706806282721,0.8962730870712401,0.8840273259596617,0.8901080904028823,0.8895118733509235,0.8583704646721834,0.8736637512147717,0.7867744063324539,0.879447004608295,0.8305335538341023
2,0.02,0.8266820580474934,0.9213379893401948,0.8714471968709258,0.8233839050131926,0.9261732517158227,0.8717590571802707,0.8214050131926122,0.9003976861894433,0.8590893411521215,0.7335092348284961,0.9011345218800648,0.8087272727272727
3,0.03,0.9053103007037748,0.8587902083754805,0.8814368770764119,0.8991256131371295,0.8634036453000205,0.880902632678646,0.8861164427383237,0.8257154213036566,0.8548503240407365,0.800170612070804,0.8260678115367679,0.8129130105080705
4,0.04,0.8618042226487524,0.8877416520210897,0.8745806730873282,0.8590317764981873,0.8969049209530171,0.8775599128540307,0.8451695457453615,0.8517085751128304,0.8484264611432242,0.7613563659628919,0.8504049547403526,0.8034207269044672
5,0.05,0.8240563019833653,0.9136911799479782,0.8665620094191522,0.8210705907442951,0.9234828496042217,0.8692707157371866,0.885036496350365,0.7817177066543863,0.8301748379997553,0.8037017726798749,0.7872829417773238,0.795407636738906
6,0.06,0.8936392075078207,0.8669701568032372,0.8801026957637996,0.8905109489051095,0.8767967145790554,0.8836006207966889,0.8626173096976016,0.8110294117647059,0.8360282971197575,0.7656412930135558,0.8113259668508287,0.7878218884120173
7,0.07,0.864963503649635,0.8924152770306616,0.8784749801429704,0.8602711157455682,0.9018857611369226,0.8805870580386924,0.8347236704900939,0.8316883116883117,0.8332032266458494,0.7359228362877998,0.8307828134196587,0.7804810616533038
8,0.08,0.8375912408759124,0.9164289788933258,0.8752383546717516,0.8315954118873827,0.9243697478991597,0.8755317689035269,0.8076120959332638,0.8501646542261251,0.8283422459893048,0.7575483091787439,0.7852895148669796,0.7711695097587212
9,0.09,0.8792270531400966,0.8768443239987955,0.8780340720639227,0.875,0.8881397486975177,0.8815209125475286,0.8445048309178744,0.8086152067071408,0.82617043272781,0.7164855072463768,0.8052256532066508,0.7582680939447196
10,0.1,0.8532608695652174,0.8962892483349191,0.8742459396751739,0.8496376811594203,0.9089147286821705,0.8782771535580524,0.8209541062801933,0.826192646611972,0.8235650461911252,0.6941425120772947,0.8172769285460363,0.7506938775510205
