,filter_abundance,precision_by_num_reads,recall_by_num_reads,F1_by_num_reads,precision_by_nts,recall_by_nts,F1_by_nts,precision_by_mean_cov,recall_by_mean_cov,F1_by_mean_cov,precision_by_med_cov,recall_by_med_cov,F1_by_med_cov
0,0.0,0.9929438792254677,0.6960773035775911,0.8184215865287076,0.9954053167049557,0.6712404559035078,0.801797633996431,0.9954053167049557,0.6712404559035078,0.801797633996431,0.9213980964883492,0.7821423596601198,0.8460785052361938
1,0.01,0.9033475549721037,0.8743646759847522,0.8886198547215498,0.8995733508368887,0.8788073100352677,0.8890690885501135,0.8969478175254348,0.856203007518797,0.8761019394133676,0.7874958976042008,0.8786158916147931,0.8305642090688818
2,0.02,0.8314735805710535,0.9196007259528131,0.8733195449844882,0.8260584181161799,0.9221469133540942,0.8714619579330045,0.8272070889399409,0.8982537419814682,0.8612677259525029,0.8399318859088974,0.7994327390599676,0.8191820635250154
3,0.03,0.9071945508727118,0.8547934215804252,0.8802147872779843,0.9031502767134951,0.8597771023302938,0.8809301359908649,0.889953171562367,0.820769532783667,0.8539624183006537,0.7941677309493401,0.8296642205915055,0.8115280043501903
4,0.04,0.8665389527458492,0.8869281045751634,0.8766149870801033,0.8624946785866326,0.8944812362030905,0.8781967923710446,0.8495104299702001,0.8495104299702001,0.8495104299702001,0.7520221370796083,0.8537941034316094,0.7996831145314621
5,0.05,0.8267347807577693,0.9125939849624061,0.8675452311815949,0.8205619412515964,0.9178571428571428,0.8664868509777479,0.8948863636363636,0.791095890410959,0.8397964129907901,0.793646694214876,0.7990119604784192,0.7963202902306297
6,0.06,0.8884297520661157,0.864321608040201,0.8762098828323993,0.8837809917355371,0.8725140234574197,0.8781113677187579,0.8672520661157025,0.8168328873753344,0.8412877364399348,0.7590392561983471,0.8157091312794893,0.7863545150501672
7,0.07,0.8589876033057852,0.8904953145917002,0.8744577362955174,0.8553719008264463,0.9,0.8771186440677966,0.8416838842975206,0.8412493546721734,0.8414665633875549,0.7301136363636364,0.8329404832056571,0.7781447839251309
8,0.08,0.8285123966942148,0.9100709219858156,0.867378667027173,0.8205061983471075,0.9158258864226002,0.8655496526358806,0.8132747933884298,0.8601475006828735,0.8360546926855172,0.7661814803344689,0.7755485893416928,0.7708365789063717
9,0.09,0.8919170021678539,0.862533692722372,0.8769792935444578,0.8891297615360793,0.8747714808043876,0.8818921824604514,0.8581604211830288,0.7985590778097983,0.8272876548738619,0.741096314648498,0.7931720251905867,0.7662504002561639
10,0.1,0.874264478166615,0.8910984848484849,0.882601219321557,0.8686899969030659,0.901060070671378,0.8845789971617787,0.8352431093217715,0.8177683444511825,0.8264133598896889,0.7203468566119542,0.805959805959806,0.7607522485690924
