,filter_abundance,precision_by_num_reads,recall_by_num_reads,F1_by_num_reads,precision_by_nts,recall_by_nts,F1_by_nts,precision_by_mean_cov,recall_by_mean_cov,F1_by_mean_cov,precision_by_med_cov,recall_by_med_cov,F1_by_med_cov
0,0.0,0.9971707010374096,0.7182971014492754,0.835066473608003,0.9979566174159069,0.6995372410753636,0.8225158699313383,0.9979566174159069,0.6995372410753636,0.8225158699313383,0.9698208110657026,0.7863879683915371,0.8685247747747747
1,0.01,0.8843131090851933,0.9177814029363784,0.9007364713416587,0.8816409933983024,0.9222295297599474,0.90147862423658,0.8753536623703237,0.8960579243765084,0.8855847976464976,0.8242690977679975,0.9085239085239085,0.8643481127410582
2,0.02,0.918331374853114,0.877104377104377,0.8972445464982778,0.9163728946337641,0.8818318884281945,0.8987706492508645,0.9018801410105758,0.8446441672780631,0.8723243038454253,0.8431257344300822,0.8613445378151261,0.8521377672209026
3,0.03,0.8703486094790442,0.9181818181818182,0.8936255781218579,0.8664316490403446,0.9243627246134559,0.8944601698342096,0.8552683117900509,0.8834715759660126,0.869141208080406,0.8049353701527615,0.8853942266264541,0.8432498974148542
4,0.04,0.9050589050589051,0.8818365968939905,0.8932968536251711,0.9011319011319011,0.8892181445178938,0.8951353832033043,0.8784938784938785,0.8336256028057869,0.8554718254414576,0.8175098175098175,0.8430204859456885,0.8300691919784216
5,0.05,0.8701778701778702,0.9134335596508244,0.8912812019401396,0.8644028644028644,0.9205412054120541,0.8915892304026687,0.8436128436128436,0.8590919783580334,0.8512820512820514,0.7854007854007854,0.8585858585858586,0.8203643382796477
6,0.06,0.9082228116710875,0.8886581884246042,0.89833398924308,0.903183023872679,0.8979430379746836,0.9005554086220577,0.8694960212201591,0.8227911646586346,0.8454990972401342,0.8159151193633952,0.8253286825865307,0.8205949046285179
7,0.07,0.8750663129973475,0.9120818357755046,0.8931907404900502,0.8716180371352785,0.923293059848272,0.8967116932732978,0.8395225464190982,0.8444503735325507,0.8419792498004789,0.7893899204244031,0.8432983848115614,0.8154541718043568
8,0.08,0.9032644504342617,0.884457478005865,0.893762038820566,0.8984725965858041,0.8947211452430659,0.8965929468021518,0.8637316561844863,0.8151498021481063,0.8387378217245892,0.816711590296496,0.820891029500301,0.8187959765800931
9,0.09,0.8763102725366876,0.9072868217054264,0.8915295551492993,0.8721174004192872,0.9189018617860524,0.8948985863552551,0.8394728960766696,0.836217183770883,0.8378418771484082,0.790356394129979,0.8369806533460197,0.813000616142945
10,0.1,0.8962765957446809,0.881621975147155,0.8888888888888888,0.8919547872340425,0.8934398934398934,0.8926967226750956,0.8550531914893617,0.8077889447236181,0.8307493540051678,0.7978723404255319,0.8097165991902834,0.8037508372404555
