,filter_abundance,precision_by_num_reads,recall_by_num_reads,F1_by_num_reads,precision_by_nts,recall_by_nts,F1_by_nts,precision_by_mean_cov,recall_by_mean_cov,F1_by_mean_cov,precision_by_med_cov,recall_by_med_cov,F1_by_med_cov
0,0.0,0.9941310109806891,0.6335666023166023,0.773913043478261,0.9973494888299886,0.6013012213217669,0.750267036957915,0.9973494888299886,0.6012325952978772,0.7502136143548847,0.784361984096933,0.7783204959609243,0.7813295615275814
1,0.01,0.9326012873911397,0.7889173606662396,0.8547631441957315,0.929761453994699,0.7926081342801807,0.8557239937271303,0.9254070427868232,0.771830096320859,0.84167025398192,0.6298750473305567,0.8467803512344108,0.7223971338616871
2,0.02,0.8752366527830368,0.8473240469208211,0.8610542000372509,0.8727754638394547,0.848987108655617,0.8607169529499628,0.8714502082544491,0.8244671323661114,0.8473078693051082,0.6298750473305567,0.8467803512344108,0.7223971338616871
3,0.03,0.8277167739492617,0.8802093819206764,0.8531564055029759,0.81900795153351,0.8799837266069975,0.8484016473818395,0.8203332071185158,0.8546351084812623,0.8371329211746522,0.6443202979515829,0.7642789523508994,0.6991916859122401
4,0.04,0.7824687618326391,0.9035854831657193,0.8386769480519481,0.7752745172283226,0.9063745019920318,0.8357142857142857,0.7784929950776222,0.8788202607394743,0.825619917678948,0.6443202979515829,0.7642789523508994,0.6991916859122401
5,0.05,0.9010375099760575,0.797316384180791,0.8460097414762083,0.8978451715881883,0.8056815469085701,0.8492702566683442,0.8821495078478319,0.7603760605365741,0.8167487684729063,0.6443202979515829,0.7642789523508994,0.6991916859122401
6,0.06,0.8723064644852354,0.8265691958658936,0.848822158943826,0.8667198723064645,0.8332480818414322,0.8496544529925675,0.859537110933759,0.789782449278905,0.8231847133757962,0.5722266560255387,0.8047138047138047,0.6688432835820894
7,0.07,0.8414471934025006,0.8548648648648649,0.8481029628636547,0.8406491088055333,0.8610354223433242,0.8507201507605331,0.8286778398510242,0.8078319502074689,0.8181221273801708,0.5722266560255387,0.8047138047138047,0.6688432835820894
8,0.08,0.8153764299015696,0.8744650499286734,0.843887665198238,0.8119180633147114,0.8820809248554913,0.845546474580967,0.8007448789571695,0.8255622600109709,0.812964213369345,0.6032346868547832,0.7453231292517006,0.6667934575884367
9,0.09,0.7895716945996276,0.8929001203369434,0.8380629676690668,0.7842511306198457,0.9004276114844227,0.8383335703113892,0.7760042564511839,0.8435511856564488,0.808369128446723,0.6032346868547832,0.7453231292517006,0.6667934575884367
10,0.1,0.8867859600825877,0.8196564885496184,0.8519008264462811,0.8823124569855472,0.8257648953301128,0.8531026451505572,0.8506538196834136,0.7518248175182481,0.7981917985146916,0.6032346868547832,0.7453231292517006,0.6667934575884367
