,filter_abundance,precision_by_num_reads,recall_by_num_reads,F1_by_num_reads,precision_by_nts,recall_by_nts,F1_by_nts,precision_by_mean_cov,recall_by_mean_cov,F1_by_mean_cov,precision_by_med_cov,recall_by_med_cov,F1_by_med_cov
0,0.0,0.7332547169811321,0.7301550023485204,0.7317015768416097,0.7413915094339623,0.7108774310266848,0.7258138997921957,0.7413915094339623,0.7108774310266848,0.7258138997921957,0.663561320754717,0.7935411084473276,0.7227538372615759
1,0.01,0.8152086677367576,0.6595779220779221,0.7291816223977028,0.8168138041733547,0.6621665582303188,0.731404958677686,0.8073836276083467,0.6403564608529599,0.7142350017749379,0.7429775280898876,0.6825806451612904,0.7114996637525218
2,0.02,0.8392772230147408,0.6487777981988605,0.7318337306934799,0.838563956252972,0.6542385457243554,0.7350213608419298,0.8266761768901569,0.6285249457700651,0.7141096734442391,0.7655729909652876,0.6523500810372771,0.7044410413476263
3,0.03,0.8689788053949904,0.6386809629779486,0.7362406716417911,0.8687035507844756,0.6463239811591235,0.7411930483795208,0.8505367464905037,0.6140699523052464,0.7132140796306982,0.8329169269206745,0.5871862615587847,0.6887913223140496
4,0.04,0.891317926296065,0.6269771528998243,0.7361361877740521,0.8903810118675828,0.6348252059674906,0.7411932926036657,0.872579637726421,0.6004728132387707,0.711394016549968,0.8416695412211107,0.5812291567413054,0.6876144849936593
5,0.05,0.9061745429458434,0.6211870418538662,0.7370931537598204,0.9051397033459814,0.629407531782202,0.7425014148273911,0.9106399091253313,0.5537646787934607,0.688717067583047,0.8470276410450587,0.5712461695607763,0.6823242336434344
6,0.06,0.9223778871639531,0.6160849772382397,0.7387414708112207,0.920863309352518,0.6242299794661191,0.7440722043750956,0.9150673744385464,0.549264705882353,0.6864757236942871,0.8563922942206655,0.5403314917127072,0.6626016260162602
7,0.07,0.9395796847635727,0.5771920387305003,0.7150949683438854,0.9369527145359019,0.5848592511615195,0.7201749957933703,0.9133099824868651,0.5418181818181819,0.6801434626671014,0.8538066324147594,0.5379635079458505,0.6600469398808448
8,0.08,0.9416160672582905,0.5750142612664004,0.7140074375774748,0.9397477814105558,0.5830194146624167,0.7195994277539342,0.9159271368519384,0.5381448957189902,0.6779602420051859,0.84853014449427,0.53302034428795,0.6547481737793156
9,0.09,0.9456900847035377,0.5715146040349293,0.7124624624624626,0.9436970602889886,0.58044744100521,0.7187855787476282,0.9142999501743896,0.5305001445504481,0.6714233443102818,0.8313125988402741,0.5351204614862572,0.6511147811725847
10,0.1,0.9457037427517132,0.5689819219790676,0.7104950495049506,0.9451765946230891,0.5791343669250646,0.7182054876827558,0.9130205587770164,0.5262838043147979,0.6676946800308404,0.8269337785197551,0.528261642374689,0.6446854663774404
