,filter_abundance,precision_by_num_reads,recall_by_num_reads,F1_by_num_reads,precision_by_nts,recall_by_nts,F1_by_nts,precision_by_mean_cov,recall_by_mean_cov,F1_by_mean_cov,precision_by_med_cov,recall_by_med_cov,F1_by_med_cov
0,0.0,0.7323114517383095,0.7388770592849938,0.7355796050429543,0.7381983783183383,0.7256250682388907,0.731857724920163,0.7381983783183383,0.7256250682388907,0.731857724920163,0.6906586693324447,0.7846056782334385,0.7346408317580341
1,0.01,0.793178519593614,0.6926489226869454,0.7395128552097429,0.7926342525399129,0.697923322683706,0.7422697927285082,0.7846516690856313,0.6733613576210493,0.724759111855886,0.7496371552975326,0.706928999144568,0.7276569516597693
2,0.02,0.8201885983711958,0.6934227215075195,0.7514972999509083,0.8199742820402914,0.6999634101719722,0.755230951440979,0.8071153021860266,0.6686789772727273,0.7314041561468245,0.7614659237033862,0.694487881157154,0.7264363115927213
3,0.03,0.8805358119190815,0.6452323717948718,0.7447398843930636,0.8794423182066703,0.65266788395212,0.7492721555840224,0.8646801530891197,0.619952959623677,0.7221461187214612,0.8143794423182067,0.6439688715953308,0.7192177691936262
4,0.04,0.8892597087378641,0.639258451472192,0.7438142367719832,0.8883495145631068,0.647787610619469,0.7492323439099283,0.8716626213592233,0.6117972742759795,0.7189689689689689,0.816747572815534,0.637008991954567,0.7157670832225472
5,0.05,0.8976042008532983,0.6439839886979044,0.7499314505072662,0.895635050869708,0.652246653919694,0.7548056976904993,0.8762717426977354,0.6115437471369675,0.7203561311210036,0.8352192362093352,0.6062628336755647,0.702558001189768
6,0.06,0.9255849635596471,0.6088821599798133,0.7345509893455099,0.9205983889528193,0.6155424467812259,0.7377805102981863,0.9037207518220176,0.575898313370814,0.703493580173186,0.8469505178365938,0.5919571045576407,0.6968597127978539
7,0.07,0.93239901071723,0.6083916083916084,0.736328125,0.9299258037922506,0.6172366621067031,0.7419832264430193,0.9080791426215994,0.5722077922077922,0.7020395156150414,0.8421269579554823,0.5874065554916619,0.6920731707317073
8,0.08,0.9323374340949033,0.6059394631639063,0.7345102111457251,0.9310193321616872,0.6156304474142941,0.7411682406435818,0.9046572934973638,0.5664374140302614,0.696667230587041,0.8480778138026864,0.5613120784794604,0.675521121564287
9,0.09,0.9505144536991671,0.5861027190332326,0.725098112502336,0.9505144536991671,0.5969230769230769,0.7333207333207333,0.9008800370541917,0.565406976744186,0.6947669226647616,0.8476237138657521,0.5539545308997759,0.6700232378001548
10,0.1,0.9476923076923077,0.5892857142857143,0.7267007471490365,0.9451282051282052,0.5987654320987654,0.7330946698488465,0.9148717948717948,0.5465686274509803,0.6843114691215957,0.8430769230769231,0.5561569688768606,0.6701997554015491
