,filter_abundance,precision_by_num_reads,recall_by_num_reads,F1_by_num_reads,precision_by_nts,recall_by_nts,F1_by_nts,precision_by_mean_cov,recall_by_mean_cov,F1_by_mean_cov,precision_by_med_cov,recall_by_med_cov,F1_by_med_cov
0,0.0,0.9969829536883391,0.7445082798242649,0.8524442151425254,0.9984914768441696,0.726723759332455,0.8412022621846604,0.9984914768441696,0.726723759332455,0.8412022621846604,0.9790315281339569,0.7965144820814923,0.8783920958245922
1,0.01,0.8812792276361442,0.9404378622021893,0.9098979830231292,0.8776587720621511,0.9446338691345998,0.9099155458242103,0.8726806456479107,0.9191293295201779,0.8953029482318349,0.9163616398243045,0.838553006196617,0.8757324005247048
2,0.02,0.9088579795021962,0.9095238095238095,0.9091907726107653,0.9070278184480234,0.9172681843420322,0.9121192601453942,0.8934846266471449,0.880750496121234,0.8870718633596801,0.863103953147877,0.8821548821548821,0.8725254394079557
3,0.03,0.9235978835978836,0.8817943018791675,0.9022121149472814,0.9214814814814815,0.890206501737886,0.9055740432612314,0.8982010582010582,0.8415625619670831,0.868959868959869,0.8582010582010582,0.842159916926272,0.8501048218029349
4,0.04,0.8827513227513227,0.9146929824561404,0.8984383414108777,0.8778835978835979,0.9217777777777778,0.8992953929539296,0.8558730158730159,0.8678111587982833,0.8618007458710709,0.8224338624338624,0.8662505572893446,0.8437737487786342
5,0.05,0.9101941747572816,0.8842254185333648,0.897021887334051,0.9070388349514563,0.8940191387559808,0.9004819277108433,0.8754854368932039,0.8297676558546124,0.8520137002480218,0.8451456310679611,0.8306297709923665,0.8378248315688162
6,0.06,0.8723300970873786,0.9052896725440807,0.888504326328801,0.8689320388349514,0.9160696008188332,0.8918784255107125,0.8434466019417476,0.8510898848885623,0.8472510057296111,0.8460710441334769,0.8065674704976912,0.8258471237194642
7,0.07,0.8934337997847147,0.8896034297963559,0.8915145005370568,0.8902045209903121,0.900871459694989,0.8955062263129397,0.8579117330462863,0.8271925272444214,0.8422721268163804,0.8226587728740581,0.8235452586206896,0.8231017770597737
8,0.08,0.8643702906350915,0.91172296338348,0.8874153888658655,0.8592572658772875,0.9220329194340168,0.8895389329990249,0.8334230355220668,0.8480284775465499,0.8406623235613464,0.8286558345642541,0.8060344827586207,0.8171886380189367
9,0.09,0.8841949778434269,0.8969133952652083,0.8905087771496579,0.8809453471196454,0.9097010372178157,0.8950923007654208,0.8422451994091581,0.8218506774286538,0.8319229646921505,0.7979320531757755,0.8209726443768997,0.8092883895131086
10,0.1,0.8587887740029542,0.9173240769958978,0.8870918523039365,0.8976759199483538,0.8942122186495177,0.8959407216494846,0.8180206794682422,0.8385826771653543,0.8281740690892776,0.815687540348612,0.8012048192771084,0.808381317978247
