,filter_abundance,precision_by_num_reads,recall_by_num_reads,F1_by_num_reads,precision_by_nts,recall_by_nts,F1_by_nts,precision_by_mean_cov,recall_by_mean_cov,F1_by_mean_cov,precision_by_med_cov,recall_by_med_cov,F1_by_med_cov
0,0.0,0.7300505605627611,0.7440349501512267,0.7369764216366158,0.736205759507584,0.7289150070736751,0.7325422431235304,0.736205759507584,0.7289150070736751,0.7325422431235304,0.6981754231699274,0.7861386138613862,0.7395505879613459
1,0.01,0.7913427561837456,0.7107267534116154,0.7488714261829126,0.7906360424028268,0.7162291933418694,0.7515955660060464,0.7823321554770318,0.6916588566073102,0.734206599237274,0.7554770318021201,0.7129043014338112,0.7335735117515869
2,0.02,0.854688618468146,0.6487955080601341,0.7376441515650742,0.8556430446194225,0.6558156547183613,0.7425199295993373,0.8437127177284658,0.6282871357498223,0.7202362766065791,0.7762310409308124,0.6942947407545066,0.7329801844222091
3,0.03,0.8744012772751464,0.6566746602717826,0.7500570645971238,0.873336881319851,0.6639692494436576,0.7543960464314446,0.8579031399680681,0.6320329347186826,0.7278473868382436,0.8249068653539117,0.6546990496304118,0.7300129518426941
4,0.04,0.8888888888888888,0.6557947379865188,0.7547547547547546,0.8900677866195108,0.6654914059056853,0.7615685285588198,0.8926969891095452,0.5927264993619736,0.7124233128834356,0.8654708520179372,0.6097946287519748,0.7154772937905468
5,0.05,0.917069799585349,0.6219826576048746,0.7412372573662895,0.9160331720801659,0.6305899143672693,0.7469709777402086,0.8956461644782309,0.5912408759124088,0.7122835943940643,0.864201796821009,0.603523166023166,0.7107132708155727
6,0.06,0.9202385389489377,0.6197289156626506,0.7406629668516574,0.9202385389489377,0.6292048929663608,0.7473891327380051,0.8997390980245993,0.5867768595041323,0.7103133735471532,0.8658218412225122,0.5976331360946746,0.7071537290715373
7,0.07,0.9365012615643398,0.595773140716961,0.7282537606278615,0.9352396972245585,0.6040195545898968,0.733993399339934,0.9150546677880572,0.5615483870967742,0.6959859267551577,0.8826745164003365,0.5716230936819172,0.6938842975206612
8,0.08,0.9391381608174145,0.5990365542646642,0.7314878892733564,0.9373611728120835,0.6078939786804956,0.7375043691017127,0.914260328742781,0.5618345618345618,0.6959756509976327,0.8841662774404484,0.5590667454223273,0.6850009046499005
9,0.09,0.9397477814105558,0.6023952095808384,0.7341725962415618,0.9462524654832347,0.5845263478525738,0.7226511014874789,0.9126576366184026,0.5629501584557765,0.6963649322879544,0.8796844181459567,0.5543816034804226,0.6801372474266109
10,0.1,0.945974025974026,0.5746292205743136,0.7149587750294465,0.947012987012987,0.5854206807964033,0.7235562611629291,0.9225974025974026,0.5386715195632393,0.6801991574109537,0.8748051948051948,0.5517693315858454,0.6767128792445248
