,filter_abundance,precision_by_num_reads,recall_by_num_reads,F1_by_num_reads,precision_by_nts,recall_by_nts,F1_by_nts,precision_by_mean_cov,recall_by_mean_cov,F1_by_mean_cov,precision_by_med_cov,recall_by_med_cov,F1_by_med_cov
0,0.0,0.9925822902178952,0.7385305277681959,0.8469145569620252,0.9935095039406583,0.7166425147698139,0.8326641626732288,0.9935095039406583,0.7166425147698139,0.8326641626732288,0.9539483851027661,0.7976482749709265,0.8688247712878255
1,0.01,0.8782259310771132,0.9163173169945179,0.8968673557957862,0.8752897542883634,0.9208258819704113,0.8974805894469972,0.8706536856745479,0.8955650929899857,0.8829337094499294,0.8238293926750115,0.9008110848259547,0.8606021470659456
2,0.02,0.9203488372093023,0.8726571113561191,0.8958687040181097,0.9178294573643411,0.8781754125718524,0.8975646735525442,0.9054263565891473,0.8439306358381503,0.8735976065818999,0.837984496124031,0.8601551621245276,0.8489251006184353
3,0.03,0.8724806201550388,0.911336032388664,0.8914851485148515,0.8678294573643411,0.9166837256908905,0.8915878546540569,0.8594961240310077,0.8804844153265833,0.869863685397666,0.7941860465116279,0.8811008385293485,0.835388849250841
4,0.04,0.9131336405529954,0.8709890109890109,0.8915635545556805,0.911520737327189,0.8808728568247607,0.895934775223644,0.8868663594470046,0.8264977453296113,0.855618539513171,0.8205069124423963,0.8320093457943926,0.826218097447796
5,0.05,0.880184331797235,0.9032868290375975,0.8915859493523165,0.8776497695852534,0.9134292565947242,0.8951821386603994,0.8506912442396314,0.8497123130034523,0.8502014968336212,0.7960829493087558,0.8463988241058304,0.820470197102826
6,0.06,0.9086148206336737,0.8767054067710965,0.8923749517808923,0.9036396962555643,0.8855529894790864,0.894504924831519,0.8727415553809897,0.8165115139637432,0.843690672066827,0.8148730034040325,0.8163693599160545,0.8156204953479229
7,0.07,0.8779785284105787,0.9013440860215054,0.8895078922934077,0.8724797067295104,0.9103825136612022,0.8910282123278515,0.8436763550667714,0.8364485981308412,0.8400469299960891,0.7837130138779785,0.8341694537346711,0.8081544484946672
8,0.08,0.8473422361874836,0.9219373219373219,0.8830672670214217,0.8400104739460592,0.92958562735439,0.8825309491059148,0.8161822466614297,0.8549094898518925,0.8350971198928332,0.8032979976442874,0.8097358266547937,0.8065040650406505
9,0.09,0.8783863368669023,0.8979530403371463,0.888061923191426,0.8719081272084805,0.9071691176470589,0.8891891891891893,0.8459952885747939,0.8301069055186362,0.8379757911623159,0.7791519434628975,0.823785803237858,0.8008474576271185
10,0.1,0.8524734982332155,0.9181731684110371,0.8841044434264773,0.8465842167255595,0.9289176090468497,0.8858419349869048,0.8200824499411072,0.8459902794653706,0.8328349282296652,0.7885695407994714,0.7948717948717948,0.7917081260364842
