,filter_abundance,precision_by_num_reads,recall_by_num_reads,F1_by_num_reads,precision_by_nts,recall_by_nts,F1_by_nts,precision_by_mean_cov,recall_by_mean_cov,F1_by_mean_cov,precision_by_med_cov,recall_by_med_cov,F1_by_med_cov
0,0.0,0.7291622026998071,0.7634324172742569,0.7459038851443915,0.734411827726591,0.7502462515048703,0.7422445996426832,0.734411827726591,0.7501641497045305,0.7422044174967518,0.6985215341761303,0.803549420754252,0.7473635946813388
1,0.01,0.772513440860215,0.7491039426523297,0.7606286186931348,0.7708333333333334,0.7541091387245233,0.7623795280824194,0.765625,0.7331081081081081,0.7490138067061144,0.7496639784946236,0.7472785128119243,0.7484693449635159
2,0.02,0.8405375139977603,0.7001865671641792,0.763969465648855,0.8398656215005599,0.7063477114334149,0.767341927562922,0.8266517357222845,0.6767510084341768,0.7442282488154047,0.8051511758118701,0.690814757878555,0.7436136105078085
3,0.03,0.8799559471365639,0.6592409240924092,0.7537735849056603,0.8807819383259912,0.6679891417832533,0.7597672485453033,0.8678414096916299,0.637282652648605,0.7349032408486827,0.8408590308370044,0.6484076433121019,0.7321985135459123
4,0.04,0.8882564409826244,0.666591726618705,0.7616234266632418,0.8855602156980228,0.6735019366598314,0.7651093568008283,0.8651887357699221,0.6327782646801051,0.7309541888129587,0.8629293583927414,0.6154379477698174,0.7184675569944692
5,0.05,0.9158878504672897,0.6412990790111488,0.754383464005702,0.9155417099342333,0.6505164781111658,0.7606038820992091,0.8920041536863966,0.6057827926657263,0.7215455690886182,0.8587746625129803,0.6136532278011377,0.7158107328332372
6,0.06,0.9206231454005934,0.6440062272963155,0.7578625954198472,0.9183976261127597,0.6526093832366895,0.763020030816641,0.8898367952522255,0.6020075282308658,0.7181559646759468,0.8752959747434885,0.5829172141918528,0.6997949203344377
7,0.07,0.9297297297297298,0.6180210060807075,0.7424871326581437,0.9276507276507276,0.626685393258427,0.7480301760268231,0.9006237006237007,0.5777540677514004,0.7039324016899579,0.8661122661122661,0.5897508493771234,0.7017011958901802
8,0.08,0.9295464553060326,0.6188800938141308,0.7430482224568815,0.9396591432519577,0.6080476900149031,0.738327904451683,0.904887714663144,0.5805084745762712,0.7072792978833248,0.8834638415476739,0.5696465696465697,0.692668833513904
9,0.09,0.9365079365079365,0.6033467616981717,0.7338861666038448,0.935064935064935,0.6130558183538316,0.7405714285714287,0.9042809042809042,0.5606919176856546,0.6921944035346097,0.8696488696488697,0.5669488867983694,0.686408504176158
10,0.1,0.9431995831162063,0.5915032679738562,0.7270536252259491,0.9405940594059405,0.6008655126498003,0.7332927076985578,0.9082855653986451,0.5472527472527473,0.6829937304075235,0.8764981761334029,0.5562169312169312,0.6805583653651628
