,filter_abundance,precision_by_num_reads,recall_by_num_reads,F1_by_num_reads,precision_by_nts,recall_by_nts,F1_by_nts,precision_by_mean_cov,recall_by_mean_cov,F1_by_mean_cov,precision_by_med_cov,recall_by_med_cov,F1_by_med_cov
0,0.0,0.7256282495667244,0.7613365155131265,0.7430536298596861,0.7354852686308492,0.7472213051612193,0.7413068398930072,0.7354852686308492,0.7472213051612193,0.7413068398930072,0.69605719237435,0.7945103857566765,0.7420323325635104
1,0.01,0.7833966171901967,0.7302123552123552,0.7558701082431307,0.7823610631687953,0.7356377799415774,0.7582803613248579,0.7745944080082844,0.7134000953743443,0.7427389325610262,0.7455988954090439,0.7372013651877133,0.7413763514673073
2,0.02,0.8439226519337016,0.6727839970636814,0.7486980496272847,0.8425414364640884,0.6789092932665554,0.7519260400616332,0.8305709023941068,0.6527953681925095,0.7310302907506837,0.8100828729281768,0.672848948374761,0.7351159390014623
3,0.03,0.8643151390319258,0.6807949705941999,0.761656267725468,0.8640576725025747,0.6889755696982139,0.7666476299257567,0.8470648815653965,0.6560319042871385,0.7394089223508259,0.845217883418223,0.6293721028234303,0.7214975845410628
4,0.04,0.9022811344019729,0.6458517210944396,0.752829218106996,0.9004315659679408,0.653175313059034,0.757128045619492,0.877003699136868,0.6146035860877079,0.7227232312968372,0.8498766954377311,0.6308924485125859,0.7241922773837667
5,0.05,0.9054279054279054,0.6464574417498811,0.7543348592037731,0.9057609057609057,0.6560540279787748,0.7609455867953561,0.8794538794538794,0.6121928604543347,0.7218805521388546,0.8671179194869968,0.6014331603657029,0.710242194339072
6,0.06,0.9258409785932722,0.6162849872773537,0.7399938893981058,0.9235474006116208,0.6241281322655644,0.744874364112841,0.9025229357798165,0.5838278931750742,0.709009009009009,0.8734709480122325,0.5945875618006765,0.707539866852454
7,0.07,0.9331983805668016,0.6248305773922472,0.7484981328137684,0.9315789473684211,0.6333608587943848,0.754055382598722,0.902834008097166,0.5859169732002102,0.7106437221159974,0.8857998289136013,0.5804372197309418,0.7013206908228921
8,0.08,0.9379496402877698,0.5997699827487062,0.7316730971588917,0.9370503597122302,0.609000584453536,0.7382217499114416,0.9123201438848921,0.564238042269188,0.6972508591065292,0.8812949640287769,0.5780005897965202,0.6981300089047195
9,0.09,0.935361216730038,0.5983581635755548,0.7298349712590395,0.9334600760456274,0.6072974644403216,0.7358561258898464,0.9096958174904943,0.5617845611975345,0.6946107784431137,0.8726235741444867,0.574468085106383,0.6928301886792453
10,0.1,0.9504175365344467,0.5840282232200128,0.7234803337306316,0.9400898652021967,0.6147567744041789,0.7433872878010264,0.9076385421867199,0.562152133580705,0.6942906244032844,0.8706939590614079,0.5716158636512619,0.6901464186782746
