,filter_abundance,precision_by_num_reads,recall_by_num_reads,F1_by_num_reads,precision_by_nts,recall_by_nts,F1_by_nts,precision_by_mean_cov,recall_by_mean_cov,F1_by_mean_cov,precision_by_med_cov,recall_by_med_cov,F1_by_med_cov
0,0.0,0.9964237057220708,0.6863343108504398,0.8128082239355421,0.9986376021798365,0.6615523465703971,0.7958740499457112,0.9986376021798365,0.6613285214841548,0.7957120564488772,0.9311989100817438,0.7675463222908478,0.8414896891351185
1,0.01,0.9088896457765667,0.8609453137602839,0.8842680805235689,0.9065054495912807,0.8663736979166666,0.8859853528628494,0.896457765667575,0.8400893712097032,0.867358708189158,0.801941416893733,0.8696214219759926,0.8344112696021971
2,0.02,0.8443460490463215,0.9117322545053328,0.8767462422634836,0.8412806539509536,0.9180449730533358,0.8779880920643383,0.8290190735694822,0.8833242605697695,0.8553105508214003,0.747275204359673,0.8944150020383205,0.8142512525514939
3,0.03,0.9119373776908023,0.8517465475223396,0.8808148692638874,0.9080234833659491,0.8580234230532156,0.882315656032115,0.8860621874320505,0.8141858141858141,0.8486047480216576,0.766470971950424,0.8416905444126075,0.8023216114714921
4,0.04,0.8723635572950641,0.8864339372514362,0.8793424657534246,0.867797347249402,0.892841163310962,0.8801411401477561,0.8484453141987388,0.8445887445887446,0.8465126369454388,0.7325505544683627,0.8636247116124071,0.7927058823529413
5,0.05,0.8349641226353555,0.9138505473584008,0.8726281104419952,0.8293107197216786,0.9201447527141133,0.8723696248856359,0.8123505109806479,0.8676265675801208,0.8390791690061763,0.7808145766345124,0.7996706915477497,0.790130151843818
6,0.06,0.8941586280814576,0.8493255281242046,0.8711656441717791,0.8906752411575563,0.8589147286821706,0.8745067087608526,0.8665594855305466,0.8006932409012132,0.8323253120576501,0.7518756698821008,0.8152237071470075,0.7822693058265962
7,0.07,0.8652197213290461,0.8757797667480336,0.8704677180212966,0.8582529474812433,0.8821261360506747,0.8700258046991716,0.8429796355841372,0.8272416513278991,0.835036496350365,0.7234726688102894,0.8307692307692308,0.7734173589229447
8,0.08,0.8317256162915327,0.8932374100719425,0.8613847648119884,0.8263665594855305,0.9014907921660333,0.8622955403327275,0.8135048231511254,0.8447412353923205,0.8288288288288288,0.7001607717041801,0.845631067961165,0.7660510114335973
9,0.09,0.8027867095391211,0.9120243531202435,0.8539261792788942,0.8903369357914812,0.8666460396039604,0.8783317654437127,0.8537825810553084,0.7888399412628487,0.8200274767211113,0.7460267005721551,0.7988427501701838,0.7715318869165022
10,0.1,0.8690400508582327,0.8782524895599101,0.8736219843425468,0.8655435473617292,0.8898692810457516,0.8775378665807284,0.8340750158931977,0.81163006495515,0.8226994826775357,0.722822631913541,0.8115631691648822,0.7646267652992602
