,filter_abundance,precision_by_num_reads,recall_by_num_reads,F1_by_num_reads,precision_by_nts,recall_by_nts,F1_by_nts,precision_by_mean_cov,recall_by_mean_cov,F1_by_mean_cov,precision_by_med_cov,recall_by_med_cov,F1_by_med_cov
0,0.0,0.9982226530941994,0.7068649885583524,0.8276508808359568,0.9990305380513815,0.6864660819362718,0.8137667807317717,0.9990305380513815,0.6864660819362718,0.8137667807317717,0.9581515592179674,0.7765845992666317,0.8578661844484629
1,0.01,0.9106479237356601,0.8919132774173129,0.9011832427246561,0.9062853449668767,0.8952913008778931,0.9007547775814998,0.9012764582323477,0.8716987029223316,0.8862408643152209,0.8099854580707707,0.8932644333570919,0.8495890178798406
2,0.02,0.943200325732899,0.833873290136789,0.8851738632021399,0.939942996742671,0.8393019451008907,0.8867761452031114,0.9197882736156352,0.8009218223719199,0.8562494077513503,0.8654315960912052,0.8128107074569789,0.8382961940445671
3,0.03,0.8996335504885994,0.8755696453338617,0.8874384978411488,0.8980048859934854,0.8843223736968725,0.8911111111111111,0.877442996742671,0.8390110959704108,0.8577967957010647,0.803542345276873,0.8482699333763164,0.8253005750130685
4,0.04,0.8589169381107492,0.9069217540842648,0.8822668339606858,0.8540309446254072,0.9135452961672473,0.8827861952861953,0.8387622149837134,0.8668209551861982,0.8525607863424728,0.7717833876221498,0.8629638060550876,0.814830736163353
5,0.05,0.9063106796116505,0.8631530282015719,0.884205541084537,0.9036407766990291,0.8721011946591708,0.8875908928358565,0.8774271844660194,0.8143726064428926,0.8447248510339993,0.8123786407766991,0.8098233728526494,0.8110989943051012
6,0.06,0.8757281553398059,0.8906442853616391,0.883123240729409,0.8728155339805825,0.9010273114507642,0.8866970780421649,0.845631067961165,0.835091083413231,0.8403280270139893,0.7694174757281553,0.8346498156924698,0.8007072493053802
7,0.07,0.8441747572815534,0.9133403361344538,0.877396569122099,0.8381067961165048,0.921537229783827,0.8778441591457989,0.8754951895868704,0.7852791878172589,0.827936847738828,0.7456310679611651,0.8455821635012386,0.7924674319618213
8,0.08,0.8885116015846066,0.8741648106904232,0.8812798203760877,0.8842671194114318,0.8845174073025757,0.88439224564879,0.8531409168081494,0.8078778135048231,0.8298926507018992,0.7792869269949066,0.8012801862089031,0.7901305408119351
9,0.09,0.8627617430673458,0.8962375073486185,0.8791810841983853,0.8556876061120543,0.9043062200956937,0.8793253852864205,0.8313525749858517,0.8290067720090294,0.8301780163888105,0.7577815506508206,0.8144768856447688,0.7851070067428906
10,0.1,0.8324844368986983,0.9108359133126935,0.8698994677705499,0.8985270049099836,0.8651118815001576,0.8815028901734103,0.8047538200339559,0.8436665677840404,0.8237509051412021,0.7797054009819967,0.774886141834743,0.7772883015173763
