,filter_abundance,precision_by_num_reads,recall_by_num_reads,F1_by_num_reads,precision_by_nts,recall_by_nts,F1_by_nts,precision_by_mean_cov,recall_by_mean_cov,F1_by_mean_cov,precision_by_med_cov,recall_by_med_cov,F1_by_med_cov
0,0.0,0.9986399183951037,0.6842963653308481,0.8121111571961842,0.9993199591975519,0.6598563089357881,0.7948613928329952,0.9993199591975519,0.6598563089357881,0.7948613928329952,0.9333560013600816,0.7682619647355163,0.842800122812404
1,0.01,0.9134648078884733,0.8649388280746941,0.8885397717876634,0.9114246854811289,0.8688816855753647,0.8896448722203785,0.9041142468548113,0.842388721685411,0.872160721607216,0.8061883713022782,0.8688164162696959,0.8363315696649031
2,0.02,0.8475008500510031,0.9118346442290104,0.8784914970481981,0.842910574634478,0.9162816484938089,0.8780660586203843,0.8403604216252976,0.8880704275961193,0.8635569531795948,0.7558653519211153,0.896913455719185,0.8203708829227788
3,0.03,0.9189129474149359,0.8393541876892028,0.8773336145976164,0.9155987627043747,0.8465781409601635,0.8797367583059125,0.8983650022094565,0.8027640671273445,0.8478782191637994,0.8121961997348652,0.8100484795063905,0.8111209179170344
4,0.04,0.8846663720724701,0.8778776584082438,0.8812589413447782,0.8806893504197967,0.8855809820039992,0.8831283925999778,0.8627927529827663,0.8344017094017094,0.8483597653704107,0.7741935483870968,0.83567851180539,0.8037618993003786
5,0.05,0.8475475033141847,0.9053575643143734,0.8754992582448933,0.8413610251878038,0.9116590854680393,0.8751005400436631,0.8294299602297834,0.8598259276225378,0.8443544759334233,0.7921653971708379,0.7775700934579439,0.7847998921978171
6,0.06,0.9056039173014145,0.8398082744702321,0.8714659685863875,0.9007072905331882,0.8485392106611994,0.8738453417788334,0.8735038084874864,0.7831707317073171,0.8258744855967078,0.7595212187159956,0.7952150384505838,0.7769583971058857
7,0.07,0.8819368879216539,0.870101986044015,0.8759794650094568,0.8759521218715995,0.879060879060879,0.8775037471045101,0.8471164309031556,0.8052754072924748,0.825666180564762,0.7336779107725789,0.8096667667367157,0.7698016269444841
8,0.08,0.8547334058759521,0.8936291240045506,0.8737486095661847,0.8476605005440696,0.9024037069215175,0.8741759012484218,0.823449401523395,0.8272752118065045,0.8253578732106339,0.7765991642558663,0.7587939698492462,0.7675933280381254
9,0.09,0.9048537447765992,0.8458533653846154,0.874359372573381,0.9016393442622951,0.8588487446417636,0.8797240081543045,0.865316618450659,0.7755690002881014,0.817988453357642,0.7360977177756348,0.7813033094506994,0.7580271433300232
10,0.1,0.8807457409193186,0.8679125752296484,0.8742820676451819,0.875602700096432,0.8789932236205228,0.8772946859903383,0.8450658952105432,0.7969081539860564,0.8202808112324493,0.7103825136612022,0.7909806728704366,0.7485182049110922
