,filter_abundance,precision_by_num_reads,recall_by_num_reads,F1_by_num_reads,precision_by_nts,recall_by_nts,F1_by_nts,precision_by_mean_cov,recall_by_mean_cov,F1_by_mean_cov,precision_by_med_cov,recall_by_med_cov,F1_by_med_cov
0,0.0,0.9969395562356542,0.7396684831970936,0.8492472137130939,0.9981637337413926,0.7174439067311923,0.8348371408459716,0.9981637337413926,0.7174439067311923,0.8348371408459716,0.9784238714613619,0.792906746031746,0.8759504075621618
1,0.01,0.8843152257077276,0.9329996771068776,0.9080053421321391,0.880336648814078,0.9363606770833334,0.9074848174146226,0.876664116296863,0.9132791327913279,0.8945971267957527,0.8381025248661056,0.9189597315436242,0.8766706682673068
2,0.02,0.9110738255033557,0.8988412727607137,0.9049162114619017,0.906599552572707,0.9033995913059633,0.9049967432771937,0.8920581655480985,0.8646548608601373,0.8781427784914665,0.866144668158091,0.866467735919433,0.8663061719187023
3,0.03,0.9350021958717611,0.863516528087609,0.8978386926726412,0.932806324110672,0.8721001847669883,0.9014323607427056,0.9086517347386912,0.8226640159045726,0.8635225375626043,0.8838383838383839,0.8249641319942611,0.8533870454786388
4,0.04,0.9000878348704435,0.9032613486117232,0.9016717993840738,0.8959156785243741,0.9107142857142857,0.9032543723710427,0.8691260430390865,0.8517323004088659,0.8603412672535594,0.8326745718050066,0.8542464519035818,0.8433225842321806
5,0.05,0.9205595803147639,0.8728090952155376,0.8960486322188449,0.917312015988009,0.8829045443616254,0.8997794658172017,0.8838371221583812,0.815959409594096,0.848542990766279,0.8421184111916062,0.8234000977039571,0.8326540694084229
6,0.06,0.89108168873345,0.9032666497847557,0.8971327967806841,0.883337496877342,0.9096989966555183,0.8963244613434728,0.8526105420934299,0.8381630648330058,0.8453250773993807,0.8201348988258806,0.8385696040868454,0.8292498105582218
7,0.07,0.9123149958112259,0.8801185344827587,0.8959276018099548,0.9084054733314717,0.8912328767123288,0.899737242428433,0.8729405194079866,0.813850559750065,0.8423605497170574,0.8399888299357722,0.8116567728008635,0.8255797996432003
8,0.08,0.8832728288187657,0.902940336854125,0.8929983060417842,0.8799218095504049,0.9154561301568855,0.8973373202335184,0.8472493716838871,0.8342040142974979,0.8406760875588806,0.8101089081262217,0.8309939845316529,0.8204185520361992
9,0.09,0.9052044609665427,0.8811821471652593,0.8930317848410757,0.9017967781908303,0.894041769041769,0.8979025293028994,0.8667905824039653,0.8110144927536231,0.8379754417490266,0.8246592317224287,0.812824427480916,0.8186990619713977
10,0.1,0.8782527881040892,0.9008579599618685,0.8894117647058825,0.8757744733581165,0.915479274611399,0.8951868271057632,0.8451053283767038,0.8312004875076173,0.838095238095238,0.80545229244114,0.8261836669844296,0.815686274509804
