,filter_abundance,precision_by_num_reads,recall_by_num_reads,F1_by_num_reads,precision_by_nts,recall_by_nts,F1_by_nts,precision_by_mean_cov,recall_by_mean_cov,F1_by_mean_cov,precision_by_med_cov,recall_by_med_cov,F1_by_med_cov
0,0.0,0.9971998023389886,0.6992376992376992,0.8220517346730938,0.9983528249052874,0.6763754045307443,0.8064129856306546,0.9983528249052874,0.6763754045307443,0.8064129856306546,0.9550321199143469,0.7795106211347136,0.8583907024946332
1,0.01,0.9074287596771536,0.8902714932126696,0.8987682518965656,0.9042991269971998,0.8931185944363104,0.898674087412015,0.8988634491846483,0.8686723973256925,0.8835100785234357,0.8137044967880086,0.8907320591417238,0.8504777481277438
2,0.02,0.9393497290537725,0.8300184162062615,0.8813062182244819,0.9393497290537725,0.8347842192998703,0.8839854859272336,0.9237182159233014,0.8010121091632026,0.8580001935921013,0.8697373905794081,0.8101339545719278,0.8388782792240427
3,0.03,0.9018340975406419,0.875910931174089,0.8886835079071678,0.8991246352646937,0.882569558101473,0.8907701837703902,0.8803668195081283,0.8389275074478649,0.8591477677209396,0.8067944977073781,0.8472313416502517,0.8265186292302766
4,0.04,0.8618174239266361,0.9071961386573059,0.883924754168448,0.8570237598999583,0.9143873693573493,0.8847767616998385,0.8409754064193414,0.8668098818474759,0.853697238971755,0.8285072391412881,0.8022721779066957,0.8151786810757706
5,0.05,0.9076385421867199,0.8575471698113207,0.8818821246665051,0.9048926610084873,0.8678477376107254,0.8859831357692778,0.8784323514727909,0.8102693990329265,0.8429752066115702,0.8022965551672492,0.8118211669613539,0.8070307595731323
6,0.06,0.8746879680479281,0.8835098335854765,0.8790767686904164,0.871193210184723,0.8934971838197645,0.8822042467138523,0.8439840239640539,0.8288796273596469,0.8363636363636364,0.7765851223165252,0.8251989389920424,0.8001543209876544
7,0.07,0.8419870194707938,0.904774678111588,0.8722523920351692,0.8374937593609586,0.9141689373297003,0.8741532047941637,0.8157763354967549,0.8483904465212876,0.8317638075846271,0.7965166908563135,0.7819891707039043,0.7891860799539834
8,0.08,0.8876632801161103,0.8677639046538025,0.8776008035586168,0.8830188679245283,0.8789367234903207,0.8809730668983492,0.8522496371552976,0.8046040010961908,0.827741753594587,0.7785195936139332,0.8015540944411237,0.7898689441908409
9,0.09,0.8629898403483309,0.8909199880131855,0.8767325272780891,0.8566037735849057,0.90051876716509,0.8780124962808689,0.8258345428156749,0.8205941736371503,0.8232060185185186,0.7494920174165457,0.8173472617917062,0.7819503331314354
10,0.1,0.9017264276228419,0.8567823343848581,0.8786800388223877,0.8267053701015965,0.9160501769057575,0.8690875801037535,0.802322206095791,0.8375757575757575,0.819570051890289,0.7815405046480743,0.7825797872340425,0.7820598006644518
