,filter_abundance,precision_by_num_reads,recall_by_num_reads,F1_by_num_reads,precision_by_nts,recall_by_nts,F1_by_nts,precision_by_mean_cov,recall_by_mean_cov,F1_by_mean_cov,precision_by_med_cov,recall_by_med_cov,F1_by_med_cov
0,0.0,0.9965486194477791,0.7503954802259887,0.8561299471445145,0.9983493397358943,0.7295756113608949,0.8430589875182158,0.9983493397358943,0.7295756113608949,0.8430589875182158,0.9770408163265306,0.7947027950689614,0.8764891970115097
1,0.01,0.8725990396158463,0.9353385877432845,0.9028802111637294,0.8692977190876351,0.9401168451801363,0.9033213784500234,0.8635954381752701,0.9149443561208267,0.8885286398023777,0.8970990695128627,0.8433962264150944,0.8694191495004863
2,0.02,0.9025725232621784,0.9075399009356081,0.9050493962678375,0.8991060025542784,0.9137771184869276,0.9063821960640059,0.8814085020981572,0.8739146164978292,0.8776455627214098,0.8514869549352307,0.8815640347563279,0.8662645011600929
3,0.03,0.9259734702610184,0.8773565781471722,0.9010096804413449,0.9244758237056054,0.8869047619047619,0.905300649486696,0.8968763371844245,0.836059034702832,0.8654004954582989,0.8564398801882755,0.8461213274149229,0.8512493354598617
4,0.04,0.8866067608044501,0.913983237759153,0.9000868809730669,0.8816859221223792,0.9213056114464565,0.9010604569804307,0.8562259306803595,0.8647363872082974,0.8604601161040637,0.8228498074454429,0.8666065795403335,0.844161545215101
5,0.05,0.9064695905015749,0.8888096935138988,0.8975527831094049,0.9016234552944027,0.8970588235294118,0.8993353474320243,0.8689120426459899,0.8312471024571164,0.8496623622793508,0.8323237218318391,0.8317191283292978,0.8320213152476686
6,0.06,0.8715774170099346,0.9150343424065124,0.8927773641102011,0.8645505209595348,0.9212496772527756,0.8919999999999999,0.8400775381633148,0.8573194856577646,0.8486109411332763,0.799127695662709,0.8550687062483796,0.8261523046092185
7,0.07,0.8937211198695297,0.8910569105691057,0.8923870267336138,0.8866539820603425,0.8976334617501376,0.8921099412006018,0.8586572438162544,0.8297872340425532,0.8439754207854663,0.8192443598804022,0.8305318269495728,0.8248494800218937
8,0.08,0.8613753737428649,0.9111558366877516,0.8855665781752131,0.8545800489263387,0.9184925503943909,0.8853843987609126,0.8328350095134548,0.8520578420467185,0.8423367697594503,0.7879858657243817,0.8516451233842538,0.818579697868135
9,0.09,0.8829723225030084,0.8923685010641532,0.8876455466505369,0.878158844765343,0.9023183925811438,0.8900747065101389,0.8468712394705175,0.8259976525821596,0.8363042186571599,0.805956678700361,0.8283858998144712,0.8170173833485818
10,0.1,0.858604091456077,0.9156239974334296,0.8861977953733892,0.8525872442839952,0.924934725848564,0.8872886662492173,0.822202166064982,0.844822256568779,0.8333587437109314,0.7746690734055355,0.842053629823414,0.8069570667502349
