,filter_abundance,precision_by_num_reads,recall_by_num_reads,F1_by_num_reads,precision_by_nts,recall_by_nts,F1_by_nts,precision_by_mean_cov,recall_by_mean_cov,F1_by_mean_cov,precision_by_med_cov,recall_by_med_cov,F1_by_med_cov
0,0.0,0.7466954410574589,0.6788473329245861,0.7111567859207399,0.7557323981656325,0.6522700814901048,0.7001999500124968,0.755867278122471,0.6522346368715084,0.7002374109708859,0.5655516590234692,0.7838848382875304,0.6570555512026953
1,0.01,0.7933124755572937,0.6635590448151782,0.72265764161026,0.7931169339069222,0.6627450980392157,0.7220936442941072,0.785295267892061,0.6437960884899007,0.7075405214940099,0.6559246405552801,0.6517241379310345,0.653817642698295
2,0.02,0.8366385721368369,0.6225788599889319,0.7139079851930197,0.834407535944472,0.62751677852349,0.716322621834433,0.8227565691621219,0.604443635039155,0.6969028871391075,0.6559246405552801,0.6517241379310345,0.653817642698295
3,0.03,0.8772087451332734,0.5961734174638713,0.7098885118759087,0.8763102725366876,0.6029260251390892,0.7143554687500001,0.8592392932015573,0.5750651433152937,0.6890009606147934,0.6882845188284519,0.6005476118040767,0.6414297319252641
4,0.04,0.9020223152022315,0.5731058927780239,0.7008940666486047,0.900976290097629,0.5797621718644829,0.705529010238908,0.8845885634588564,0.5506837421315389,0.6787959866220735,0.6882845188284519,0.6005476118040767,0.6414297319252641
5,0.05,0.8880753138075314,0.6078758949880668,0.7217342023236044,0.8880753138075314,0.6158123791102514,0.7272986864648772,0.8695955369595537,0.5808104331625524,0.6964535046076515,0.7065073041168659,0.5693899393506957,0.6305807981035164
6,0.06,0.9044030146767156,0.5825242718446602,0.7086247086247085,0.9024196747322492,0.5892255892255892,0.7129426512065183,0.8774295914319714,0.5494287133631396,0.6757293416832136,0.7065073041168659,0.5693899393506957,0.6305807981035164
7,0.07,0.9181053563523683,0.5646610400217805,0.6992582602832096,0.9189907038512616,0.5731639977912756,0.7060023805475261,0.8937583001328021,0.5325771564231073,0.6674380165289256,0.7245131729667812,0.5171708912510221,0.603530534351145
8,0.08,0.9310176125244618,0.5492063492063493,0.6908694862951534,0.9319960861056752,0.5584872471416007,0.6984417965169569,0.9104696673189824,0.5196872382016197,0.6616888888888889,0.7245131729667812,0.5171708912510221,0.603530534351145
9,0.09,0.923679060665362,0.5763125763125763,0.7097744360902255,0.9222113502935421,0.5848588271796463,0.7157774824378204,0.898238747553816,0.5414332055440872,0.6756209751609935,0.7245131729667812,0.5171708912510221,0.603530534351145
10,0.1,0.9397525551371705,0.5626409017713365,0.7038678485092668,0.9376008606777838,0.5709138552243694,0.7096905537459284,0.9080150618612157,0.5245494095711623,0.6649596218239118,0.7217043941411452,0.4938496583143508,0.5864214227752231
