,filter_abundance,precision_by_num_reads,recall_by_num_reads,F1_by_num_reads,precision_by_nts,recall_by_nts,F1_by_nts,precision_by_mean_cov,recall_by_mean_cov,F1_by_mean_cov,precision_by_med_cov,recall_by_med_cov,F1_by_med_cov
0,0.0,0.9924298649250408,0.7442119323241317,0.850582024044272,0.9936173370936618,0.7253223534510781,0.8385318802455218,0.9936173370936618,0.7253223534510781,0.8385318802455218,0.9717975359952501,0.7947317310026706,0.8743906510851419
1,0.01,0.873682648062936,0.9331008243500317,0.902414718282867,0.8683390233041413,0.9358502639577667,0.9008315368032029,0.8675968531987531,0.9122834399875137,0.8893791844187462,0.9015798075177047,0.8309623430962343,0.8648319108169308
2,0.02,0.9013982204467041,0.8976491862567811,0.8995197970462987,0.8979480660976938,0.9040219378427788,0.9009747654186024,0.8899582349736699,0.8700514823362329,0.8798922800718133,0.8392954421645179,0.8795432921027593,0.8589481509013194
3,0.03,0.9261460101867572,0.871928071928072,0.8982196151075436,0.9223259762308998,0.8790453074433657,0.90016570008285,0.9032258064516129,0.8335291813552683,0.8669790181299653,0.8673599320882852,0.8354456255110384,0.851103706788838
4,0.04,0.884974533106961,0.9059309146208994,0.8953301127214172,0.8796689303904923,0.9129955947136564,0.8960224816255945,0.8637521222410866,0.8650371944739639,0.864394180736965,0.8268251273344652,0.8671266414422435,0.8464964693101577
5,0.05,0.9063706563706564,0.880037488284911,0.893009985734665,0.902992277992278,0.8896814075130766,0.8962874251497006,0.8788610038610039,0.8303693570451436,0.8539273153575616,0.8385617760617761,0.8319367967440747,0.8352361495012619
6,0.06,0.8723455598455598,0.9071518193224593,0.8894082913027432,0.8670366795366795,0.9151808456444218,0.890458488228005,0.8489382239382239,0.8547133138969873,0.8518159806295398,0.8074324324324325,0.8533537362917623,0.8297582145071297
7,0.07,0.8988580750407831,0.8834847675040085,0.8911051212938005,0.8931484502446982,0.8919359218028781,0.8925417742154599,0.8692224034801522,0.8246066546298685,0.8463269358041032,0.8200108754758021,0.817565735971808,0.8187864802497623
8,0.08,0.8689505165851006,0.9058956916099773,0.8870385789619761,0.8632408917890158,0.9144585253456221,0.8881118881118879,0.8398586188145731,0.8430676855895196,0.8414600926178154,0.7952691680261011,0.8393113342898135,0.8166969147005445
9,0.09,0.8995752427184466,0.8874588446572882,0.8934759680578575,0.8962378640776699,0.8992389649923896,0.8977359063972042,0.8595266990291263,0.8159562211981567,0.8371749408983452,0.8176577669902912,0.8132166566083283,0.815431164901664
10,0.1,0.8762135922330098,0.9107537054556922,0.8931498376372353,0.8698422330097088,0.9203852327447833,0.8944002495710498,0.8379854368932039,0.8372234010306153,0.8376042456406368,0.7894417475728155,0.8294548932100733,0.8089538318047567
