,filter_abundance,precision_by_num_reads,recall_by_num_reads,F1_by_num_reads,precision_by_nts,recall_by_nts,F1_by_nts,precision_by_mean_cov,recall_by_mean_cov,F1_by_mean_cov,precision_by_med_cov,recall_by_med_cov,F1_by_med_cov
0,0.0,0.9930131004366812,0.6786439059329116,0.8062686143809389,0.9956331877729258,0.6504621704895583,0.7868580894533406,0.9956331877729258,0.6503879507074395,0.7868037821795845,0.8763318777292577,0.7832943013270882,0.8272052761747732
1,0.01,0.9163318777292576,0.8501053313887539,0.8819771351714863,0.9145851528384279,0.8538812785388128,0.8831913637513705,0.9055021834061135,0.8285120664855362,0.8652979469203805,0.7732751091703057,0.842275494672755,0.8063017940078318
2,0.02,0.8529257641921397,0.8982707873436351,0.8750111997132873,0.8490829694323144,0.9021900519673348,0.874831278682624,0.8413973799126637,0.872961217832548,0.85688873076581,0.702707423580786,0.8791520979020979,0.7810892146393554
3,0.03,0.9327711407823847,0.8068895643363728,0.8652759669708822,0.9273834621691263,0.8112704918032787,0.8654497759317958,0.9070039821972359,0.7708540712721481,0.8334050796383986,0.7605996720543453,0.798180924287119,0.778937267602255
4,0.04,0.8964628718669477,0.8410989010989011,0.8678988547454359,0.8917779339423753,0.8484510809003789,0.8695751484696209,0.8739751698289998,0.8030563925957813,0.8370162647223781,0.7088311079878191,0.8297230600493556,0.7645275391611925
5,0.05,0.8643710470836261,0.8735795454545454,0.8689509007417873,0.8585148746779105,0.8793186180422264,0.8687922247244281,0.8470367767627079,0.8345257327486729,0.840734712857475,0.7088311079878191,0.8297230600493556,0.7645275391611925
6,0.06,0.8273600374795034,0.893046776232617,0.8589494163424125,0.8215038650737878,0.8999230177059276,0.8589272593681117,0.814476458186929,0.8540899042004422,0.8338129496402877,0.7371194379391101,0.7572932330827068,0.7470701676309153
7,0.07,0.8975409836065574,0.8239720505240526,0.8591845313156788,0.8946135831381733,0.8345166575641726,0.8635207685786945,0.8694379391100703,0.7728337236533958,0.8182945309271249,0.7069672131147541,0.7792836398838335,0.7413660782808903
8,0.08,0.8738290398126464,0.8494593056346045,0.8614718614718615,0.8706088992974239,0.8610306890561668,0.8657933042212518,0.8468969555035128,0.7943437671609006,0.8197789742136583,0.6788641686182669,0.8018672199170125,0.7352568167406468
9,0.09,0.8504098360655737,0.8728966346153846,0.8615065243179122,0.8454332552693209,0.883450596512695,0.8640239341810021,0.819672131147541,0.8092485549132948,0.8144269924374637,0.6788641686182669,0.8018672199170125,0.7352568167406468
10,0.1,0.8252341920374707,0.8923710034821146,0.857490494296578,0.819672131147541,0.9026434558349452,0.859159251304081,0.7965456674473068,0.8262982083206802,0.8111492025637205,0.7119584055459273,0.7540381791483113,0.7323943661971831
