,filter_abundance,precision_by_num_reads,recall_by_num_reads,F1_by_num_reads,precision_by_nts,recall_by_nts,F1_by_nts,precision_by_mean_cov,recall_by_mean_cov,F1_by_mean_cov,precision_by_med_cov,recall_by_med_cov,F1_by_med_cov
0,0.0,0.7480936454849498,0.6743036295671048,0.7092846270928462,0.7587959866220736,0.6455725017072615,0.6976200725662628,0.7589297658862876,0.6454659233132325,0.6976143630103295,0.5442140468227424,0.7802071346375143,0.6411852785877532
1,0.01,0.7895734597156399,0.66693354683747,0.7230902777777777,0.7901421800947868,0.6721496532817287,0.7263855001742767,0.7802843601895735,0.6481889763779528,0.7081290322580646,0.627731725697061,0.6524804177545692,0.6398668544360517
2,0.02,0.8372268274302939,0.6143778801843318,0.7086965766532002,0.8384827932680231,0.6145066273932254,0.7092319133113779,0.8291886460688269,0.5907301360057265,0.689936252481973,0.627731725697061,0.6524804177545692,0.6398668544360517
3,0.03,0.8736810370817003,0.5883069427527405,0.7031420599296373,0.8727766053662949,0.5898533007334963,0.7039513677811551,0.8607175158275551,0.5634497730412473,0.6810591603053435,0.6534410112359551,0.5962832425504646,0.6235550343441113
4,0.04,0.8570997889659331,0.626487439400617,0.7238701464035646,0.8567983117274646,0.6312749888938249,0.7269471799462847,0.8450406994271933,0.6004712939160239,0.7020663744520976,0.6534410112359551,0.5962832425504646,0.6235550343441113
5,0.05,0.889747191011236,0.5990543735224586,0.7160214749929359,0.8879915730337079,0.6069114470842333,0.7210263720598717,0.8725421348314607,0.572316904652234,0.6912378303198887,0.6941580756013745,0.5356060606060606,0.6046611075475733
6,0.06,0.9090549624357454,0.5820253164556962,0.7096774193548386,0.9074733096085409,0.5905815748841997,0.7155105222135619,0.88572558323448,0.5507745266781411,0.6791995148574894,0.6941580756013745,0.5356060606060606,0.6046611075475733
7,0.07,0.9252669039145908,0.5615550755939525,0.6989247311827956,0.9248220640569395,0.5705268935236004,0.7057026476578411,0.8976868327402135,0.5270305562810134,0.6641434918545336,0.6941580756013745,0.5356060606060606,0.6046611075475733
8,0.08,0.9145907473309609,0.5889429962761387,0.7165011326014985,0.937653411880216,0.5568513119533528,0.6987378818364733,0.9091801669121257,0.5118850193477059,0.6549955791335103,0.6961805555555556,0.5180878552971576,0.5940740740740741
9,0.09,0.9322533136966127,0.5758035172832019,0.7119025304592315,0.9317623956799215,0.5858024691358025,0.719348114458973,0.8939617083946981,0.531523642732049,0.6666666666666666,0.6961805555555556,0.5180878552971576,0.5940740740740741
10,0.1,0.9408602150537635,0.5610772683552421,0.7029524000803374,0.9419354838709677,0.5710560625814863,0.711038961038961,0.9059139784946236,0.5181426814268143,0.6592331768388107,0.69155617585485,0.478512795750845,0.5656392694063928
