,filter_abundance,precision_by_num_reads,recall_by_num_reads,F1_by_num_reads,precision_by_nts,recall_by_nts,F1_by_nts,precision_by_mean_cov,recall_by_mean_cov,F1_by_mean_cov,precision_by_med_cov,recall_by_med_cov,F1_by_med_cov
0,0.0,0.741122988082074,0.7076489910839981,0.7239992798415651,0.7492320923946431,0.6877960748928491,0.7172008232872684,0.7492320923946431,0.6877960748928491,0.7172008232872684,0.6380390711389605,0.7888500683578915,0.7054747996196168
1,0.01,0.7654278895329014,0.7151959222682382,0.7394598155467721,0.7654278895329014,0.718514962393983,0.7412298803136608,0.7557108762359359,0.6953725490196079,0.7242872314353404,0.6619502216160927,0.7240350550065262,0.6916021017009529
2,0.02,0.8661498708010336,0.6043995672556798,0.7119796091758709,0.8666666666666667,0.6107064821558631,0.716513565477462,0.8563307493540052,0.5883188354340494,0.6974639587498684,0.7501291989664083,0.6283549783549783,0.6838633686690224
3,0.03,0.8911157642835776,0.5909541757587781,0.7106393129770993,0.8917140293149866,0.5984742019674764,0.7162421912542046,0.8773556685611726,0.5714007403078122,0.6920717319490326,0.7496260843553695,0.6121152906692721,0.6739276590022859
4,0.04,0.9075995982591228,0.5832616179001722,0.7101506221349051,0.9075995982591228,0.5910180946152169,0.7158700818589913,0.8905256109809173,0.5598821300778783,0.6875161540449729,0.773591943304737,0.5642002176278563,0.652509045147082
5,0.05,0.9216710182767625,0.5729190818455832,0.7066056619959966,0.9205520328235733,0.5783923131005391,0.71042026482441,0.8996643043640433,0.5434880576836413,0.6776232616940582,0.773591943304737,0.5642002176278563,0.652509045147082
6,0.06,0.9142111152555017,0.6051851851851852,0.7282721735254791,0.9127191346512495,0.6132832080200501,0.7336231449557787,0.9070146818923328,0.5332054663150324,0.671598973274951,0.7827050997782705,0.5303485576923077,0.632276553824109
7,0.07,0.9245513866231647,0.5957950065703023,0.7246284161738853,0.9225122349102773,0.6038441003737319,0.7299128751210067,0.9135254988913526,0.5231081767394616,0.6652672372032941,0.7827050997782705,0.5303485576923077,0.632276553824109
8,0.08,0.9290465631929047,0.5830782076259393,0.716484268125855,0.926829268292683,0.5913978494623656,0.7220590775608914,0.9138915318744053,0.5150134048257373,0.6587791495198903,0.7735490009514748,0.5361028684470821,0.6333008763388511
9,0.09,0.9329210275927687,0.5765951190826227,0.7127021624568416,0.9300666032350142,0.5846291866028708,0.7179581344105764,0.9062797335870599,0.5376799322607959,0.6749335695305579,0.7846655791190864,0.5155412647374062,0.6222509702457957
10,0.1,0.9356486210418795,0.5675340768277571,0.7065175472425762,0.9366700715015321,0.5780018909549323,0.7148703956343793,0.9055158324821246,0.5259566894096708,0.6654156502158004,0.7846655791190864,0.5155412647374062,0.6222509702457957
