,filter_abundance,precision_by_num_reads,recall_by_num_reads,F1_by_num_reads,precision_by_nts,recall_by_nts,F1_by_nts,precision_by_mean_cov,recall_by_mean_cov,F1_by_mean_cov,precision_by_med_cov,recall_by_med_cov,F1_by_med_cov
0,0.0,0.9965885493918718,0.7442401417811254,0.8521242866201648,0.9979234648472264,0.7268013395268446,0.8410525657853616,0.9979234648472264,0.7268013395268446,0.8410525657853616,0.9740433105903292,0.7897775105231509,0.87228531579996
1,0.01,0.8734796796202907,0.934020618556701,0.9027362612094735,0.8703648768911302,0.9384295538141691,0.9031165833012698,0.8660634826460991,0.9109204368174727,0.8879257907542579,0.8392168495995254,0.9109644179681211,0.8736200108083069
2,0.02,0.902102973168963,0.9014492753623189,0.9017760057992027,0.9010152284263959,0.9084262474867483,0.9047055611176846,0.8877810007251632,0.8691870784522542,0.8783856502242152,0.8555112400290066,0.8697014375230372,0.8625479802595503
3,0.03,0.9280908326324643,0.8822706376174295,0.9046008812378318,0.9245164003364171,0.8891809908998989,0.9065044840738068,0.9009671993271657,0.8388801879404855,0.8688158961881589,0.8746846089150546,0.8470779881897781,0.8606599772421641
4,0.04,0.8866694701429773,0.9163407214254672,0.9012609531951273,0.8822539949537427,0.9240255450341335,0.9026567710013983,0.8622792262405383,0.8714407139821504,0.8668357641090679,0.8334735071488646,0.8710173588222369,0.8518319544428923
5,0.05,0.9026821742226442,0.8908409463574608,0.896722471115303,0.8984096843104676,0.8996909912051343,0.8990498812351544,0.873249465938761,0.8386140870754502,0.8555813953488373,0.8400189888440541,0.8346698113207547,0.8373358570921565
6,0.06,0.8670780916211726,0.9169176706827309,0.8913016957423447,0.86185615950629,0.9248599083036169,0.8922472048163164,0.8397816282933777,0.8593636142822444,0.8494597839135655,0.8034654640398766,0.8539354187689203,0.8279320044025927
7,0.07,0.8933617701946148,0.8952711728559979,0.8943154523618896,0.887763263129832,0.9039087947882736,0.8957632817753867,0.8621700879765396,0.8339350180505415,0.8478175383405426,0.8224473473740336,0.8281879194630872,0.8253076511503478
8,0.08,0.8635030658491069,0.9173038799207024,0.8895907717659983,0.8573713676352972,0.9260005758710049,0.8903654485049834,0.8349773393761664,0.8545702592087312,0.8446601941747572,0.7944548120501199,0.8490028490028491,0.8208235780195565
9,0.09,0.886497641509434,0.8997606223818073,0.8930798930798931,0.8811910377358491,0.9098934550989346,0.8953122659877192,0.8525943396226415,0.8327094730780306,0.8425345957756737,0.8101415094339622,0.8239880059970015,0.8170060948416827
10,0.1,0.8573113207547169,0.9167717528373266,0.8860450944546009,0.8514150943396226,0.926829268292683,0.8875230485556239,0.8248820754716981,0.8481357987268869,0.8363473322373338,0.7865566037735849,0.8440366972477065,0.814283534259118
