,filter_abundance,precision_by_num_reads,recall_by_num_reads,F1_by_num_reads,precision_by_nts,recall_by_nts,F1_by_nts,precision_by_mean_cov,recall_by_mean_cov,F1_by_mean_cov,precision_by_med_cov,recall_by_med_cov,F1_by_med_cov
0,0.0,0.9972273567467652,0.7290540540540541,0.8423106947697111,0.9979975354282193,0.7114307675414516,0.8306942752740561,0.9979975354282193,0.711352657004831,0.8306410256410257,0.9730437461491066,0.7909102291223238,0.8725740727950825
1,0.01,0.8744608749229821,0.9270084911822338,0.8999682942295497,0.8730745532963647,0.931930286090102,0.9015428662319069,0.8670671595810228,0.9057119871279163,0.8859683638939168,0.8134627233518176,0.9182750825943314,0.8626970513762967
2,0.02,0.9085562511857332,0.8946385204558192,0.9015436746987954,0.9064693606526276,0.9004900113079533,0.9034697929469604,0.8893948017453993,0.8598679383712399,0.8743821691690756,0.8542970973249858,0.8654622333269267,0.8598434218063777
3,0.03,0.8552456839309429,0.9315974374870841,0.8917903066271019,0.8520204894706886,0.9383618888424572,0.8931092771204138,0.9057696591668523,0.822577382156585,0.8621713316369803,0.8598797059478726,0.8292158968850698,0.8442694663167103
4,0.04,0.8930719536645133,0.9013039568345323,0.8971690723956585,0.8881710848741368,0.9088215181217233,0.8983776475890041,0.8661171753174426,0.8522577816747041,0.8591315876698707,0.8266874582312319,0.8521239954075776,0.83921302578019
5,0.05,0.8525284027623079,0.9277575757575758,0.888553517529603,0.914828897338403,0.8878228782287823,0.9011235955056179,0.8818757921419519,0.8183956716066808,0.8489507076622743,0.8377693282636248,0.8198958074919375,0.8287362086258776
6,0.06,0.8866920152091254,0.9080996884735203,0.8972681800692575,0.8821292775665399,0.9174795676245716,0.8994572240889119,0.85297845373891,0.8448405724328396,0.8488900100908173,0.8007604562737642,0.8457831325301205,0.8226562500000001
7,0.07,0.911597498578738,0.8866463920376002,0.898948843728101,0.9070494599204093,0.8966001685866817,0.9017945457114597,0.8215462610899873,0.8649586335735255,0.8426937077483098,0.8314383172256964,0.8223221816137194,0.8268551236749115
8,0.08,0.8797612279704378,0.907624633431085,0.8934757505773672,0.874076179647527,0.9168157423971377,0.8949359720605354,0.8465036952814099,0.8417184850197852,0.8441043083900227,0.8032973280272883,0.844338213325366,0.8233066278222869
9,0.09,0.9052598225602028,0.885891472868217,0.8954709293214229,0.9024081115335868,0.898422712933754,0.9004110022130889,0.8200682205798749,0.8609370337212773,0.8400058232639395,0.8152724968314322,0.8155309033280507,0.8154016796070352
10,0.1,0.8811787072243346,0.9091206276560968,0.8949316170555108,0.8761089987325729,0.920439414114514,0.8977272727272728,0.8384030418250951,0.8312912346842601,0.8348319924278278,0.7892902408111534,0.8328318288197927,0.8104766552789979
