,filter_abundance,precision_by_num_reads,recall_by_num_reads,F1_by_num_reads,precision_by_nts,recall_by_nts,F1_by_nts,precision_by_mean_cov,recall_by_mean_cov,F1_by_mean_cov,precision_by_med_cov,recall_by_med_cov,F1_by_med_cov
0,0.0,0.7371210253882179,0.7145758661887694,0.7256733802475127,0.744515651959576,0.6893757845486705,0.7158855246785567,0.744515651959576,0.689297124600639,0.7158431093731485,0.6427162928272122,0.791350531107739,0.7093307943416757
1,0.01,0.7651294359677696,0.7249837556855101,0.7445158061556427,0.7646151208640494,0.7292347939829954,0.7465059837643317,0.7567289559403394,0.7072584521711264,0.7311578598641709,0.6807817589576547,0.7345541990381058,0.7066464987988256
2,0.02,0.8625420657520062,0.6145333825156769,0.717716747442111,0.8108752166377816,0.6979302629125489,0.750175368273374,0.8516696867719389,0.5970961887477314,0.7020164301717701,0.7688325135904738,0.6328574472618794,0.694249649368864
3,0.03,0.888122375524895,0.6020740138267588,0.717644207464857,0.888122375524895,0.6095100864553314,0.722900390625,0.8713257348530294,0.5792622133599202,0.6958917235597077,0.7735452909418117,0.624001935639971,0.6907727333601178
4,0.04,0.9044715447154471,0.5896643109540636,0.713903743315508,0.9024390243902439,0.5957066189624329,0.7176724137931034,0.8848238482384824,0.56378156701921,0.6887277521423862,0.7977443609022556,0.570123589468028,0.664995299279223
5,0.05,0.9176691729323309,0.5792596108210726,0.7102123945301135,0.9146616541353384,0.5861238255841966,0.7144325356041697,0.8954887218045112,0.5508788159111934,0.6821305841924399,0.7977443609022556,0.570123589468028,0.664995299279223
6,0.06,0.9295774647887324,0.5692541856925418,0.7061044682190056,0.9291632145816073,0.5780927835051546,0.7127422942484906,0.9101077050538525,0.5407334481909919,0.6784004940558901,0.7928748964374482,0.5684585684585685,0.6621691748832382
7,0.07,0.9356592659719075,0.5575053995680346,0.6986973439350365,0.9342999546896239,0.5658616904500549,0.7048367800376004,0.911191662890802,0.5245174752217006,0.6657838106273796,0.7932530120481928,0.53354943273906,0.637984496124031
8,0.08,0.9275033982782057,0.5851915380217267,0.7176161262050833,0.9368674698795181,0.5656095432062845,0.7053701015965167,0.908433734939759,0.5191407325805564,0.660708026638626,0.7932530120481928,0.53354943273906,0.637984496124031
9,0.09,0.9416623644811565,0.5508909694956207,0.6951219512195121,0.9401135776974703,0.5599630996309963,0.7018693389863172,0.9112028910686629,0.512188044109112,0.6557681590191344,0.8024282560706402,0.5066202090592334,0.6211020931225971
10,0.1,0.9426048565121413,0.5437758675581025,0.6896830203916817,0.9437086092715232,0.5544747081712063,0.6985294117647058,0.9161147902869757,0.5067155067155067,0.6525157232704403,0.797067448680352,0.5122502826988315,0.6236805874254245
