,filter_abundance,precision_by_num_reads,recall_by_num_reads,F1_by_num_reads,precision_by_nts,recall_by_nts,F1_by_nts,precision_by_mean_cov,recall_by_mean_cov,F1_by_mean_cov,precision_by_med_cov,recall_by_med_cov,F1_by_med_cov
0,0.0,0.9906315619447585,0.7071370921249855,0.8252152852529602,0.9922468098853174,0.6836189628310706,0.8095143967846085,0.9922468098853174,0.6836189628310706,0.8095143967846085,0.943950896462607,0.7895163469332612,0.8598543367909953
1,0.01,0.8874172185430463,0.8977124183006536,0.8925351311834943,0.8861250201905992,0.9037891268533773,0.8948699127314249,0.8790179292521402,0.8768933290364164,0.8779543437928531,0.7814569536423841,0.9007633587786259,0.8368794326241136
2,0.02,0.9280737704918033,0.8462257100149477,0.8852619233776388,0.9254098360655738,0.8520754716981133,0.887229862475442,0.9122950819672131,0.8171806167400881,0.8621223857474827,0.8467213114754099,0.8237639553429027,0.8350848827809216
3,0.03,0.8809426229508197,0.8884066955982641,0.8846589155262886,0.8778688524590164,0.8954849498327759,0.8865894039735099,0.8668032786885246,0.8561020036429873,0.8614194073923226,0.7893442622950819,0.8579064587973274,0.8221985058697974
4,0.04,0.835860655737705,0.9170413669064749,0.8745711835334476,0.8301229508196721,0.9234100752222475,0.8742850976583575,0.8233606557377049,0.8809471607103705,0.8511810189598559,0.8091111661302303,0.816591704147926,0.8128342245989305
5,0.05,0.8908145580589255,0.8718197237702932,0.8812147930443301,0.8843773211190888,0.8787207872078721,0.8815399802566634,0.8660559544441694,0.8230588235294117,0.8440101339124141,0.7828670462985887,0.8314488561661846,0.8064269319051263
6,0.06,0.8603614756127754,0.9016606123508044,0.8805270492841759,0.8519435503837584,0.9074367088607594,0.8788149661601328,0.8370883882149047,0.8490708186840783,0.8430370278020196,0.7568705125030948,0.844475138121547,0.7982765374069721
7,0.07,0.9036525740580961,0.8686756980923417,0.8858190019734987,0.8958872591314352,0.8752458555774094,0.8854462762933485,0.8688524590163934,0.8062449959967974,0.8363787375415282,0.7909117054932413,0.8078730904817861,0.7993024269728236
8,0.08,0.8708656888121944,0.8879765395894428,0.8793378829679105,0.8659764164509635,0.8974664679582712,0.881440281030445,0.8441184929536957,0.8295647258338044,0.8367783321454026,0.7575496117342536,0.8280414963847846,0.7912285971763292
9,0.09,0.8458441184929537,0.9116553006819591,0.877517529464419,0.8377911993097498,0.9189274447949527,0.8764856326162178,0.8167960885821111,0.8477611940298507,0.8319906254577413,0.7382801265458728,0.8405370006548788,0.7860970754861429
10,0.1,0.8778650949574329,0.8767168083714846,0.8772905759162304,0.8729535036018337,0.8874833555259654,0.8801584681413008,0.8379174852652259,0.8039585296889726,0.8205868205868205,0.7527832351015062,0.8058184367332633,0.7783985102420856
