,filter_abundance,precision_by_num_reads,recall_by_num_reads,F1_by_num_reads,precision_by_nts,recall_by_nts,F1_by_nts,precision_by_mean_cov,recall_by_mean_cov,F1_by_mean_cov,precision_by_med_cov,recall_by_med_cov,F1_by_med_cov
0,0.0,0.7448083067092651,0.687853454634866,0.7151987728492906,0.7533280085197018,0.6600186610683462,0.7035931866219073,0.7533280085197018,0.6600186610683462,0.7035931866219073,0.5664270500532481,0.7892784270079762,0.6595365418894831
1,0.01,0.792492781520693,0.671943855067733,0.7272566684331391,0.7911453320500481,0.6738809640924742,0.7278200814591819,0.7826756496631376,0.6538028621964946,0.7124583844401612,0.6498399409012559,0.6508014796547472,0.6503203548546082
2,0.02,0.836985964048264,0.6296776583919971,0.7186806216301935,0.8374784535828613,0.635582134180527,0.722694432639184,0.8259049495198227,0.6104841645431379,0.7020408163265307,0.6498399409012559,0.6508014796547472,0.6503203548546082
3,0.03,0.8744075829383886,0.6018348623853211,0.7129573722980317,0.8752962085308057,0.6097812628972349,0.7188032108975919,0.85989336492891,0.5802518488906656,0.6929227831483471,0.7168913560666138,0.5482110369921165,0.6213058419243986
4,0.04,0.8980228928199792,0.5744397603727535,0.7006765899864681,0.8976760319112036,0.5803991926440906,0.704985017706347,0.8834547346514048,0.5510601471224578,0.6787475016655563,0.7168913560666138,0.5482110369921165,0.6213058419243986
5,0.05,0.8858827610128338,0.6126169345166707,0.7243335224049915,0.8858827610128338,0.6164615013275404,0.7270139481924281,0.8988897700237907,0.5256202179457454,0.6633504023408925,0.7168913560666138,0.5482110369921165,0.6213058419243986
6,0.06,0.9107850911974623,0.5841810783316378,0.7118066315463278,0.9099920697858842,0.5928700594161715,0.7179727827311122,0.8897700237906423,0.5538005923000987,0.6826893824155765,0.7124631992149166,0.5224901043540842,0.6028648536433465
7,0.07,0.925531914893617,0.5655471289274107,0.7020847343644923,0.9233156028368794,0.5728822882288229,0.7070604209097081,0.8984929078014184,0.5300732217573222,0.6667763157894737,0.7124631992149166,0.5224901043540842,0.6028648536433465
8,0.08,0.9342492639842983,0.5450901803607214,0.6884830952811426,0.9347399411187438,0.555231710871466,0.6966538672517827,0.9106967615309126,0.5125655896161282,0.6559462802615303,0.7117718446601942,0.48834304746044965,0.5792592592592593
9,0.09,0.9392647842301545,0.5340805816419267,0.6809578988026266,0.9366009589770911,0.5414228518632584,0.6861826697892272,0.9147575919019713,0.4995635728833285,0.6462175385773429,0.7117718446601942,0.48834304746044965,0.5792592592592593
10,0.1,0.9418140330861381,0.5279820914614647,0.6766393442622951,0.9307405434203516,0.5672077922077922,0.7048618115795844,0.9041022908897176,0.5191189966350566,0.6595413913719393,0.7117718446601942,0.48834304746044965,0.5792592592592593
