,filter_abundance,precision_by_num_reads,recall_by_num_reads,F1_by_num_reads,precision_by_nts,recall_by_nts,F1_by_nts,precision_by_mean_cov,recall_by_mean_cov,F1_by_mean_cov,precision_by_med_cov,recall_by_med_cov,F1_by_med_cov
0,0.0,0.9972330729166666,0.7106239851542565,0.8298794527969658,0.9982096354166666,0.6878645132346344,0.8144754316069056,0.9982096354166666,0.6878645132346344,0.8144754316069056,0.9547526041666666,0.7839101964452759,0.860937843986204
1,0.01,0.9029947916666666,0.8961395574220643,0.8995541143088771,0.8995768229166666,0.898407022106632,0.8989915419648664,0.8924153645833334,0.8719783715012722,0.8820785070785071,0.8040364583333334,0.896551724137931,0.8477775870945599
2,0.02,0.940270551508845,0.8300569538857248,0.8817330210772835,0.9386056191467221,0.8364243323442137,0.8845738942826322,0.9234131113423517,0.8016260162601626,0.8582205029013539,0.8676378772112383,0.8107740178918709,0.8382426862370564
3,0.03,0.9009365244536941,0.8756067961165048,0.888091086265258,0.8965660770031217,0.8820638820638821,0.8892558571576012,0.8842872008324661,0.8437251787132645,0.8635301290519255,0.8104058272632674,0.8478118876551274,0.8286869546712067
4,0.04,0.8580645161290322,0.9057557117750439,0.8812653628299668,0.8528616024973985,0.9124916499665998,0.8816695352839932,0.8426638917793965,0.8694438479707967,0.855844430352991,0.776690946930281,0.8648899188876014,0.8184210526315789
5,0.05,0.9096774193548387,0.8674869853289162,0.8880813953488373,0.9069478908188585,0.8767090429359559,0.8915721429442615,0.8818858560794045,0.8177634606534745,0.8486150907354346,0.8042183622828785,0.826153453989294,0.8150383503080598
6,0.06,0.8794044665012407,0.8958543983822043,0.8875532181317306,0.8746898263027295,0.9047741273100616,0.8894776684330051,0.852605459057072,0.8415380847416115,0.847035621841489,0.7796526054590571,0.8378666666666666,0.8077120822622107
7,0.07,0.8486352357320099,0.9198493813878429,0.8828084667010841,0.841439205955335,0.9267559442470621,0.8820392768890624,0.8228287841191066,0.8608515057113187,0.8414108094392286,0.7993039443155452,0.7963016469228547,0.7977999710522508
8,0.08,0.8915313225058005,0.8762827822120867,0.8838412880966072,0.8857308584686775,0.8849608809040858,0.885345702275692,0.8587587006960556,0.8121228743828853,0.8347899633493092,0.7790023201856149,0.8127080181543116,0.7954982970531616
9,0.09,0.8628190255220418,0.8960843373493976,0.8791371158392434,0.8581786542923434,0.9065563725490197,0.881704410011919,0.834106728538283,0.8309737070210922,0.8325372702272398,0.7587006960556845,0.8249763481551561,0.7904517298685602
10,0.1,0.901091630830301,0.8639391056137012,0.8821243523316062,0.8977836586172676,0.8766149870801033,0.8870730511521491,0.8637115448230235,0.793134872417983,0.8269200316706254,0.783658617267615,0.7960349462365591,0.7897982997166194
