,filter_abundance,precision_by_num_reads,recall_by_num_reads,F1_by_num_reads,precision_by_nts,recall_by_nts,F1_by_nts,precision_by_mean_cov,recall_by_mean_cov,F1_by_mean_cov,precision_by_med_cov,recall_by_med_cov,F1_by_med_cov
0,0.0,0.9915458937198067,0.7357454912064524,0.8447045206096072,0.9936594202898551,0.7162912177603656,0.832479605387972,0.9936594202898551,0.7162912177603656,0.832479605387972,0.9636171497584541,0.7899752475247525,0.8681991294885746
1,0.01,0.8780193236714976,0.9228816248809901,0.8998916911650936,0.8742451690821256,0.9268565941101152,0.8997824735860782,0.872433574879227,0.9026866604186192,0.8873023184400429,0.8215579710144928,0.9073024341447149,0.8623039138012993
2,0.02,0.9115341545352743,0.8846223510233653,0.8978766430738119,0.9098544232922733,0.8915508412582297,0.9006096434509514,0.8977230309817096,0.8546552949538024,0.875659930821045,0.8570362075401269,0.8533729790001858,0.8552006704534871
3,0.03,0.8617021276595744,0.9226618705035972,0.8911407064273307,0.8566629339305711,0.9285858790208376,0.8911756140180563,0.8463979096677865,0.8890413644383455,0.8671957166077064,0.7915266890630832,0.8956705385427667,0.8403844248489053
4,0.04,0.9010052447552448,0.8964992389649924,0.8987465940054497,0.8942307692307693,0.9017188188629353,0.8979591836734695,0.8752185314685315,0.8517652062951936,0.8633326147876698,0.8291083916083916,0.8562401263823065,0.8424558676584878
5,0.05,0.8590472027972028,0.9212561518631357,0.8890647970145878,0.8522727272727273,0.9276879162702188,0.8883826879271071,0.840034965034965,0.8768248175182481,0.8580357142857142,0.7941433566433567,0.8769305019305019,0.8334862385321101
6,0.06,0.8873063468265867,0.8913152610441767,0.8893062860005009,0.8808095952023988,0.8983180428134556,0.8894776684330054,0.8588205897051474,0.8354399611084103,0.8469689502217842,0.8110944527736131,0.8350913300746077,0.8229179870706045
7,0.07,0.8545727136431784,0.9149277688603531,0.8837209302325582,0.8483258370814593,0.9220532319391636,0.88365434669443,0.8333333333333334,0.8606451612903225,0.8467690745207566,0.7813593203398301,0.8515795206971678,0.8149596038571801
8,0.08,0.8854225751559841,0.8846698781524511,0.8850460666194189,0.8800340328984685,0.8939786804955344,0.8869515506645704,0.8533749290981282,0.8214578214578214,0.8371122548337738,0.7932501418037436,0.8260484347312463,0.8093171296296298
9,0.09,0.8579126488939308,0.905688622754491,0.8811535100495193,0.8530913216108905,0.9162351507767286,0.8835364958143633,0.8281338627339762,0.8412561221549986,0.8346434186079749,0.766874645490641,0.8402734617775015,0.8018979833926454
10,0.1,0.8978614746249601,0.8876617229409909,0.8927324658838464,0.8949888285987871,0.9004495825305073,0.8977109012325917,0.8550909671241621,0.8125568698817106,0.8332814930015552,0.7906160229811682,0.8115989515072084,0.800970088924818
