,filter_abundance,precision_by_num_reads,recall_by_num_reads,F1_by_num_reads,precision_by_nts,recall_by_nts,F1_by_nts,precision_by_mean_cov,recall_by_mean_cov,F1_by_mean_cov,precision_by_med_cov,recall_by_med_cov,F1_by_med_cov
0,0.0,0.7319038028669589,0.724692082111437,0.7282800895909466,0.7412628835446037,0.7058889891696751,0.7231436001155737,0.7414998222959365,0.7058757189579339,0.723249364455743,0.6669825850017771,0.7902863559797867,0.7234179248313525
1,0.01,0.7555699063609945,0.7549604774963704,0.7552650689905592,0.7544397804326768,0.7605794270833334,0.7574971632355325,0.8090614886731392,0.6383657835939993,0.7136485280999108,0.7510113268608414,0.6856879039704524,0.71686456221643
2,0.02,0.8477583313354111,0.6502390584773814,0.7359766885211779,0.8465595780388396,0.6561977327634269,0.7393216080402011,0.833852793095181,0.631101433496643,0.7184466019417476,0.7815871493646608,0.6644924582144313,0.7182989974661231
3,0.03,0.872,0.6419577579203899,0.7395016961048075,0.8717241379310345,0.6492705979042531,0.7442298634008478,0.8568275862068966,0.6205794205794206,0.7198146002317498,0.8036263060848187,0.6244030563514804,0.7027680730986293
4,0.04,0.8881376767055931,0.6385329209014582,0.74293059125964,0.8853718500307314,0.6445190156599553,0.7459865354738477,0.8666256914566687,0.6103896103896104,0.7162814325628651,0.8097677595628415,0.6077928736221482,0.6943915653829257
5,0.05,0.9040300546448088,0.6299381247025226,0.7424964936886396,0.9040300546448088,0.6386007237635706,0.7484801357274141,0.8784153005464481,0.5973060845332094,0.7110865358031518,0.8193403298350824,0.5998902305159166,0.6926489226869454
6,0.06,0.9085457271364318,0.616950878086027,0.7348794906775807,0.908920539730135,0.6266149870801033,0.7418170694401958,0.9049569848422777,0.5469175538499629,0.6817901234567901,0.8271200327734535,0.5865775711795468,0.6863844977052523
7,0.07,0.9201147070872593,0.6091673447247085,0.7330287206266318,0.9201147070872593,0.6185623795097769,0.7397891963109354,0.9109347442680776,0.5432553247436235,0.6806127491352332,0.8276014109347443,0.5775384615384616,0.6803189561435303
8,0.08,0.9259259259259259,0.60431654676259,0.7313250914156364,0.940566037735849,0.5828705057000877,0.7197256812849666,0.9136792452830189,0.5389538119087368,0.6779838991949598,0.8306603773584905,0.5699029126213592,0.6760076775431861
9,0.09,0.9444444444444444,0.5744292237442923,0.7143668370244179,0.9414414414414415,0.5819925742574258,0.7193116634799235,0.9134134134134134,0.5359765051395007,0.6755506200259115,0.8243243243243243,0.5605854322668482,0.6673419773095624
10,0.1,0.9448568398727466,0.5724381625441696,0.7129425885177034,0.9448568398727466,0.5823529411764706,0.7205822887181561,0.9130434782608695,0.5326322301268172,0.6727876538386403,0.8356623812185578,0.533547466095646,0.651274232193422
