,filter_abundance,precision_by_num_reads,recall_by_num_reads,F1_by_num_reads,precision_by_nts,recall_by_nts,F1_by_nts,precision_by_mean_cov,recall_by_mean_cov,F1_by_mean_cov,precision_by_med_cov,recall_by_med_cov,F1_by_med_cov
0,0.0,0.9982024087722452,0.6581723361384378,0.7932857142857143,0.9994607226316735,0.6311726643205813,0.7737266907876427,0.9994607226316735,0.6311726643205813,0.7737266907876427,0.891605248966385,0.7615538154460311,0.8214640609473336
1,0.01,0.9218047815926659,0.8262971318079279,0.8714419236978503,0.9228833363293187,0.8329007138221933,0.8755862539438901,0.9137156210677692,0.806057722803679,0.8565169769989048,0.7975912277548085,0.8310545045888743,0.813979086406164
2,0.02,0.863922344058961,0.8823205434183955,0.873024523160763,0.8599676433579004,0.8849426563078061,0.8722764153523567,0.8558331835340643,0.8556793673616103,0.8557562685359935,0.722272155311882,0.8715835140997831,0.7899341393885776
3,0.03,0.8141290670501528,0.9134731746672046,0.8609447771124417,0.8090958116124394,0.9195097037793667,0.8607764390896921,0.9152952565343659,0.7471355195574871,0.8227104633456601,0.7693610842207164,0.7812730400589826,0.7752713083770272
4,0.04,0.9080348499515973,0.8228070175438597,0.8633225954901058,0.904162633107454,0.8302222222222222,0.8656163113994438,0.8840755082284608,0.7808892689183412,0.8292849035187289,0.7163601161665053,0.8087431693989071,0.759753593429158
5,0.05,0.8741529525653436,0.8518867924528302,0.862876254180602,0.8714908034849952,0.8623084291187739,0.8668753009147809,0.8518877057115198,0.8064146620847652,0.8285277156643521,0.7163601161665053,0.8087431693989071,0.759753593429158
6,0.06,0.8429332042594385,0.8791014639071176,0.8606375092661231,0.8368828654404646,0.8866666666666667,0.8610557768924302,0.8201839303000968,0.826787021224689,0.8234722390961001,0.6727976766698935,0.8291082612585744,0.742818971275885
7,0.07,0.8114714424007744,0.900617781359119,0.8537237428389561,0.8054211035818006,0.909041245561322,0.8540998331836264,0.792110358180058,0.8463925523661753,0.8183522940367545,0.7175038051750381,0.7600773943889068,0.7381772627622925
8,0.08,0.8904109589041096,0.8323847467273762,0.8604206500956023,0.8834094368340943,0.8409156766154737,0.8616389548693586,0.8563165905631659,0.7687892866903525,0.8101958525345623,0.6806697108066971,0.7761194029850746,0.7252675964969186
9,0.09,0.8660578386605784,0.8551247370003006,0.8605565638233514,0.8617960426179604,0.8670750382848392,0.8644274809160306,0.8337899543378996,0.7891097666378565,0.810834813499112,0.6806697108066971,0.7761194029850746,0.7252675964969186
10,0.1,0.843531202435312,0.8780101394169835,0.8604253997826425,0.837138508371385,0.8879560865353568,0.8617988091507365,0.8133942161339421,0.8096969696969697,0.8115413819286258,0.6426179604261796,0.8008345978755691,0.7130552271575746
