,filter_abundance,precision_by_num_reads,recall_by_num_reads,F1_by_num_reads,precision_by_nts,recall_by_nts,F1_by_nts,precision_by_mean_cov,recall_by_mean_cov,F1_by_mean_cov,precision_by_med_cov,recall_by_med_cov,F1_by_med_cov
0,0.0,0.9924417707851303,0.7357347055460263,0.8450223272918308,0.9942927656948943,0.7128165431825721,0.8303490918459359,0.9942927656948943,0.7128165431825721,0.8303490918459359,0.956038870893105,0.7941063420884049,0.8675811870100784
1,0.01,0.8824618232299861,0.9175621491579792,0.8996697593961314,0.8795310812895265,0.9222060488436035,0.9003631770093163,0.8752120931667438,0.8963665086887835,0.885662998517131,0.8314052136356626,0.8959441489361702,0.8624689975198017
2,0.02,0.9231813773035887,0.8682722130997993,0.8948852952237685,0.9198836081474296,0.8749077490774908,0.8968321513002364,0.9037827352085354,0.8350958953217422,0.8680827277808832,0.8403491755577109,0.8552813425468905,0.8477495107632093
3,0.03,0.8741028128031038,0.9075528700906345,0.8905138339920948,0.8698351115421921,0.9149153234033871,0.8918058870326174,0.8580019398642095,0.8718706879558447,0.8648807195932733,0.8129970902036857,0.8705857914416286,0.8408065001504664
4,0.04,0.9104066161268091,0.8673670387393303,0.8883658372562205,0.9048931771192281,0.8745559502664298,0.889465959128373,0.8876636802205375,0.8245838668373879,0.8549618320610687,0.839421088904204,0.8240866035182679,0.8316831683168318
5,0.05,0.8764070755800597,0.8989161168708766,0.887518901942538,0.872271996324374,0.9085905719071549,0.8900609470229724,0.8518263266712612,0.848318462594372,0.8500687757909217,0.8003675626005053,0.8474823643882267,0.823251417769376
6,0.06,0.8396508155295199,0.9227467811158798,0.8792398364204956,0.8332184700206754,0.9292851652574943,0.8786337209302325,0.8789656091708877,0.8033625730994152,0.8394653087205601,0.8200479872034124,0.8069254984260231,0.8134338225571864
7,0.07,0.8824313516395628,0.8878755364806867,0.8851450728707047,0.8747000799786724,0.895225102319236,0.8848435814455231,0.8501732871234338,0.8238181348488762,0.8367882445552348,0.7808584377499334,0.8269339356295878,0.803235979706568
8,0.08,0.852039456145028,0.9087290304236565,0.879471656576775,0.8437749933351106,0.9160636758321273,0.878434637801832,0.8248467075446547,0.8446628446628447,0.8346371729161045,0.7992722862340813,0.7932591032199819,0.7962543422443741
9,0.09,0.883262583383869,0.8755635707844905,0.8793962264150944,0.8808368708308065,0.8889228886168911,0.8848614072494669,0.8489993935718617,0.8057553956834532,0.8268123431271225,0.7856276531231049,0.8024156085475379,0.7939328941320668
10,0.1,0.8580958156458459,0.8952863018032269,0.8762966403468029,0.851728320194057,0.9061290322580645,0.8780869021569239,0.8250454821103699,0.82404603270745,0.8245454545454546,0.7613705275924803,0.8224697019325253,0.790741615493623
