,filter_abundance,precision_by_num_reads,recall_by_num_reads,F1_by_num_reads,precision_by_nts,recall_by_nts,F1_by_nts,precision_by_mean_cov,recall_by_mean_cov,F1_by_mean_cov,precision_by_med_cov,recall_by_med_cov,F1_by_med_cov
0,0.0,0.727943535450754,0.7539875941515286,0.7407367103759726,0.7341460806330874,0.7416009506319542,0.7378546861564919,0.7341460806330874,0.7416009506319542,0.7378546861564919,0.7008876056036788,0.7882140709561034,0.7419902637835389
1,0.01,0.7788088408975873,0.7321173671689135,0.7547416612164812,0.7779652437995613,0.7374060450983528,0.7571428571428572,0.7702041504977223,0.7121684867394695,0.7400502553294966,0.7526573308587818,0.7182418290130413,0.7350469599604548
2,0.02,0.8420099592575826,0.6739130434782609,0.7486415777822498,0.8429153463105478,0.6806799488210564,0.7531600768530691,0.8302399275690358,0.6510472133475328,0.7298050139275766,0.8141693073789045,0.6629192775525249,0.7308004876066639
3,0.03,0.8647489275801161,0.6849890065960423,0.764443453044836,0.8632349230381025,0.6918099089989889,0.7680736416704086,0.8478425435276306,0.6577916992952232,0.7408224010583176,0.8552850027670171,0.6294033801669721,0.7251612903225806
4,0.04,0.8988256549232159,0.6486310299869622,0.7535024611889437,0.8991267690454682,0.6575644131248624,0.7596031544136352,0.8810599217103282,0.6217594560135996,0.7290394917154603,0.8626919602529358,0.6295319709953856,0.7278963414634146
5,0.05,0.9053350683148992,0.6519091122042633,0.7580008171047256,0.904359141184125,0.6608034228666508,0.7636313693174016,0.8982517482517482,0.5855937998632322,0.7089830274596384,0.8772727272727273,0.591745283018868,0.7067605633802817
6,0.06,0.9195103857566765,0.6222389558232931,0.7422155688622754,0.9176557863501483,0.63015792154865,0.7472062820900031,0.896513353115727,0.5870779693951906,0.7095259063554968,0.8798219584569733,0.5983854692230071,0.7123123123123123
7,0.07,0.9310618066561014,0.6278386321132782,0.7499601085048668,0.9400249895876718,0.6126492942453855,0.741824157764996,0.9187838400666389,0.5688499226405364,0.7026596591813983,0.8942107455226989,0.5763758389261745,0.7009467841984982
8,0.08,0.9413566739606127,0.6091758708581139,0.7396836313617606,0.9396061269146608,0.618197523754679,0.7457450503647101,0.9159737417943107,0.5710777626193725,0.703529411764706,0.8888402625820568,0.5786324786324787,0.700949094046592
9,0.09,0.94716618635927,0.590065828845003,0.7271386430678466,0.9452449567723343,0.5990867579908675,0.7333705980994968,0.911427260211106,0.5718399078606392,0.70276008492569,0.88022028453419,0.575112443778111,0.695683714182082
10,0.1,0.9451985922574158,0.592686002522068,0.7285409804301493,0.9451985922574158,0.6033376123234917,0.7365328109696377,0.9190548014077425,0.5541073052440133,0.6913767019667171,0.8893916540975364,0.5596330275229358,0.686990291262136
