,filter_abundance,precision_by_num_reads,recall_by_num_reads,F1_by_num_reads,precision_by_nts,recall_by_nts,F1_by_nts,precision_by_mean_cov,recall_by_mean_cov,F1_by_mean_cov,precision_by_med_cov,recall_by_med_cov,F1_by_med_cov
0,0.0,0.9921152388172858,0.7449618581350336,0.8509559110417481,0.9937831690674753,0.7245191244749061,0.8380538328751359,0.9937831690674753,0.7245191244749061,0.8380538328751359,0.9643669446550417,0.8046558704453441,0.877301882888475
1,0.01,0.8750568612585292,0.9302063185041909,0.9017892022814283,0.8720242608036392,0.9337554797856795,0.9018347185196801,0.8664139499620925,0.9081373172282263,0.8867851323038721,0.8218347232752085,0.9127652408218255,0.8649166201228756
2,0.02,0.9119190404797601,0.8916987355689939,0.9016955434077643,0.9091079460269865,0.8980007404664939,0.9035202086049545,0.8944902548725637,0.8613968597726043,0.8776316999172566,0.8588830584707646,0.8639019792648445,0.861385208157128
3,0.03,0.861319340329835,0.9284848484848485,0.8936418432821311,0.8551349325337332,0.9333196972796073,0.8925183374083131,0.8435157421289355,0.8928783971434239,0.8674954225691432,0.7989130434782609,0.8927748691099476,0.8432400356047869
4,0.04,0.8953513989865609,0.8912280701754386,0.8932849763710299,0.8909451421017845,0.8990662516674077,0.8949872745380104,0.8704560475875743,0.8480360592401803,0.8590998043052839,0.8189028420356906,0.8515463917525773,0.8349056603773585
5,0.05,0.8594404053756334,0.9198302287196416,0.8886104783599088,0.8532716457369465,0.9269985639061752,0.888608466215441,0.8349856796651245,0.8720662678324896,0.8531232414181203,0.8388157894736842,0.8081423695758166,0.8231934442513036
6,0.06,0.8894230769230769,0.8860599949584068,0.8877383508018688,0.8858805668016194,0.8960839518812388,0.890953047461509,0.8567813765182186,0.8294953454189123,0.8429176001991535,0.8104757085020243,0.8261542429713696,0.8182398773789756
7,0.07,0.8565283400809717,0.9070203644158628,0.8810515356585111,0.8514676113360324,0.9166439662217379,0.8828545192181556,0.8266700404858299,0.8476907109496626,0.8370484242890084,0.817923186344239,0.8026242322724735,0.8102014935888404
8,0.08,0.8867709815078236,0.8847573091115527,0.8857630008525149,0.8856330014224751,0.898931562229281,0.8922327314416738,0.84950213371266,0.8178581210627225,0.8333798492883058,0.7928876244665718,0.815389116442364,0.803980960623107
9,0.09,0.8594594594594595,0.906118776244751,0.8821725799386771,0.8563300142247511,0.9185230393652731,0.886336866902238,0.8241820768136557,0.8353517877739332,0.8297293426893886,0.766429587482219,0.8294334975369458,0.7966878604169747
10,0.1,0.8879746835443038,0.8857323232323232,0.8868520859671302,0.8829113924050633,0.8973946606625924,0.890094113893763,0.8405063291139241,0.8043609933373713,0.8220365212008667,0.7886075949367088,0.8002569043031471,0.7943895441504623
