,filter_abundance,precision_by_num_reads,recall_by_num_reads,F1_by_num_reads,precision_by_nts,recall_by_nts,F1_by_nts,precision_by_mean_cov,recall_by_mean_cov,F1_by_mean_cov,precision_by_med_cov,recall_by_med_cov,F1_by_med_cov
0,0.0,0.9934552454282964,0.6323979904423478,0.772836178496556,0.9963426371511068,0.6027716315360429,0.7511246553475548,0.9963426371511068,0.6027716315360429,0.7511246553475548,0.783060635226179,0.7697256385998108,0.7763358778625955
1,0.01,0.9301251203079884,0.7913527677694071,0.8551455623396159,0.9320500481231954,0.7931203931203932,0.856991150442478,0.9226179018286814,0.7702072955166318,0.839551585216325,0.6485081809432146,0.8395215549464241,0.7317549956559513
2,0.02,0.8746871992300289,0.8463401005773887,0.8602801968951155,0.875842155919153,0.847457627118644,0.8614161302536918,0.8675649663137632,0.8199017645988721,0.8430602319491207,0.6485081809432146,0.8395215549464241,0.7317549956559513
3,0.03,0.829451395572666,0.8774180411321523,0.852760736196319,0.8254090471607315,0.8806736496200451,0.8521462639109698,0.8163618864292589,0.8466759832301857,0.8312426499411995,0.6740841248303935,0.7463942307692307,0.7083986881505775
4,0.04,0.7853705486044273,0.901458241272647,0.8394198127764633,0.7813282001924928,0.9060267857142857,0.8390697674418606,0.7765158806544754,0.8705222270176953,0.8208363007427001,0.6740841248303935,0.7463942307692307,0.7083986881505775
5,0.05,0.903663500678426,0.7890995260663507,0.842504743833017,0.8995929443690638,0.7963007446552967,0.8448012232415902,0.8789687924016282,0.7489017341040463,0.8087390761548066,0.6010854816824966,0.7857396239801347,0.6811193111931119
6,0.06,0.8754409769335142,0.8150581101566448,0.8441711369880935,0.8700135685210312,0.8233179250128403,0.8460219026256762,0.8529172320217097,0.7731857318573185,0.8110967741935484,0.6010854816824966,0.7857396239801347,0.6811193111931119
7,0.07,0.8485753052917232,0.8399140478109052,0.8442224622030237,0.8436906377204885,0.8494535519125683,0.8465622872702518,0.8271370420624152,0.7939567595728054,0.8102073365231259,0.6010854816824966,0.7857396239801347,0.6811193111931119
8,0.08,0.8222523744911805,0.8625106746370623,0.8419005279244235,0.8157394843962008,0.8705473501303215,0.8422527318576631,0.8018995929443691,0.8122594832325454,0.8070462925030725,0.6242192921582235,0.7324918566775245,0.6740352191832147
9,0.09,0.7937584803256446,0.8796992481203008,0.8345221112696148,0.7886024423337856,0.8892288861689106,0.8358981734503093,0.7755766621438264,0.8269675925925926,0.8004481165102928,0.6242192921582235,0.7324918566775245,0.6740352191832147
10,0.1,0.8851492019430951,0.8072784810126582,0.8444223766964581,0.8841082581540597,0.8216704288939052,0.8517466154103293,0.8507980569049272,0.7455153542110063,0.7946848160751905,0.6224843858431645,0.7337423312883435,0.6735498404355171
