,filter_abundance,precision_by_num_reads,recall_by_num_reads,F1_by_num_reads,precision_by_nts,recall_by_nts,F1_by_nts,precision_by_mean_cov,recall_by_mean_cov,F1_by_mean_cov,precision_by_med_cov,recall_by_med_cov,F1_by_med_cov
0,0.0,0.9978889249756414,0.6948999208413434,0.8192787147523498,0.9988632672945762,0.6746736865196885,0.8053682487725041,0.9988632672945762,0.6746736865196885,0.8053682487725041,0.9519324455992205,0.7677799607072692,0.8499963749728122
1,0.01,0.9041896719714193,0.883248730964467,0.8935965334617236,0.9009418642416369,0.8873960332693538,0.8941176470588235,0.8941214680090939,0.8581670822942643,0.8757754095753141,0.8285157518674895,0.8619699273525934,0.8449118158483068
2,0.02,0.9400124973963757,0.8192049373752042,0.8754607177497576,0.9400124973963757,0.8262541193701941,0.8794699405631882,0.9237658821078942,0.7881642082814999,0.8505945531261987,0.8327431785044782,0.8057234985892785,0.8190105500358495
3,0.03,0.9025203082691106,0.8688590334870664,0.8853698406211687,0.8993959591751718,0.8762175324675324,0.8876554630486175,0.8798167048531556,0.8283977250441263,0.8533333333333334,0.79795875859196,0.8276085547634479,0.8125132555673383
4,0.04,0.8612789002291189,0.9018538713195202,0.8810995099083743,0.8566965215580088,0.910157114405842,0.8826180257510728,0.8375338471151843,0.8568080119326656,0.8470613018748683,0.7413038950218704,0.8611178320832326,0.7967315871949855
5,0.05,0.9119939653004777,0.8544169611307421,0.8822670882996838,0.9064621574050792,0.8618216590963423,0.8835784313725491,0.874528539099824,0.7967926689576174,0.833852793095181,0.7887855167211466,0.8025070350473267,0.7955871164088258
6,0.06,0.8795574553683682,0.882664647993944,0.8811083123425691,0.8720140809655519,0.8896870189840944,0.8807619047619049,0.8468694996228313,0.8236732697481046,0.8351103396974957,0.7352275584611516,0.8323370338741816,0.7807743658210948
7,0.07,0.8456122705556952,0.9047619047619048,0.8741876787106837,0.8408348001005783,0.9146608315098468,0.876195467050963,0.8139300980638673,0.8412162162162162,0.8273482428115018,0.7100829771184309,0.8437406632805498,0.7711632987438558
8,0.08,0.8935171604576122,0.8695403939480445,0.8813657407407407,0.891170431211499,0.8823700261399942,0.8867483946293052,0.8539161044294514,0.8012661712083677,0.8267537631354729,0.7553534760926958,0.8024306637581802,0.7781807192505288
9,0.09,0.866236432971546,0.8921450151057402,0.8789998511683286,0.8600762687004987,0.9018763457397724,0.8804804804804804,0.8289821061894984,0.8217505088688573,0.8253504672897197,0.7201525374009974,0.8249327956989247,0.7689898198903681
10,0.1,0.8386623643297154,0.9113802996493465,0.8735105407882676,0.8307421531240833,0.9197791490743747,0.8729963008631318,0.8046347902610737,0.8406374501992032,0.822242206235012,0.7025520680551481,0.8336233901844762,0.7624960203756765
