,filter_abundance,precision_by_num_reads,recall_by_num_reads,F1_by_num_reads,precision_by_nts,recall_by_nts,F1_by_nts,precision_by_mean_cov,recall_by_mean_cov,F1_by_mean_cov,precision_by_med_cov,recall_by_med_cov,F1_by_med_cov
0,0.0,0.7366564777803903,0.7208098470033361,0.7286470143613001,0.7431225017634611,0.6994577846630519,0.7206293108362309,0.7431225017634611,0.6994577846630519,0.7206293108362309,0.6629438043733835,0.7854854436551052,0.7190309212623527
1,0.01,0.7503595972510788,0.7457115628970775,0.7480283597546403,0.7490810292472431,0.7513626162231485,0.750220088035214,0.8123486682808717,0.6306390977443609,0.71005291005291,0.7477804681194512,0.6785060417429513,0.7114609330005759
2,0.02,0.8457854406130269,0.641016333938294,0.7293000206483585,0.8462643678160919,0.6473713134273676,0.7335755059678255,0.8316570881226054,0.6188524590163934,0.7096444626072742,0.7703544061302682,0.651742301458671,0.7061018437225636
3,0.03,0.8717241379310345,0.6337745687926193,0.7339449541284403,0.8706206896551724,0.6395136778115501,0.7373831775700934,0.8568275862068966,0.6097369454259913,0.7124670260350958,0.7862068965517242,0.6337558372248165,0.7017975868012806
4,0.04,0.8979974968710889,0.6252723311546841,0.7372206524531211,0.8983103879849812,0.633774834437086,0.743204763137458,0.8779724655819775,0.5972754363558961,0.7109196858373449,0.7991239048811014,0.6172063798936684,0.6964821379874557
5,0.05,0.9141868512110727,0.6207706766917294,0.739434648754548,0.9121107266435986,0.6276190476190476,0.7435825105782793,0.8937716262975779,0.5897260273972603,0.7105914718019257,0.8148788927335641,0.6123244929797191,0.6992280285035629
6,0.06,0.9218573046432617,0.6135678391959799,0.7367627093075879,0.9203473008682521,0.6216216216216216,0.7420483944605082,0.9010947527368819,0.5806373145220141,0.7062130177514793,0.8353758169934641,0.5675825700804885,0.6759213353164766
7,0.07,0.9285130718954249,0.6085676037483266,0.7352417920103509,0.926062091503268,0.6160326086956521,0.7398825065274152,0.9076797385620915,0.5735673722250904,0.7029421069281873,0.8303217276333187,0.5550972304065999,0.6653717111071871
8,0.08,0.9431924882629108,0.5699290780141844,0.7105216622458,0.9417840375586854,0.5782646295762468,0.7165565279514199,0.9074482150727192,0.5624146408085222,0.6944350758853287,0.8169014084507042,0.5454545454545454,0.6541353383458647
9,0.09,0.9466067864271457,0.5681341719077568,0.7100879655624182,0.9451097804391217,0.5770871419865935,0.716609912977677,0.9151696606786427,0.5285302593659942,0.670076726342711,0.8178642714570858,0.5432548889625456,0.6528579964150568
10,0.1,0.9481481481481482,0.5656565656565656,0.7085804665875839,0.9476190476190476,0.5753292643752008,0.7159704177493504,0.9211640211640212,0.5278956943602183,0.6711642251349268,0.819047619047619,0.5363825363825364,0.6482412060301507
