,filter_abundance,precision_by_num_reads,recall_by_num_reads,F1_by_num_reads,precision_by_nts,recall_by_nts,F1_by_nts,precision_by_mean_cov,recall_by_mean_cov,F1_by_mean_cov,precision_by_med_cov,recall_by_med_cov,F1_by_med_cov
0,0.0,0.7330508474576272,0.7310717220331024,0.7320599471054952,0.7395244821092278,0.708742244782854,0.7238062323598871,0.7395244821092278,0.7085823841208977,0.723722858952946,0.6733757062146892,0.7955778055903212,0.7293937655383438
1,0.01,0.8167832167832167,0.662346079066753,0.7315021920014314,0.8165834165834166,0.6671563826314071,0.7343455215164855,0.8073926073926074,0.6464565669492881,0.7180170575692965,0.7596403596403596,0.6907703488372093,0.7235702730992483
2,0.02,0.8470087491132655,0.6607636967349197,0.7423834196891193,0.8470087491132655,0.6670391061452514,0.7463277424731743,0.8332939229132182,0.6387529454413631,0.7231684793761542,0.7902577441475526,0.661520190023753,0.7201810149768343
3,0.03,0.872583719030765,0.6506293138449046,0.7454355157576463,0.8706779199564388,0.6573484069886948,0.7491215741391426,0.8524367002450313,0.6237051792828685,0.7203497066605313,0.8137825421133231,0.6134841837912722,0.6995787256450764
4,0.04,0.885145482388974,0.6375468784469446,0.7412156963323928,0.8836140888208269,0.6445487042001787,0.7453817336261466,0.8658499234303216,0.6093985772795861,0.7153340080971661,0.8229665071770335,0.5991540184125405,0.6934485241180706
5,0.05,0.9039644565960355,0.6273719165085389,0.7406888826659199,0.9029391660970608,0.6360134809821858,0.7463276836158191,0.9049586776859504,0.55635103926097,0.6890732265446223,0.8546868604175194,0.5569485196052281,0.6744186046511628
6,0.06,0.9345067539909947,0.5800304878048781,0.7157861733814078,0.9340974212034384,0.5878413189077795,0.7215810276679842,0.9156774457634056,0.5500368822227686,0.6872503840245775,0.8542775276299631,0.5574252136752137,0.6746403749797962
7,0.07,0.9367032967032967,0.5747033441208198,0.712351663045295,0.9353846153846154,0.5833333333333334,0.7185547864257977,0.9142857142857143,0.5420901746155851,0.6806282722513088,0.8497894244267665,0.5456730769230769,0.6645928636779505
8,0.08,0.9368273280299485,0.572,0.7103069008337767,0.9358914365933552,0.5813953488372093,0.7172314864622557,0.9087505849321479,0.5345444536195981,0.6731369150779896,0.8497894244267665,0.5456730769230769,0.6645928636779505
9,0.09,0.942374565325385,0.57259281617869,0.7123544874202028,0.9408842523596622,0.5820528580208973,0.7191949876590089,0.9095876800794833,0.5310324825986079,0.6705731550997985,0.8363064008394544,0.5306258322237017,0.64928716904277
10,0.1,0.9422875131164743,0.5717924227952881,0.7117099266891221,0.9433368310598111,0.5826312378483474,0.7203525641025641,0.9092339979013642,0.5286760219646126,0.6685956790123456,0.834619625137817,0.5284467713787085,0.6471468262449241
