,filter_abundance,precision_by_num_reads,recall_by_num_reads,F1_by_num_reads,precision_by_nts,recall_by_nts,F1_by_nts,precision_by_mean_cov,recall_by_mean_cov,F1_by_mean_cov,precision_by_med_cov,recall_by_med_cov,F1_by_med_cov
0,0.0,0.99260464428339,0.7432716801417654,0.8500316656111463,0.9939358083123798,0.7279818004549886,0.8404202101050525,0.9939358083123798,0.7279818004549886,0.8404202101050525,0.9677562490755806,0.7948250728862973,0.8728073100780365
1,0.01,0.8691022038160036,0.9293057093151985,0.898196270253745,0.8649608046147019,0.9329929802169751,0.8976897689768977,0.8615589409850614,0.9057689317368994,0.8831109763493026,0.8293151900606419,0.9059621909840039,0.865945945945946
2,0.02,0.9041750965606032,0.8889692585895117,0.8965077049329806,0.90141622218135,0.8956505847953217,0.8985241543679532,0.8876218502850837,0.8559772969137992,0.8715124153498871,0.8451351848445834,0.8621013133208255,0.8535339463174514
3,0.03,0.8519404083134081,0.9271417133706965,0.8879516917473402,0.8469744344307523,0.9335090208797892,0.8881388621022179,0.9040710264183629,0.8171853591700919,0.85843528323224,0.861195322650498,0.8304447692628941,0.8455405549059212
4,0.04,0.89172802078822,0.8981461286804798,0.8949255677496468,0.8884798614118666,0.9071412779128897,0.8977135980746089,0.868124729320052,0.8527972771750691,0.86039274600279,0.8150714595062798,0.86152437628748,0.8376543896739735
5,0.05,0.8501515807708965,0.9239821134384562,0.885530619149656,0.8419229103508012,0.9285884881776929,0.8831345826235093,0.8884472049689441,0.8181194234728895,0.8518342067651261,0.8402484472049689,0.8234721207694181,0.8317757009345794
6,0.06,0.8849689440993789,0.8981341401916288,0.8915029408084095,0.8792546583850932,0.906970784213224,0.8928976914343383,0.8581366459627329,0.8434676434676435,0.8507389162561576,0.8004968944099379,0.8476716653512234,0.8234091489905443
7,0.07,0.8524223602484472,0.9228079612694997,0.8862198114425933,0.900805779383162,0.8860344356381525,0.8933590520804631,0.8655181994998611,0.8082511676180592,0.8359050046960956,0.8141150319533204,0.8093922651933702,0.8117467793323175
8,0.08,0.8749652681300362,0.8989437624892949,0.8867924528301887,0.8660739094192831,0.9047895500725689,0.8850085178875639,0.8368991386496248,0.8274725274725274,0.8321591380024864,0.7721589330369547,0.8305439330543933,0.8002879769618432
9,0.09,0.8997841504779525,0.8810386473429952,0.8903127383676583,0.8951588035769349,0.8926814268142681,0.8939183987682832,0.810780772436788,0.8470246734397677,0.8285065303804656,0.7878507554733272,0.7991867375664685,0.7934782608695651
10,0.1,0.8692568609312366,0.8983428935627789,0.8835605704435042,0.8627813752698119,0.9087366027931146,0.8851629231255931,0.8273203823620104,0.8207402875497094,0.824017199017199,0.7671908726487819,0.8146692861820564,0.7902175639193266
