,filter_abundance,precision_by_num_reads,recall_by_num_reads,F1_by_num_reads,precision_by_nts,recall_by_nts,F1_by_nts,precision_by_mean_cov,recall_by_mean_cov,F1_by_mean_cov,precision_by_med_cov,recall_by_med_cov,F1_by_med_cov
0,0.0,0.9928890358855631,0.7036212352045002,0.823593964334705,0.9948734909872664,0.678011946354108,0.8064343163538873,0.9948734909872664,0.678011946354108,0.8064343163538873,0.9244253348767985,0.7930202865654703,0.8536957849725108
1,0.01,0.9042500413428146,0.8833602584814216,0.893683092261175,0.900281131139408,0.8866449511400651,0.8934110117338147,0.8948238796097239,0.8629984051036682,0.878623041324998,0.7914668430626757,0.8788101358795446,0.8328547811711475
2,0.02,0.8314866876136927,0.9269911504424779,0.8766454537529422,0.8290061187365636,0.9295382903764139,0.8763986013986015,0.8263601786009591,0.9044343891402715,0.8636363636363636,0.7370596990243096,0.9073697068403909,0.8133953827904005
3,0.03,0.9091103965702036,0.8579809832085777,0.8828059950041632,0.9031082529474812,0.8627892688920745,0.8824884792626727,0.8859592711682743,0.8218333664744482,0.8526923870435321,0.8019292604501608,0.8289386217593618,0.815210285465243
4,0.04,0.8662379421221865,0.8885224274406333,0.8772386844676002,0.8619506966773848,0.8953462480516589,0.8783311489733509,0.8497320471596999,0.8524731182795698,0.851100375738057,0.7284030010718113,0.8635324015247776,0.7902325581395349
5,0.05,0.8315112540192926,0.9161549362305149,0.8717833464434206,0.8257234726688103,0.9235195396787341,0.8718877320054322,0.8944459068175836,0.7833102812355924,0.8351972471426815,0.8025796262174256,0.7834018499486125,0.7928747887140815
6,0.06,0.892866543827323,0.85591723441837,0.8740015459933008,0.8862858647012372,0.8631120225583184,0.8745454545454544,0.8633851013424585,0.8051055473735886,0.8332274863457386,0.7491445117136089,0.8147724019467506,0.7805814591332967
7,0.07,0.8602263753619374,0.8775510204081632,0.8688023394922239,0.8554882863911556,0.8865248226950354,0.8707300736771599,0.8381152934982891,0.8276579152586431,0.8328537797541198,0.7236114767043959,0.8287609285498945,0.7726250702641934
8,0.08,0.8323242958673335,0.8993174061433447,0.864524948735475,0.8270597525664649,0.9088805322533989,0.8660418963616319,0.8733045622688039,0.7774423710208562,0.8225900116144019,0.7558569667077681,0.7754585705249842,0.7655323134561349
9,0.09,0.8847102342786684,0.8613445378151261,0.8728710462287105,0.8819358816276203,0.8743887530562348,0.8781461019030079,0.8492601726263872,0.7957827845176199,0.8216522517148822,0.7324290998766955,0.7909454061251664,0.7605633802816901
10,0.1,0.8625154130702836,0.884603224786595,0.8734196972061808,0.8569667077681874,0.895330112721417,0.8757284611749883,0.8264488286066585,0.8136570561456753,0.8200030585716471,0.7077681874229347,0.8093056045118082,0.755138957408321
