,filter_abundance,precision_by_num_reads,recall_by_num_reads,F1_by_num_reads,precision_by_nts,recall_by_nts,F1_by_nts,precision_by_mean_cov,recall_by_mean_cov,F1_by_mean_cov,precision_by_med_cov,recall_by_med_cov,F1_by_med_cov
0,0.0,0.9929523809523809,0.6383786431545432,0.7771317829457363,0.9954285714285714,0.6083818393480792,0.7552023121387283,0.9954285714285714,0.6083818393480792,0.7552023121387283,0.7921904761904762,0.7716141001855288,0.7817669172932331
1,0.01,0.9274285714285714,0.7944199706314243,0.8557869760084366,0.9272380952380952,0.7949052906596995,0.8559873395463337,0.9215238095238095,0.7738323736404351,0.841245000869414,0.6582857142857143,0.8394461986883653,0.7379096829294332
2,0.02,0.8742857142857143,0.8476454293628809,0.8607594936708862,0.8716190476190476,0.8515072571641236,0.8614457831325302,0.8634285714285714,0.8223875181422351,0.8424084742612898,0.6582857142857143,0.8394461986883653,0.7379096829294332
3,0.03,0.8241904761904761,0.8812627291242362,0.851771653543307,0.8219047619047619,0.8864009860312243,0.8529353627199051,0.8167619047619048,0.8548644338118022,0.835378920709137,0.6847884306373861,0.7601070154577884,0.7204846435615667
4,0.04,0.780952380952381,0.9062776304155614,0.8389605074687948,0.7767619047619048,0.9108778199687291,0.8384907988074431,0.9054633101231923,0.7283498492029298,0.8073065902578797,0.6847884306373861,0.7601070154577884,0.7204846435615667
5,0.05,0.9006427423674344,0.7997621878715815,0.8472099760675148,0.8985002678093198,0.8066842991103631,0.8501203598124922,0.8789501874665239,0.7570934256055364,0.8134837030610981,0.6033743974290305,0.7992195814118481,0.687623989012666
6,0.06,0.8768077129084092,0.8297009630005069,0.8526041666666667,0.8738618103910016,0.8392489711934157,0.8562057202833903,0.853776111408677,0.7830999754360108,0.8169122357463164,0.6033743974290305,0.7992195814118481,0.687623989012666
7,0.07,0.850562399571505,0.8549125168236877,0.8527319103235333,0.8446705945366899,0.863399945250479,0.8539325842696629,0.8264595607927155,0.8028095733610822,0.814462918975983,0.6033743974290305,0.7992195814118481,0.687623989012666
8,0.08,0.8216389930369576,0.8748217850014257,0.8473967684021544,0.8170862346009641,0.8853743470690656,0.8498607242339833,0.8004820567755758,0.8211538461538461,0.8106861947382695,0.6184255757992437,0.7324918566775245,0.6706430568499534
9,0.09,0.7961971076593466,0.8954819277108433,0.8429259994329458,0.7870915907873594,0.9015337423312884,0.8404346582785244,0.7726298875200857,0.8345386172982354,0.8023918787373104,0.6184255757992437,0.7324918566775245,0.6706430568499534
10,0.1,0.8745273289790306,0.8073627419866709,0.8396039603960397,0.8731522860089378,0.8214747736093143,0.846525579070155,0.8442763836369886,0.7469586374695864,0.7926416007745684,0.6184255757992437,0.7324918566775245,0.6706430568499534
