,filter_abundance,precision_by_num_reads,recall_by_num_reads,F1_by_num_reads,precision_by_nts,recall_by_nts,F1_by_nts,precision_by_mean_cov,recall_by_mean_cov,F1_by_mean_cov,precision_by_med_cov,recall_by_med_cov,F1_by_med_cov
0,0.0,0.9916317991631799,0.6782733126639637,0.8055516215833451,0.9942468619246861,0.6513248058474189,0.7870549268561965,0.9942468619246861,0.6513248058474189,0.7870549268561965,0.8824965132496513,0.778051029818629,0.8269890540761313
1,0.01,0.9130055788005579,0.8471368489162083,0.8788387313307602,0.9119595536959554,0.851122681418809,0.8804914997475174,0.9042887029288703,0.8258239133895876,0.8632770242156943,0.7838214783821479,0.8435272045028143,0.8125790710283752
2,0.02,0.8498953974895398,0.8956457835752343,0.8721710349762948,0.8458856345885635,0.9005196733481812,0.8723480762315715,0.8397838214783822,0.8707519884309473,0.8549875754348598,0.7090306834030683,0.8753766681015928,0.7834713927952225
3,0.03,0.927587012380285,0.8038461538461539,0.8612948704045115,0.9238495678579771,0.8102847777094858,0.8633486138397731,0.9098341508993226,0.7737385776718315,0.8362855609232422,0.7624386825508059,0.7918486171761281,0.7768654052124242
4,0.04,0.8937164213968699,0.8410639701033195,0.8665911664779162,0.8925484699836487,0.8511918021831143,0.8713797035347777,0.8743284279373978,0.8040816326530612,0.8377350044762758,0.7070777855641205,0.8250204415372036,0.7615094339622642
5,0.05,0.8603130109787432,0.8735768500948766,0.8668941979522183,0.8596122401308106,0.882494004796163,0.8709028517335227,0.8411586078019154,0.8285780027611597,0.8348209110930798,0.7070777855641205,0.8250204415372036,0.7615094339622642
6,0.06,0.8304134548002803,0.8979540287951503,0.8628640776699028,0.8241065171688857,0.9053117782909931,0.8628026412325752,0.8100911002102312,0.8495835374816266,0.829367451871338,0.7421401788289588,0.7673725022368029,0.7545454545454545
7,0.07,0.896163830400923,0.8349905939263639,0.8644963828603227,0.8918373233342948,0.8448087431693989,0.8676862635049809,0.8676088837611768,0.7810958192677226,0.8220825362120798,0.7066628208826075,0.7944228274967574,0.7479774080293086
8,0.08,0.8713585232189213,0.8611744583808438,0.8662365591397849,0.8650129795211999,0.8687717265353418,0.8668882786529847,0.8416498413614075,0.8005486968449932,0.8205849268841395,0.7066628208826075,0.7944228274967574,0.7479774080293086
9,0.09,0.8445341794058263,0.8816621499548328,0.8626988803771363,0.8390539371214306,0.8912377450980392,0.8643589362650423,0.8194404384193827,0.8208610228257729,0.8201501154734411,0.6671473896740698,0.8121488764044944,0.732541567695962
10,0.1,0.8185751370060571,0.8995245641838352,0.8571428571428572,0.8133833285261033,0.9105586051017114,0.8592321755027422,0.7957888664551486,0.8380923450789793,0.8163929575380974,0.691965811965812,0.7678300455235205,0.7279266319007374
