,filter_abundance,precision_by_num_reads,recall_by_num_reads,F1_by_num_reads,precision_by_nts,recall_by_nts,F1_by_nts,precision_by_mean_cov,recall_by_mean_cov,F1_by_mean_cov,precision_by_med_cov,recall_by_med_cov,F1_by_med_cov
0,0.0,0.7276315789473684,0.7584,0.7426972579742585,0.7337719298245614,0.7426478748196649,0.7381832221057857,0.7337719298245614,0.7426478748196649,0.7381832221057857,0.6946271929824561,0.7974572004028198,0.7424988279418658
1,0.01,0.7891300511734604,0.7230396119644301,0.7546405669929126,0.7882477501323452,0.7264595869247032,0.756093432633717,0.7790718193047468,0.7019077901430842,0.7384795517270218,0.7531321686959591,0.721799424995772,0.73713298791019
2,0.02,0.8529341886433832,0.6601691798455315,0.7442728309318959,0.8522214302684723,0.6653682062697088,0.7472916666666667,0.8405797101449275,0.6393205637874955,0.7262650107769681,0.8113566167735804,0.6634932970662522,0.7300128259940145
3,0.03,0.8691960732289732,0.6627554116933037,0.7520661157024794,0.8686654284956222,0.6702149437052201,0.7566443263230875,0.852480764128416,0.6381330685203574,0.7298955020445251,0.8509769612131817,0.6265836375348937,0.7217412812268117
4,0.04,0.9080166081124241,0.6251099384344767,0.7404609975257196,0.9073778345576493,0.6325985303941216,0.7454736289687747,0.8898115618013415,0.5983676975945017,0.7155515602927957,0.8575534972852124,0.6182362422288741,0.7184907679957184
5,0.05,0.9154880993446016,0.6272748759158592,0.7444600280504908,0.9134184201448775,0.6350119904076739,0.7491865893337106,0.8909968954812004,0.5944764096662831,0.7131419105466593,0.8640910658847879,0.612319726228306,0.7167381974248928
6,0.06,0.9213649851632048,0.627589691763517,0.7466185752930569,0.9198813056379822,0.6362237044638276,0.7521989687594782,0.907589461266221,0.5655476598872825,0.6968599033816426,0.8773102634683445,0.5794805194805195,0.6979508837791334
7,0.07,0.9348914858096828,0.6019887127116367,0.7323851561222822,0.9332220367278798,0.6107620868615132,0.7383192999834901,0.9090150250417363,0.5655673850947806,0.6972947014566991,0.8727045075125208,0.5733479572251166,0.692040377296045
8,0.08,0.9386313465783664,0.6055254913130163,0.7361495844875346,0.9368653421633554,0.6147161066048668,0.7423473849921287,0.9090507726269316,0.564573622155196,0.6965493910690121,0.8810079328044798,0.5561119293078056,0.6818345973275551
9,0.09,0.9516365412799218,0.5862172735479988,0.725512104283054,0.9496824621397166,0.5955882352941176,0.7320655243833553,0.9213483146067416,0.5449292112106328,0.6848220769789398,0.882266731802638,0.5615671641791045,0.6863005890176705
10,0.1,0.948469387755102,0.5894102726696259,0.7270238560813452,0.9474489795918367,0.6,0.7347181008902077,0.9112244897959184,0.5425273390036452,0.6801218583396802,0.8885367142102483,0.5452188006482982,0.6757734029730814
