,filter_abundance,precision_by_num_reads,recall_by_num_reads,F1_by_num_reads,precision_by_nts,recall_by_nts,F1_by_nts,precision_by_mean_cov,recall_by_mean_cov,F1_by_mean_cov,precision_by_med_cov,recall_by_med_cov,F1_by_med_cov
0,0.0,0.9983670803396473,0.7041345157203731,0.825825623016141,0.9990202482037883,0.6809884238646483,0.8099020386550173,0.9990202482037883,0.6809884238646483,0.8099020386550173,0.953625081645983,0.7740225314777999,0.8544882581022752
1,0.01,0.9028412802090137,0.8899082568807339,0.8963281186674232,0.9016982364467668,0.894251012145749,0.8979591836734693,0.8938602220770738,0.8658652325213541,0.8796400449943758,0.8079686479425212,0.8896080546565983,0.8468252609960636
2,0.02,0.9387203988367262,0.8255389112166606,0.8784992223950233,0.9378894889904446,0.8337950138504155,0.8827842408837617,0.9221022019110926,0.7965189305580477,0.8547222489650523,0.8714167012879103,0.8082851637764933,0.8386645341863255
3,0.03,0.9029912754466141,0.8764112903225807,0.8895027624309392,0.8986289987536352,0.8833979987747601,0.8909484090206982,0.8809721645201496,0.8368192580899764,0.8583282736288202,0.8051516410469464,0.8537444933920705,0.8287363694676074
4,0.04,0.8612380556709597,0.9100087796312555,0.8849519743863394,0.8566680515164105,0.9162408353699178,0.8854535695115406,0.8423348566680515,0.8660828705681333,0.8540438079191239,0.7800166181969256,0.8702201622247973,0.8226530835798006
5,0.05,0.9129234629861982,0.8582212786034442,0.884727626459144,0.9104140526976161,0.868358066060316,0.8888888888888888,0.8838143036386449,0.8065033203572246,0.8433908045977011,0.8072772898368883,0.818366827779191,0.8127842344618493
6,0.06,0.8828105395232121,0.8870398386283409,0.8849201358319707,0.877038895859473,0.8959241220199948,0.8863809282272381,0.852948557089084,0.8290243902439024,0.8408163265306121,0.7806775407779172,0.8296,0.8043956043956044
7,0.07,0.8537013801756588,0.912798497451033,0.8822614107883819,0.8451693851944793,0.9192139737991266,0.8806379918943651,0.8245922208281053,0.8497543315231445,0.8369842078451349,0.7945326278659612,0.7878169629845526,0.791160544416801
8,0.08,0.89564961787184,0.8673498434386564,0.8812725958062182,0.8932980599647267,0.8798494499131442,0.8865227537922988,0.8568489124044679,0.796448087431694,0.8255451713395638,0.7777777777777778,0.7984308992154496,0.7879690291840381
9,0.09,0.8706643151087595,0.890827067669173,0.8806302958228036,0.8650793650793651,0.9008264462809917,0.8825910931174089,0.8336272780717225,0.8170556035724575,0.8252582569474757,0.7580834803057025,0.8130517023959647,0.7846060237298448
10,0.1,0.8400940623162846,0.9052898321191004,0.8714743101082482,0.8356848912404468,0.9173927073249435,0.8746346715889862,0.8127572016460906,0.8381327675053046,0.8252499626921355,0.7738135307977112,0.7803801765105227,0.7770829812404935
