,filter_abundance,precision_by_num_reads,recall_by_num_reads,F1_by_num_reads,precision_by_nts,recall_by_nts,F1_by_nts,precision_by_mean_cov,recall_by_mean_cov,F1_by_mean_cov,precision_by_med_cov,recall_by_med_cov,F1_by_med_cov
0,0.0,0.9976944359053181,0.732205301748449,0.8445774510441741,0.9987703658161697,0.7150088028169014,0.8333974605617546,0.9987703658161697,0.7150088028169014,0.8333974605617546,0.973101752228712,0.7849969001859889,0.8689863427355706
1,0.01,0.8930218260067629,0.9211986681465039,0.9068914383828923,0.8911773747310175,0.9242786545512514,0.9074262461851474,0.8862588379956963,0.9002341920374707,0.8931918519092247,0.842760528742699,0.9065806878306878,0.8735064521268121
2,0.02,0.9256872037914692,0.8791861721281959,0.9018376581401792,0.9241706161137441,0.8849155926665456,0.9041172106824926,0.9071090047393365,0.8476527900797166,0.8763736263736264,0.8593364928909952,0.8594994311717861,0.8594179543084652
3,0.03,0.8771563981042654,0.9164190928896812,0.8963580007748934,0.8729857819905213,0.9224759615384616,0.8970487971169768,0.8568720379146919,0.8792063800816962,0.8678955453149002,0.8191469194312796,0.8830983036991621,0.849921321793863
4,0.04,0.9088483770564696,0.8776298840704165,0.892966360856269,0.9055135615829257,0.8862053959965187,0.8957554431493292,0.8808359270787016,0.8328778642001261,0.856185845488925,0.844597598932859,0.8318370921830524,0.8381687810259238
5,0.05,0.874166296131614,0.9078734703301777,0.890701098652169,0.8710538016896399,0.9173495668461719,0.8936024632227164,0.8474877723432637,0.8581719945970284,0.8527964205816556,0.8114717652289907,0.8560037523452158,0.8331431180095867
6,0.06,0.9004296183977761,0.8801877470355731,0.8901936289818863,0.8984078847611827,0.8905310621242485,0.894452132343691,0.8675764468031337,0.8224724484906565,0.8444225802484321,0.8193075562294667,0.8238881829733163,0.82159148504815
7,0.07,0.8701036138488754,0.9039117878708323,0.8866855524079319,0.8635329795299469,0.9116862326574173,0.8869565217391304,0.8377558756633814,0.8407304083185392,0.839240506329114,0.7854435178165277,0.8375101050929669,0.810641627543036
8,0.08,0.8986254295532646,0.8731218697829716,0.8856900931414056,0.895475372279496,0.8843325791855203,0.8898690950483779,0.8588201603665521,0.8027301927194861,0.8298284449363585,0.8075601374570447,0.8020477815699659,0.8047945205479452
9,0.09,0.8722794959908362,0.8950925653834851,0.8835387962291515,0.8662657502863689,0.9043348281016442,0.8848910340792745,0.8353379152348225,0.8226170332769318,0.8289286729184427,0.7826460481099656,0.8217077570655442,0.801701378703432
10,0.1,0.9017914267434421,0.8724852986691427,0.8868963347490956,0.8989123480486244,0.8853182104599874,0.892063492063492,0.8107101947308133,0.8390634262003557,0.824643169239732,0.8055022392834293,0.7948232323232324,0.8001271051795362
