,filter_abundance,precision_by_num_reads,recall_by_num_reads,F1_by_num_reads,precision_by_nts,recall_by_nts,F1_by_nts,precision_by_mean_cov,recall_by_mean_cov,F1_by_mean_cov,precision_by_med_cov,recall_by_med_cov,F1_by_med_cov
0,0.0,0.9981039658713857,0.7079457581530876,0.8283503802779963,0.9987359772475904,0.6901408450704225,0.8162448347107438,0.9987359772475904,0.6901408450704225,0.8162448347107438,0.9657133828408911,0.7712302839116719,0.8575838361161779
1,0.01,0.8969821456786222,0.8993979721166033,0.8981884344592991,0.8942960973297519,0.9041533546325878,0.8991977122885059,0.888607994943909,0.875603300638331,0.8820577164366374,0.8194027492494865,0.8872540633019675,0.8519796287169379
2,0.02,0.9321763415120686,0.8467113607537597,0.8873908089631599,0.9329742669060442,0.8556531284302964,0.892642427712568,0.914621982844604,0.8140980113636364,0.8614372945044623,0.8452024735687214,0.8281860828772478,0.8366077598973244
3,0.03,0.8894873329343707,0.8932291666666666,0.8913543228385807,0.8874925194494315,0.9026171637248935,0.8949909474954737,0.8681428286455216,0.8529988239905919,0.8605042016806723,0.7929383602633154,0.8592736705577172,0.8247743541861189
4,0.04,0.8444045481747456,0.9232279171210469,0.8820587622421338,0.8398164771593856,0.9314159292035398,0.8832476660023078,0.8256533014163175,0.8813884156729132,0.8526109795035534,0.8188920454545454,0.8185044959772835,0.818698224852071
5,0.05,0.8901515151515151,0.885330821756534,0.8877346240113327,0.8842329545454546,0.8926864244741873,0.8884395813510941,0.8607954545454546,0.8327989005955108,0.8465657741559953,0.7729640151515151,0.8380390143737166,0.8041871921182266
6,0.06,0.8522727272727273,0.9084027252081757,0.8794430194210333,0.8446969696969697,0.9151064375480893,0.8784931675489351,0.8259943181818182,0.8528477144952334,0.8392062537582683,0.7509469696969697,0.850402144772118,0.7975861201910989
7,0.07,0.8957761930883159,0.8784292630446476,0.8870179250407386,0.890016456390565,0.8878248974008208,0.8889193261197097,0.8562808557323094,0.8109090909090909,0.8329775880469584,0.777838727372463,0.8154111558366878,0.7961819202695114
8,0.08,0.8645090510148108,0.9000571102227298,0.8819250139899273,0.8606692265496434,0.9116792562463684,0.8854401805869073,0.829950630828305,0.8324621733149932,0.831204504875704,0.7471201316511246,0.8350705088902514,0.7886508396062536
9,0.09,0.8351618211738892,0.9199395770392749,0.8755031627372054,0.8283049917718047,0.9292307692307692,0.8758700696055683,0.8014262205156336,0.8494186046511628,0.8247248094834886,0.7257268239166209,0.8472622478386167,0.7817993795243019
10,0.1,0.876017532874139,0.892219387755102,0.884044233807267,0.8706950532247965,0.9035087719298246,0.8867984693877551,0.8353162179085786,0.8174019607843137,0.8262620006193867,0.752035065748278,0.8125845737483085,0.7811382113821138
