,filter_abundance,precision_by_num_reads,recall_by_num_reads,F1_by_num_reads,precision_by_nts,recall_by_nts,F1_by_nts,precision_by_mean_cov,recall_by_mean_cov,F1_by_mean_cov,precision_by_med_cov,recall_by_med_cov,F1_by_med_cov
0,0.0,0.9938281129455331,0.7305205852330725,0.8420708589358086,0.9945995988273415,0.7069532792279009,0.8264632348227451,0.9945995988273415,0.7069532792279009,0.8264632348227451,0.9547909273260299,0.7950661698573814,0.867638810992709
1,0.01,0.8824255516124055,0.9165064102564102,0.8991431491234966,0.878876716556087,0.9176735943289834,0.8978562421185372,0.8754821786761302,0.8969332911792602,0.8860779261341455,0.8160777657768863,0.902867872994196,0.8572817894480914
2,0.02,0.9283634245777519,0.8704040771751002,0.8984499765147957,0.9266161910308678,0.8769061179496601,0.901076080800453,0.9091438555620268,0.8416606757728253,0.8741017265515633,0.8538147932440303,0.8444700460829493,0.8491167101071532
3,0.03,0.8827412152980004,0.9123194221508828,0.8972866304884066,0.8794408852649971,0.9196102314250914,0.8990771062816314,0.8606095903708018,0.8760869565217392,0.8682793066301047,0.8056688021743351,0.8740522325189554,0.8384685321749671
4,0.04,0.9129336090052838,0.8671176085533493,0.8894359892569383,0.9110957960027567,0.876851647136856,0.8936457863902658,0.8867447737192741,0.8261986301369864,0.8554016620498613,0.8297725706409372,0.8292011019283747,0.829486737857389
5,0.05,0.8773259820813232,0.8985882352941177,0.8878298268046029,0.8718125430737422,0.905511811023622,0.8883426966292134,0.8506776935446818,0.8498967179251778,0.8502870264064293,0.78842177808408,0.8509794197867593,0.8185070355354161
6,0.06,0.8396508155295199,0.9201913393756294,0.878078078078078,0.8334481966459912,0.9269289729177312,0.8777065440909642,0.8767195767195767,0.8100708873136152,0.8420785160716554,0.8142857142857143,0.8085106382978723,0.8113879003558719
7,0.07,0.8759259259259259,0.8874296435272045,0.8816402609506058,0.8722222222222222,0.8976313640076232,0.8847443982289012,0.85,0.8328149300155521,0.8413197172034564,0.7791005291005291,0.8309819413092551,0.804205352266521
8,0.08,0.8502645502645503,0.9135872654917567,0.8807892573307755,0.8433862433862434,0.9211210632765097,0.8805413616903743,0.8216931216931217,0.8504928806133626,0.8358449946178688,0.7566137566137566,0.8459035788228335,0.7987711213517665
9,0.09,0.8846846846846846,0.8849504355662361,0.8848175401711967,0.8783783783783784,0.8936755270394133,0.8859609268514312,0.8495495495495495,0.8166859122401847,0.8327936414483368,0.7795795795795796,0.810490165469872,0.7947344252257768
10,0.1,0.8576576576576577,0.9040835707502374,0.8802588996763753,0.8540540540540541,0.9162371134020618,0.8840534659620765,0.8252252252252252,0.8347509113001215,0.8299607369374811,0.7444444444444445,0.8341184387617766,0.7867343700412568
