,filter_abundance,precision_by_num_reads,recall_by_num_reads,F1_by_num_reads,precision_by_nts,recall_by_nts,F1_by_nts,precision_by_mean_cov,recall_by_mean_cov,F1_by_mean_cov,precision_by_med_cov,recall_by_med_cov,F1_by_med_cov
0,0.0,0.9928359252140486,0.6734621310892497,0.8025423728813559,0.996330595841342,0.6472925417186968,0.7847508945774843,0.996330595841342,0.6472925417186968,0.7847508945774843,0.8845011357679539,0.777214801166897,0.8273945733899968
1,0.01,0.9171763061331469,0.8457943925233645,0.8800402380752788,0.9156037043508649,0.8500973393900065,0.8816354000168249,0.9114100995981129,0.8271487472248652,0.8672375093523983,0.784728289358728,0.8411687581944184,0.8119689025492678
2,0.02,0.8539227677791368,0.8971911143748853,0.8750223813786928,0.8513017648086668,0.9012208657047724,0.8755503639140982,0.845885025336362,0.870057512580877,0.8578010100115175,0.7120391403110257,0.8839479392624728,0.7887351204877576
3,0.03,0.9242002781641169,0.8041549011698266,0.8600086281276964,0.9211868335651368,0.8118488253319714,0.863068737105006,0.9070468242929995,0.7730146187277755,0.834684300341297,0.7552155771905424,0.8006881297616122,0.7772873672909458
4,0.04,0.8894297635605007,0.8414473684210526,0.8647734956051386,0.8845618915159944,0.848,0.8658951667801225,0.8750579508576727,0.8069687900812313,0.839635231316726,0.7030598052851182,0.828688524590164,0.7607223476297968
5,0.05,0.8530366249420491,0.8679245283018868,0.8604161795651156,0.8488641631896152,0.8769157088122606,0.8626619552414605,0.8402874362540566,0.8304696449026346,0.8353496946652841,0.7030598052851182,0.828688524590164,0.7607223476297968
6,0.06,0.8249884098284654,0.898283695103483,0.8600773320444659,0.8175707000463607,0.9043589743589744,0.8587776966155346,0.8076031525266574,0.8499634057087094,0.8282420064186379,0.7409326424870466,0.7676707426185505,0.7540647429324739
7,0.07,0.8963730569948186,0.8364222401289283,0.8653605669028763,0.8911917098445595,0.8456705818082492,0.8678346180798878,0.8652849740932642,0.7773467804499612,0.8189619942787086,0.7020725388601037,0.7865204772653983,0.7419011406844107
8,0.08,0.8730569948186528,0.863118952760387,0.8680595306239267,0.8655728267127231,0.8713416401043176,0.8684476534296028,0.8408175014392631,0.7983055479639246,0.8190102341230899,0.669545192861255,0.8073585560569246,0.7320220298977183
9,0.09,0.8442717328727691,0.8815749924857229,0.8625202176150566,0.8393782383419689,0.8931087289433385,0.8654102982638375,0.8131836499712147,0.8138864880437914,0.8135349172066234,0.669545192861255,0.8073585560569246,0.7320220298977183
10,0.1,0.8143350604490501,0.8963878326996197,0.853393665158371,0.810880829015544,0.9095899257345819,0.8574037437224167,0.7921704087507196,0.833939393939394,0.8125184529081784,0.6906574394463668,0.7572078907435509,0.7224031849439015
