,filter_abundance,precision_by_num_reads,recall_by_num_reads,F1_by_num_reads,precision_by_nts,recall_by_nts,F1_by_nts,precision_by_mean_cov,recall_by_mean_cov,F1_by_mean_cov,precision_by_med_cov,recall_by_med_cov,F1_by_med_cov
0,0.0,0.9929248833358423,0.7350122576331625,0.84472049689441,0.9941291585127201,0.7182164219684611,0.8339436797575452,0.9941291585127201,0.7182164219684611,0.8339436797575452,0.9643233478849917,0.7905713933111194,0.8688457886884579
1,0.01,0.8758091223844648,0.9208610319721431,0.8977702337782578,0.8717446936625018,0.924341580207502,0.8972730089866748,0.8684329369260876,0.8974797759800871,0.8827174661464309,0.8002408550353756,0.9096509240246407,0.8514455033234564
2,0.02,0.9127884979190314,0.8728292329956585,0.8923617532827816,0.9108967082860386,0.880095046609395,0.895231012364042,0.896329928111994,0.8406671398154719,0.867606665445889,0.841846386681801,0.8482653450247808,0.8450436764147361
3,0.03,0.8643586833144155,0.9152644230769231,0.889083479276124,0.8590616723420356,0.9205351712953578,0.8887366669928564,0.8479001135073779,0.8776189543763462,0.8625036081978255,0.7987135830495649,0.8777546777546777,0.8363708399366084
4,0.04,0.9044943820224719,0.8790128849093689,0.8915716026137999,0.902247191011236,0.8878814683768245,0.8950066874721354,0.878876404494382,0.8321276595744681,0.8548633879781421,0.82,0.8413649988471293,0.830545123477865
5,0.05,0.8660674157303371,0.9070369498705578,0.8860788596390391,0.8582022471910112,0.9123268036311515,0.8844372394627142,0.8431460674157303,0.8585812356979405,0.8507936507936508,0.7862921348314607,0.8569679157482244,0.8201101605531466
6,0.06,0.900828586224754,0.8774274905422447,0.8889740641369619,0.8946141895390989,0.885670340938221,0.8901197990467601,0.8710512687726567,0.8216902784562775,0.8456510809451987,0.8117555670636976,0.8221872541306058,0.8169381107491855
7,0.07,0.8726048679440704,0.9059139784946236,0.8889475072540226,0.865872604867944,0.9141607435757244,0.8893617021276596,0.8410150181253236,0.8427607680332122,0.8418869880767237,0.7749870533402382,0.8421496904895892,0.8071736785329018
8,0.08,0.8893395133256083,0.8766419189034838,0.8829450675870002,0.8849942062572422,0.8870499419279907,0.8860208816705337,0.8502317497103129,0.8065402583127232,0.8278098998730785,0.7847624565469293,0.8060101160368938,0.7952443857331571
9,0.09,0.8623986095017381,0.9002116722104626,0.8808995413522709,0.8586326767091541,0.9114391143911439,0.8842482100238663,0.8232908458864426,0.8252032520325203,0.8242459396751739,0.757531865585168,0.8233627204030227,0.7890766445383223
10,0.1,0.8891760904684975,0.8772712782913612,0.8831835686777919,0.8836833602584814,0.8882754140954855,0.8859734369938451,0.7972190034762456,0.842363024181206,0.8191695192737014,0.7757673667205169,0.7958236658932715,0.7856675392670158
