,filter_abundance,precision_by_num_reads,recall_by_num_reads,F1_by_num_reads,precision_by_nts,recall_by_nts,F1_by_nts,precision_by_mean_cov,recall_by_mean_cov,F1_by_mean_cov,precision_by_med_cov,recall_by_med_cov,F1_by_med_cov
0,0.0,0.9925201380897584,0.6323313782991202,0.7725033587102553,0.9961641733793632,0.6008097165991902,0.7495490295115087,0.9961641733793632,0.6006012950971323,0.7493868128697158,0.7886459532029152,0.7661635923234582,0.7772422266326434
1,0.01,0.9305715381664749,0.788174139051332,0.8534740545294636,0.9307633294975067,0.7892340217921613,0.8541758338466953,0.9240506329113924,0.7668311316250199,0.83813168652692,0.6572688914461067,0.8399509803921569,0.7374650312029267
2,0.02,0.8812811660912927,0.842037749679311,0.8612126323681004,0.8791714614499425,0.8492034086698778,0.8639276290991332,0.8703490602224779,0.8182473855030653,0.8434944237918217,0.6572688914461067,0.8399509803921569,0.7374650312029267
3,0.03,0.8291139240506329,0.8783015034538806,0.8529992107340174,0.8247027234369007,0.8797054009819967,0.8513165709760443,0.8248945147679325,0.8518518518518519,0.8381564844587353,0.6740976645435244,0.7582089552238805,0.7136836189940995
4,0.04,0.7850019179133103,0.8989677135954316,0.8381283915224736,0.7802071346375143,0.9048042704626335,0.8378990731204944,0.7834675872650556,0.8751071122536418,0.8267557174660999,0.6740976645435244,0.7582089552238805,0.7136836189940995
5,0.05,0.8922505307855626,0.7947990543735225,0.8407101775443862,0.8877388535031847,0.8013895543842836,0.8423570888944849,0.875,0.7565396971087655,0.811469357617524,0.6042993630573248,0.8014783526927138,0.6890603722197004
6,0.06,0.868895966029724,0.8263503281171126,0.8470892626131953,0.8630573248407644,0.8340600153885611,0.8483109430024781,0.8500530785562632,0.7825555827021744,0.8149090446508077,0.6042993630573248,0.8014783526927138,0.6890603722197004
7,0.07,0.8412951167728238,0.851006711409396,0.8461230481782998,0.8362526539278131,0.860693799508331,0.848297213622291,0.8229830148619958,0.8031598031598032,0.8129505833005636,0.6042993630573248,0.8014783526927138,0.6890603722197004
8,0.08,0.8139596602972399,0.8745366410037069,0.8431615120274913,0.8075902335456475,0.8815179606025493,0.8429362880886426,0.796443736730361,0.8215165617300849,0.8087858779140279,0.6163911845730028,0.733005733005733,0.6696595585484475
9,0.09,0.7868895966029724,0.8917293233082707,0.8360355279853376,0.7789278131634819,0.8989280245022971,0.8346367126404096,0.7677813163481954,0.8346797461050202,0.7998341166712746,0.6163911845730028,0.733005733005733,0.6696595585484475
10,0.1,0.8746556473829201,0.806093303713107,0.8389760528488853,0.8732782369146006,0.8193861066235865,0.8454742457076179,0.8419421487603306,0.7418082524271845,0.7887096774193548,0.571969696969697,0.7643810400368155,0.6543234193421312
