,filter_abundance,precision_by_num_reads,recall_by_num_reads,F1_by_num_reads,precision_by_nts,recall_by_nts,F1_by_nts,precision_by_mean_cov,recall_by_mean_cov,F1_by_mean_cov,precision_by_med_cov,recall_by_med_cov,F1_by_med_cov
0,0.0,0.996345726088338,0.7208874583285435,0.8365237110651637,0.998093422306959,0.6983879933296275,0.8217672836679967,0.998093422306959,0.6983103601600712,0.8217135382603009,0.969335875436924,0.7868197059582152,0.8685933940774487
1,0.01,0.8933905306641245,0.9100178022333711,0.901627515433336,0.8910073085478233,0.9138015316930096,0.9022604778376638,0.8867175087384811,0.890537737354396,0.888623517235889,0.8183984747378455,0.9081452750352609,0.8609393280962726
2,0.02,0.9275649930541774,0.8614080353851824,0.8932632584806498,0.9241913077991665,0.8656133828996283,0.8939437565985219,0.909704306410002,0.8289330922242315,0.8674425205790519,0.8547330819607065,0.8495069033530572,0.8521119794242755
3,0.03,0.8817225640007939,0.9017657803937488,0.8916315472606864,0.8775550704504862,0.9078218025046192,0.8924318869828457,0.8636634252827942,0.865380791409823,0.8645212554628526,0.8104782694979162,0.8737697903294822,0.8409348296098014
4,0.04,0.9244254915896707,0.8594713656387665,0.8907658943043032,0.9227671167969675,0.8696137530698816,0.8954022988505747,0.8943378346363421,0.8125269048643995,0.8514717491823615,0.8422174840085288,0.824634655532359,0.8333333333333334
5,0.05,0.8912579957356077,0.892314990512334,0.8917861799217732,0.8872305140961857,0.901106833493744,0.8941148382475828,0.8625918028903103,0.8399077277970012,0.8510986442262739,0.8230277185501066,0.8379160636758322,0.8304051631409107
6,0.06,0.8585643212508884,0.91816569546491,0.8873653281096963,0.849561715233357,0.923037323037323,0.8847767086109055,0.8825136612021858,0.7932220039292731,0.835488877392654,0.8371584699453551,0.7948119325551232,0.8154357950765135
7,0.07,0.8926229508196721,0.8810679611650486,0.8868078175895765,0.8885245901639345,0.8912030693340641,0.8898618142016693,0.8601092896174863,0.8193649141072358,0.8392428685683818,0.8098360655737705,0.8210526315789474,0.8154057771664375
8,0.08,0.8658469945355192,0.9049114791547687,0.8849483384529462,0.8612021857923498,0.9160127869805289,0.8877622870018306,0.8352459016393443,0.8405279076161671,0.8378785802384542,0.7877049180327869,0.8390570430733411,0.8125704622322436
9,0.09,0.8938324639459957,0.8787330316742081,0.8862184362640706,0.8886161399202209,0.8897081413210446,0.8891618053423397,0.8554771402270636,0.8081159420289855,0.8311223729318826,0.8057686406873275,0.8047808764940239,0.8052744556884393
10,0.1,0.8668303160478674,0.8979656706929434,0.8821233411397346,0.86314820497085,0.9112406867508909,0.8865427040655531,0.8321571034059527,0.8265772630295641,0.8293577981651375,0.7824486038662166,0.8209916291049582,0.8012568735271013
