,filter_abundance,precision_by_num_reads,recall_by_num_reads,F1_by_num_reads,precision_by_nts,recall_by_nts,F1_by_nts,precision_by_mean_cov,recall_by_mean_cov,F1_by_mean_cov,precision_by_med_cov,recall_by_med_cov,F1_by_med_cov
0,0.0,0.7305558577178288,0.7575860124083474,0.7438254513235132,0.7363211138910041,0.7448283450704225,0.7405502981237351,0.7363211138910041,0.7448283450704225,0.7405502981237351,0.6995540084847166,0.7973961562306262,0.7452775524394485
1,0.01,0.7827143353002429,0.7150784842238782,0.7473692932305909,0.7820201318986463,0.7183165949306551,0.7488159534690486,0.775425199583478,0.6975800156128025,0.7344456316265309,0.7507809788267963,0.7152777777777778,0.7325994919559695
2,0.02,0.8505022191076851,0.6555635577961829,0.7404168784951702,0.849334267694464,0.6600108912688328,0.7427987742594484,0.8381219341275403,0.6356067316209034,0.7229498287326214,0.8140621350151833,0.6607887751232461,0.7294610151753008
3,0.03,0.8714061683220073,0.6603287779758368,0.7513239436619719,0.8706220595922635,0.6672676282051282,0.7555001134044002,0.8520648196549921,0.6341178758996304,0.7271105163376826,0.8280188186095139,0.6474555487431024,0.7266888404633559
4,0.04,0.9057377049180327,0.6167883211678832,0.7338441890166028,0.9047919293820933,0.6244560487380331,0.738928939237899,0.8852459016393442,0.5902879966365356,0.7082860385925085,0.8609709962168979,0.5979855485001094,0.7057759400439333
5,0.05,0.909861064046086,0.6199492034172247,0.7374347706673992,0.909861064046086,0.6286583938187777,0.7435613403489337,0.8871568959674686,0.5893741557856821,0.7082375219802516,0.8620806506269061,0.5966228893058161,0.7051975051975052
6,0.06,0.9162740123233055,0.6245059288537549,0.7427648009402085,0.9177238129757158,0.6342685370741483,0.7501110946526441,0.9047433903576982,0.5574988021082894,0.6898903053661428,0.8744167962674961,0.5715374841168996,0.6912555709236208
7,0.07,0.9388176932616784,0.5962194801785246,0.7292870905587668,0.937577511368334,0.6051227321237994,0.7355278093076051,0.9086399338569657,0.5574435708851129,0.6909776799748507,0.87474162877222,0.5701967124764215,0.6903752039151714
8,0.08,0.9374185136897001,0.6001669449081803,0.7318066157760814,0.9343763581051716,0.6080316742081447,0.7366798012677744,0.9078661451542808,0.559154175588865,0.6920655954944509,0.8796169630642955,0.5486348122866894,0.675775091960063
9,0.09,0.9423535016674607,0.5812518366147517,0.7190112686295892,0.9414006669842783,0.5907324364723467,0.7259368111682586,0.912339209147213,0.5400451212633953,0.6784765279007972,0.875655073844688,0.5526157546602526,0.6776036866359446
10,0.1,0.9459459459459459,0.584958217270195,0.7228915662650602,0.9444444444444444,0.5945179584120983,0.7296983758700696,0.913913913913914,0.5411973918197984,0.6798212956068503,0.8738738738738738,0.5511363636363636,0.6759581881533101
