,filter_abundance,precision_by_num_reads,recall_by_num_reads,F1_by_num_reads,precision_by_nts,recall_by_nts,F1_by_nts,precision_by_mean_cov,recall_by_mean_cov,F1_by_mean_cov,precision_by_med_cov,recall_by_med_cov,F1_by_med_cov
0,0.0,0.9974155069582505,0.6049680453394429,0.7531336786009157,0.9992047713717693,0.5720464375142272,0.7275622466705269,0.9992047713717693,0.5718511776083741,0.7274042984296982,0.7697813121272365,0.7426160337552743,0.7559547051932839
1,0.01,0.9421471172962227,0.7588470776621297,0.840620842572062,0.9397614314115308,0.7622964038058377,0.8417772237556763,0.9286282306163022,0.7355905511811024,0.8209138840070298,0.6274353876739562,0.8240208877284595,0.7124153498871332
2,0.02,0.8862823061630218,0.8217511520737327,0.8527977044476327,0.8882703777335984,0.8225331369661266,0.8541387879946473,0.8777335984095428,0.7900858983536149,0.8316067055942739,0.6274353876739562,0.8240208877284595,0.7124153498871332
3,0.03,0.8429423459244533,0.8607389362565977,0.8517476898352753,0.8431411530815109,0.8640994295028525,0.8534916482189574,0.8335984095427436,0.8275113479376357,0.830543725859166,0.6523225990310629,0.7334187760333226,0.690497737556561
4,0.04,0.8017892644135188,0.8887174966945791,0.8430183946488294,0.798807157057654,0.8924922256774767,0.8430549727234578,0.7908548707753479,0.8521850899742931,0.8203753351206433,0.6523225990310629,0.7334187760333226,0.690497737556561
5,0.05,0.7642147117296223,0.9087470449172577,0.8302375809935206,0.7572564612326044,0.914086873050156,0.8283135805153854,0.8871473354231975,0.716950713956702,0.7930199974525537,0.5833570817896837,0.7753787878787879,0.6657993169621077
6,0.06,0.8871473354231975,0.7881012658227848,0.834696339991956,0.8811627244229125,0.795676788471436,0.836240703177823,0.8626389284696495,0.744283255470863,0.799102428722281,0.5833570817896837,0.7753787878787879,0.6657993169621077
7,0.07,0.859504132231405,0.8142548596112311,0.836267849715791,0.8580792248503847,0.8262897914379802,0.8418845239759541,0.835565688230265,0.7657351788978846,0.7991278277459798,0.5833570817896837,0.7753787878787879,0.6657993169621077
8,0.08,0.835850669706469,0.8401604124892581,0.8380000000000001,0.8301510401823882,0.849271137026239,0.8396022481625594,0.8093473924194927,0.7849640685461581,0.7969692717833592,0.6284010436079016,0.7260981912144703,0.6737262737262737
9,0.09,0.8064975776574522,0.8580958156458459,0.8314969883942999,0.8016528925619835,0.8682098765432099,0.8336049785153355,0.786263892846965,0.805312317571512,0.7956741167988465,0.6284010436079016,0.7260981912144703,0.6737262737262737
10,0.1,0.780564263322884,0.8781660788714332,0.8264936632468315,0.7751496152750071,0.8865710560625815,0.827124828949369,0.762325448845825,0.8225707257072571,0.7913030616772668,0.5844204248975028,0.7571221632061806,0.6596550273453934
