,filter_abundance,precision_by_num_reads,recall_by_num_reads,F1_by_num_reads,precision_by_nts,recall_by_nts,F1_by_nts,precision_by_mean_cov,recall_by_mean_cov,F1_by_mean_cov,precision_by_med_cov,recall_by_med_cov,F1_by_med_cov
0,0.0,0.9975794251134644,0.7408156386922817,0.8502353168718975,0.9987897125567322,0.7247776923921396,0.840002544691138,0.9987897125567322,0.7247776923921396,0.840002544691138,0.9768532526475038,0.78753506525186,0.8720372746302923
1,0.01,0.8877458396369138,0.9295105338191034,0.9081482627872786,0.8851739788199697,0.9325788970353841,0.9082583048742626,0.8815431164901664,0.9093320848938826,0.8952220003072668,0.8393343419062027,0.9179351422898743,0.8768768768768769
2,0.02,0.9188042074183429,0.8951815893563466,0.9068390856934705,0.914375346004798,0.8994372844436377,0.9068448023426062,0.8996124746263148,0.8634431455897981,0.8811568007230003,0.8610444731500276,0.8687395270899274,0.8648748841519925
3,0.03,0.9359415305245056,0.8616663368296061,0.8972694487377639,0.9337919174548581,0.8700180252353295,0.9007776049766719,0.9079965606190885,0.8214702450408401,0.8625689197467838,0.8744625967325881,0.8300346867986125,0.8516696325761539
4,0.04,0.898323301805675,0.896973599484868,0.8976479432928793,0.895743766122098,0.9064607352621274,0.9010703859876743,0.8742476354256233,0.8547709121479613,0.8643995749202975,0.8467325881341359,0.8540763226366002,0.8503886010362695
5,0.05,0.9188926663428849,0.8734995383194829,0.895621301775148,0.9174356483729966,0.8843632958801498,0.9005959475566151,0.8848955803788247,0.81998199819982,0.8512029899556178,0.8489558037882468,0.8202721726888784,0.8343675417661098
6,0.06,0.888052452646916,0.902072027627035,0.8950073421439059,0.8839242350655658,0.9118236472945892,0.8976572133168927,0.8538125303545411,0.8421556886227545,0.8479440491981188,0.8130160271976687,0.8422641509433962,0.8273816878784136
7,0.07,0.8538125303545411,0.9230769230769231,0.8870947394979186,0.9043715846994536,0.8831376734258272,0.8936285097192225,0.8688524590163934,0.8062880324543611,0.8364018937401367,0.8289617486338798,0.8013734812466984,0.8149341928552243
8,0.08,0.8789617486338798,0.8948539638386648,0.8868366643694003,0.8754098360655738,0.9063649222065063,0.8906184850590689,0.8450819672131148,0.8276692534118276,0.8362849803974585,0.8040983606557377,0.82069157836029,0.812310240132487
9,0.09,0.8519125683060109,0.9159811985898942,0.8827859569648924,0.9008817269686835,0.8857997010463379,0.8932770575821526,0.8622681666159927,0.7993235625704622,0.8296036273219247,0.8206141684402554,0.7987570287067179,0.8095380923815236
10,0.1,0.8795986622073578,0.8953884246363355,0.8874233128834355,0.8768622681666159,0.9086326402016384,0.8924647996286555,0.8422012769838857,0.8207407407407408,0.8313325330132053,0.8060200668896321,0.8174529756398397,0.8116962645437845
