,filter_abundance,precision_by_num_reads,recall_by_num_reads,F1_by_num_reads,precision_by_nts,recall_by_nts,F1_by_nts,precision_by_mean_cov,recall_by_mean_cov,F1_by_mean_cov,precision_by_med_cov,recall_by_med_cov,F1_by_med_cov
0,0.0,0.733737975263399,0.7378786133824715,0.7358024691358025,0.739234997709574,0.7184995547640249,0.7287198013095507,0.739234997709574,0.7184995547640249,0.7287198013095507,0.6817453046266606,0.7889993373094765,0.7314615715426676
1,0.01,0.8049658832448825,0.6835667149525189,0.7393158673513796,0.8064821834723275,0.6890688259109312,0.7431665356737404,0.7968157695223654,0.6649794368870611,0.7249525780306949,0.7471569370735406,0.7087378640776699,0.7274404871747555
2,0.02,0.8343461625028135,0.6772013153087322,0.7476051225168903,0.8341210893540401,0.6843951985226223,0.7518766484073849,0.8217420661715057,0.6551229140498833,0.7290335463258786,0.7864055818140896,0.6732177263969171,0.7254230250181668
3,0.03,0.8581431535269709,0.6671370967741935,0.7506805807622504,0.8565871369294605,0.6744945885235859,0.7547126699417342,0.8748541423570595,0.5917521704814522,0.705979284369115,0.8264294049008168,0.6240088105726872,0.7110943775100401
4,0.04,0.904639175257732,0.6163301141352063,0.733159268929504,0.9033505154639175,0.6229726727393913,0.7374095989480605,0.8862757731958762,0.5875694147800086,0.7066529668636014,0.8431056701030928,0.6064889918887602,0.705485914543739
5,0.05,0.9124825662482566,0.6173625855154518,0.736457014211341,0.9107391910739191,0.6251795117280996,0.7414135679818337,0.8922594142259415,0.5859858026104877,0.707394609536973,0.857034508911642,0.574917323836174,0.6881851400730816
6,0.06,0.9226393629124005,0.613464447806354,0.7369377555656519,0.9207432688661358,0.6224045116636759,0.7427347812786785,0.8972317026924536,0.5770731707317073,0.7023897877393499,0.844899507015548,0.5941333333333333,0.697667136370753
7,0.07,0.9328144203195412,0.6109471424738395,0.7383268482490273,0.9283080704629251,0.6184497816593887,0.7423423423423424,0.9196663740122915,0.5417636410654254,0.6818551668022783,0.8498683055311677,0.5642669775575634,0.6782273603082851
8,0.08,0.9437269372693727,0.5824081981212639,0.7202957225840522,0.9418819188191881,0.5911986103068906,0.7264318747776592,0.9169741697416974,0.5431693989071038,0.6822237474262182,0.8551660516605166,0.5594447797223898,0.6763954761036118
9,0.09,0.9477317554240631,0.5780451127819549,0.7181019988791332,0.9477317554240631,0.5883073155800429,0.725967894239849,0.9211045364891519,0.5381734370498416,0.679396253864339,0.8624260355029586,0.5513871374527112,0.6726923076923076
10,0.1,0.9497148781752203,0.5802977510294584,0.7204089657884388,0.9481596682218766,0.590190383994837,0.7275258552108194,0.9206842923794712,0.5383449530160654,0.6794185156847742,0.8546042003231018,0.5386965376782077,0.6608369768894441
