,filter_abundance,precision_by_num_reads,recall_by_num_reads,F1_by_num_reads,precision_by_nts,recall_by_nts,F1_by_nts,precision_by_mean_cov,recall_by_mean_cov,F1_by_mean_cov,precision_by_med_cov,recall_by_med_cov,F1_by_med_cov
0,0.0,0.7315135921243987,0.7477415666094911,0.7395385659353088,0.7377782749748294,0.7292933760920048,0.7335112890668446,0.7377782749748294,0.7292933760920048,0.7335112890668446,0.6900100682402953,0.7902626521460602,0.7367415193502149
1,0.01,0.7969746673956625,0.7013632718524458,0.7461184098276744,0.7969746673956625,0.7072618469998383,0.7494430162810626,0.7873154729360307,0.6824644549763034,0.7311500380807312,0.7607071259340259,0.6938164893617021,0.725723724245849
2,0.02,0.8260869565217391,0.7002371829958037,0.7579737335834896,0.8252260008609557,0.707380073800738,0.76177230280151,0.8125269048643995,0.6766445599569816,0.7383863080684596,0.8189249442655437,0.6527147087857847,0.7264337508239948
3,0.03,0.8803324099722992,0.6400805639476335,0.7412244897959185,0.8803324099722992,0.6484390940624363,0.7467982610739045,0.8653739612188366,0.6158091858860635,0.7195669699412646,0.8373961218836565,0.6279601163273785,0.7177113010446344
4,0.04,0.8954308494326894,0.6390895163055373,0.7458492975734354,0.8938975774302361,0.647202486678508,0.7508048937540245,0.8751916590003067,0.6090482287665386,0.7182584623128224,0.8482060717571297,0.6238159675236806,0.7189083820662767
5,0.05,0.9066889632107024,0.6387841658812441,0.7495161736245507,0.9036789297658863,0.6465661641541038,0.7538010880178546,0.8994974874371859,0.5733241821093571,0.7002934190303199,0.8632447954055994,0.5850158112381416,0.6974046686965347
6,0.06,0.9287913779830639,0.6091895985862156,0.7357828937338009,0.9272517321016166,0.617217524980784,0.7411167512690355,0.9030023094688222,0.5716374269005848,0.7000895255147718,0.8610469591993841,0.5868310598111228,0.6979719188767551
7,0.07,0.935070306038048,0.6064914163090128,0.735763097949886,0.9317617866004962,0.6147339699863574,0.7407529179681078,0.9048800661703887,0.5652286230948076,0.6958180950866593,0.86832895888014,0.5604178430265386,0.681194234728895
8,0.08,0.9339457567804025,0.6070514643161785,0.735826296743064,0.9304461942257218,0.615629522431259,0.7409858909597631,0.9063867016622922,0.5656565656565656,0.6965876617918978,0.8686539357242664,0.5612398435148962,0.6819012797074955
9,0.09,0.9453125,0.5819056206792906,0.7203720930232558,0.9443359375,0.5917992656058751,0.727614747930775,0.91943359375,0.5418705035971223,0.6818757921419518,0.8671875,0.5500154846701766,0.6731097214326323
10,0.1,0.9467485919098823,0.5849414742170199,0.7231130230739148,0.9447004608294931,0.5951612903225807,0.7302592519295469,0.9155145929339478,0.5414900060569352,0.6804947668886775,0.8643113159242192,0.552898788077301,0.6743907311226528
