,filter_abundance,precision_by_num_reads,recall_by_num_reads,F1_by_num_reads,precision_by_nts,recall_by_nts,F1_by_nts,precision_by_mean_cov,recall_by_mean_cov,F1_by_mean_cov,precision_by_med_cov,recall_by_med_cov,F1_by_med_cov
0,0.0,0.9929351316634554,0.7169023881289126,0.8326376733539788,0.9942196531791907,0.6923851056692385,0.8162942456001583,0.9942196531791907,0.692230296254891,0.8161866473340802,0.9577713551701991,0.7913239586097108,0.8666279238704053
1,0.01,0.8945086705202312,0.9020401554404145,0.898258626249597,0.8914579319203597,0.9054142204827136,0.8983818770226538,0.8877649325626205,0.8833679501517815,0.8855609834227596,0.8155105973025049,0.9072883172561629,0.8589548452562152
2,0.02,0.9409715105554417,0.8448656606551344,0.8903325899350335,0.9401516704242673,0.8533953488372094,0.8946752486834405,0.9217052674728428,0.8140839971035482,0.8645583004902432,0.8540684566509531,0.8498878237813583,0.8519730116540584
3,0.03,0.898749743799959,0.8901745838408445,0.8944416114227435,0.8921910227505636,0.894390795151017,0.8932895546891032,0.8817380610780897,0.8562898089171974,0.8688276279915177,0.8231194916991187,0.8642134710565956,0.8431660718034851
4,0.04,0.8552982168477147,0.9197707736389685,0.8863636363636364,0.8483295757327322,0.9247095621090259,0.8848743987172635,0.9069427527405602,0.8018522506999785,0.8511659807956105,0.8552984165651645,0.7997722095671982,0.8266038846380224
5,0.05,0.9003654080389769,0.8764524543514347,0.8882480173035329,0.8935444579780755,0.8830043331728454,0.888243128708076,0.874299634591961,0.8284856879039705,0.8507763423017659,0.8063337393422655,0.8316582914572864,0.8188002473716759
6,0.06,0.8655298416565165,0.9004054738976178,0.8826232766116009,0.8609013398294763,0.9101210404326552,0.884827240861292,0.8406820950060901,0.8481199311870239,0.8443846342060192,0.7824604141291108,0.8441524310118266,0.8121365360303414
7,0.07,0.9130062749572162,0.8630358587220275,0.8873180873180873,0.9095835710211067,0.8739380652233488,0.891404612159329,0.8839132915002852,0.8072414691325867,0.8438393464942138,0.8103251568739304,0.8061861520998865,0.8082503556187767
8,0.08,0.8859098687963491,0.8871750928306198,0.8865420293991724,0.8822019395322305,0.8988666085440279,0.8904563120771556,0.856531660011409,0.8261348005502063,0.8410586752555664,0.7855105533371364,0.8206197854588796,0.8026814339842612
9,0.09,0.8590986879634912,0.9083232810615199,0.8830255057167987,0.8548203080433543,0.9204545454545454,0.88642413487134,0.8254420992584142,0.8390837924035952,0.8322070452911575,0.7646891043924701,0.8313178294573643,0.7966126875649977
10,0.1,0.8988212180746562,0.8722592945662536,0.8853410740203191,0.8971840209561232,0.8875931324910917,0.8923628073603648,0.8569089718402095,0.7978658536585366,0.8263340700978844,0.7868369351669942,0.7951687624090007,0.7909809084924293
