,filter_abundance,precision_by_num_reads,recall_by_num_reads,F1_by_num_reads,precision_by_nts,recall_by_nts,F1_by_nts,precision_by_mean_cov,recall_by_mean_cov,F1_by_mean_cov,precision_by_med_cov,recall_by_med_cov,F1_by_med_cov
0,0.0,0.7308186383276889,0.7333880229696472,0.732101076275152,0.7366577134181945,0.7109207708779444,0.7235604496444138,0.7366577134181945,0.7109207708779444,0.7235604496444138,0.6588812332126591,0.8003972194637538,0.7227773507558288
1,0.01,0.8101588546773877,0.6673667205169629,0.7318628753654,0.8095705040203962,0.6723127035830619,0.7345849274846517,0.8021180623651697,0.6523125996810207,0.7195003958131762,0.7393606589527358,0.6922511935365406,0.7150308202939781
2,0.02,0.8404106392907139,0.6640855457227138,0.7419155509783727,0.8408772748483434,0.6682736881142222,0.7447050315115198,0.8254783014465702,0.6403619909502263,0.7212312710223219,0.7596826878208119,0.6628664495114006,0.7079799956512284
3,0.03,0.8691639522258415,0.6477847461056039,0.7423206213052045,0.8672638436482085,0.6543108744624206,0.7458853741099568,0.8493485342019544,0.6221912905150129,0.7182371169516814,0.7814875135722041,0.637934854863727,0.7024521166280348
4,0.04,0.8786127167630058,0.635004397537379,0.7372048500319082,0.8795254031031335,0.6437319082609664,0.7433787606068398,0.8579251597201095,0.6064516129032258,0.7105959430515307,0.8029790115098172,0.6027954256670902,0.6886340542894469
5,0.05,0.9008124576844956,0.6284837033538025,0.7404006677796328,0.9229914846353202,0.5976983936705826,0.7255529685681025,0.8963346908552388,0.558091286307054,0.6878818013922432,0.8483507642799678,0.5418807810894142,0.6613358419567262
6,0.06,0.9275945293644409,0.5818824123139036,0.715149635602419,0.9279967819790829,0.5913868238913099,0.7224048849224988,0.8998390989541432,0.5490918016691213,0.6820121951219512,0.8331885317115552,0.5490981963927856,0.6619499568593615
7,0.07,0.9339704604691572,0.5773361976369495,0.7135745104546963,0.9326672458731537,0.5856519367157665,0.7195040214477212,0.9048653344917463,0.5414608786067066,0.6775085379736543,0.833953488372093,0.5405486885740126,0.6559356136820925
8,0.08,0.9367441860465117,0.5728100113765643,0.7109071655488882,0.9348837209302325,0.581428984668788,0.7169609416800428,0.9088372093023256,0.5362239297475302,0.6744908526061443,0.8243709916132215,0.5284629981024668,0.6440547311620736
9,0.09,0.9343857918105575,0.5684273709483794,0.7068482925919014,0.9353724716329551,0.5794621026894865,0.7156067182487261,0.9067587567834238,0.5309069901790873,0.6697030424485335,0.8206465067778936,0.5239680426098535,0.6395774075579033
10,0.1,0.9384775808133472,0.5690799873537781,0.7085219444991144,0.9363920750782064,0.5784219001610306,0.7151104917380051,0.90563086548488,0.5271623672230652,0.6664108958373296,0.8167396061269147,0.5262601339443074,0.640085744908896
