,filter_abundance,precision_by_num_reads,recall_by_num_reads,F1_by_num_reads,precision_by_nts,recall_by_nts,F1_by_nts,precision_by_mean_cov,recall_by_mean_cov,F1_by_mean_cov,precision_by_med_cov,recall_by_med_cov,F1_by_med_cov
0,0.0,0.994293619228774,0.673223275963002,0.8028483663781066,0.9963686667819471,0.6439427805096111,0.7822958387074876,0.9963686667819471,0.6439427805096111,0.7822958387074876,0.8829327338751513,0.7848140178296956,0.8309870615998047
1,0.01,0.9154418122081964,0.8454167997444906,0.8790369447903694,0.9131938440255922,0.8480809378512928,0.8794338051623648,0.9097354314369704,0.8259026687598117,0.865794454044269,0.7819470862873941,0.8536907683594488,0.8162454873646209
2,0.02,0.8485215286183642,0.8946216955332725,0.8709620163294284,0.8450631160297424,0.8971911143748853,0.8703472840605522,0.8478298461006398,0.8752231345947876,0.8613087395696091,0.6960055334601418,0.8846153846153846,0.7790573889480306
3,0.03,0.9299348230912476,0.8009222133119487,0.8606204222317967,0.9262104283054003,0.807426948051948,0.8627493495229835,0.9108472998137802,0.7692156477295066,0.8340616007673451,0.74487895716946,0.8032128514056225,0.7729468599033815
4,0.04,0.8926908752327747,0.8366055846422339,0.8637387387387387,0.888733705772812,0.8439434129089302,0.8657596371882086,0.8756983240223464,0.801961202302281,0.8372093023255814,0.7446461824953445,0.803566942979151,0.7729853811767547
5,0.05,0.861266294227188,0.8697696285848613,0.8654970760233918,0.8561452513966481,0.8767580452920143,0.8663290542927806,0.8431098696461825,0.8282643494168763,0.8356211789133694,0.6883147113594041,0.8313185268484679,0.7530879918502483
6,0.06,0.8279795158286778,0.8941679235796883,0.8598017887357989,0.8209962756052142,0.9004340056165433,0.8588822598319736,0.8147113594040968,0.8530343650987082,0.8334325514942255,0.7211928199189346,0.7714462681944875,0.7454735897052223
7,0.07,0.8925883034163289,0.8258773104741495,0.8579379435091137,0.8905616676317313,0.8367791077257889,0.8628330995792426,0.8731905037637522,0.7799327644168607,0.8239311569457725,0.7211928199189346,0.7714462681944875,0.7454735897052223
8,0.08,0.8671105964099595,0.8501277320465512,0.8585351870431418,0.863346844238564,0.8606060606060606,0.8619742737389796,0.8453966415749855,0.79890560875513,0.8214938809959208,0.685871453387377,0.7949664429530201,0.73640037301834
9,0.09,0.8459756803705848,0.8761619190404798,0.8608042421564296,0.8401852924145917,0.8850259225373589,0.8620228724194265,0.8196294151708164,0.817027417027417,0.8183263477381125,0.6505500868558194,0.8126582278481013,0.7226242161119152
10,0.1,0.8204979733642154,0.8959848245336706,0.8565815324165029,0.8155761436016213,0.9057877813504823,0.8583180987202924,0.795888824551245,0.8342943854324735,0.814639205808268,0.6773970231914157,0.7594101668606907,0.7160629345042079
