,filter_abundance,precision_by_num_reads,recall_by_num_reads,F1_by_num_reads,precision_by_nts,recall_by_nts,F1_by_nts,precision_by_mean_cov,recall_by_mean_cov,F1_by_mean_cov,precision_by_med_cov,recall_by_med_cov,F1_by_med_cov
0,0.0,0.9966892400300978,0.7371994657168299,0.8475270330795316,0.9977426636568849,0.7183876909741034,0.8353282096510016,0.9977426636568849,0.7183876909741034,0.8353282096510016,0.9730624529721595,0.7848992473901433,0.8689108378687094
1,0.01,0.8808126410835214,0.9278693722257451,0.9037288658997914,0.8773513920240783,0.9326507758758599,0.9041563275434243,0.8714823175319789,0.9038551584204776,0.887373582592706,0.8212189616252822,0.913305439330544,0.8648177496038034
2,0.02,0.9101331360946746,0.8900542495479205,0.8999817151215944,0.9079142011834319,0.8976234003656307,0.9027394741680457,0.8940458579881657,0.8583348127108112,0.8758264649941128,0.8452292899408284,0.8698382492863939,0.8573572165431868
3,0.03,0.8605769230769231,0.9298701298701298,0.8938826466916355,0.8555843195266272,0.9358818770226537,0.8939335394126737,0.8420857988165681,0.8918918918918919,0.8662735400418489,0.8063979289940828,0.8914554374488961,0.8467961165048544
4,0.04,0.8976190476190476,0.9009341733651967,0.8992735552423289,0.8935064935064935,0.9092511013215859,0.9013100436681223,0.8703463203463203,0.8546227417640808,0.8624128686327078,0.832034632034632,0.8555530825728912,0.8436299791506638
5,0.05,0.8577922077922078,0.9285379568884724,0.8917641764176418,0.8515151515151516,0.9353304802662863,0.8914570586902334,0.8850771869639794,0.8235294117647058,0.8531947561119642,0.8419505023278608,0.8225999521187455,0.8321627512714943
6,0.06,0.882626807155109,0.9038895859473024,0.8931316637738657,0.8779710855182553,0.912633723892002,0.8949669039590358,0.8537123254104386,0.8464528668610302,0.8500670977186776,0.8096054888507719,0.8426421831165519,0.825793551612097
7,0.07,0.8468512619456016,0.9235702832709781,0.8835485108014828,0.8409703504043127,0.9318490361118653,0.8840803709428129,0.8238176917422201,0.8671653340211504,0.8449359135461171,0.8263638881196345,0.8088912984548658,0.8175342465753425
8,0.08,0.8781500969260593,0.8988095238095238,0.8883597142456928,0.8728883965660482,0.9078341013824884,0.890018353804885,0.8463029631680975,0.834061135371179,0.8401374570446736,0.8022708391027417,0.8312769010043042,0.8165163472378806
9,0.09,0.8504569371365273,0.9191858724932654,0.8834867663981587,0.8432567155912489,0.9269406392694064,0.883120649651972,0.8224868457491,0.8554147465437788,0.8386277001270648,0.7767931320963722,0.8464091732045866,0.8101083032490974
10,0.1,0.8792091442693852,0.8975086723431094,0.8882646691635457,0.8755020080321285,0.9097913322632424,0.892317380352645,0.8446092060549892,0.8287359806001818,0.8365973072215422,0.7970342910101946,0.8224418233981511,0.8095387511766551
