,filter_abundance,precision_by_num_reads,recall_by_num_reads,F1_by_num_reads,precision_by_nts,recall_by_nts,F1_by_nts,precision_by_mean_cov,recall_by_mean_cov,F1_by_mean_cov,precision_by_med_cov,recall_by_med_cov,F1_by_med_cov
0,0.0,0.9981021666930254,0.7216695254431104,0.8376692328112556,0.9990510833465127,0.6985513656972244,0.822204867890147,0.9990510833465127,0.6985513656972244,0.822204867890147,0.9644156254942274,0.7812940422805894,0.8632502831257078
1,0.01,0.8956191681164004,0.9082598235765837,0.9018952062430323,0.8919816542780326,0.9121785540999515,0.9019670558132097,0.8864463071326901,0.8854660347551343,0.8859558997866119,0.8432705993990195,0.8863031914893617,0.8642515600940108
2,0.02,0.9279904780797461,0.8534938879766466,0.8891845656719255,0.9269986113866296,0.8621771217712177,0.8934136315839785,0.9131124776829994,0.8250582541674135,0.8668549905838041,0.8522118627256496,0.8481737413622902,0.8501880071244804
3,0.03,0.8857369569529855,0.8992950654582075,0.8924645212872276,0.8807776234874033,0.9059375637624975,0.8931804465902232,0.8680817298155128,0.8626059530849596,0.8653351789598577,0.8254314620115056,0.864353967594516,0.8444444444444446
4,0.04,0.9282319391634981,0.8548916611950098,0.8900535490486499,0.9263307984790875,0.8654529307282416,0.8948576675849402,0.901615969581749,0.8096457533077251,0.8531594333258375,0.8557509505703422,0.8121335137573297,0.833371904651701
5,0.05,0.8949619771863118,0.8873704052780396,0.8911500236630383,0.8890209125475285,0.8951902368987796,0.8920949087874092,0.8700095057034221,0.8375657744223289,0.8534794265065859,0.8151140684410646,0.8343468742398443,0.8246183435509076
6,0.06,0.8576520912547528,0.9111335521332997,0.8835842820418656,0.8517110266159695,0.9182679989751473,0.8837381333990876,0.8343631178707225,0.8555068226120858,0.8448026948989413,0.7749524714828897,0.8554564533053515,0.813216957605985
7,0.07,0.8987098545155092,0.8782188841201717,0.888346221679555,0.8899258852594016,0.8845839017735334,0.8872468527640942,0.8602799890200384,0.809609919917334,0.834176204418419,0.7930277244029645,0.8156408808582721,0.8041753653444675
8,0.08,0.8679659621191326,0.8990617003127666,0.883240223463687,0.8613779851770519,0.9082489146164978,0.8841927303465765,0.8342025802909689,0.8296478296478297,0.8319189707090062,0.7603623387318145,0.8335841107433043,0.7952914154464541
9,0.09,0.9009684473602,0.8668470093177036,0.8835784313725491,0.8962824117463293,0.877906976744186,0.8869995362498068,0.8081251715618996,0.8471942446043166,0.8271986513065467,0.7988128709778194,0.7918860328275008,0.7953343701399689
10,0.1,0.8747266479225242,0.8857956342929453,0.8802263439170072,0.8691034051858794,0.8974193548387097,0.88303443897794,0.837550765385817,0.8119321623258631,0.8245425188374595,0.7710090596688535,0.8083851948902718,0.7892548768787975
