,filter_abundance,precision_by_num_reads,recall_by_num_reads,F1_by_num_reads,precision_by_nts,recall_by_nts,F1_by_nts,precision_by_mean_cov,recall_by_mean_cov,F1_by_mean_cov,precision_by_med_cov,recall_by_med_cov,F1_by_med_cov
0,0.0,0.723906083244397,0.7662675101671939,0.7444846888376688,0.7298826040554963,0.7498081350729087,0.739711210859337,0.7298826040554963,0.7498081350729087,0.739711210859337,0.6994663820704375,0.8033831821524884,0.7478320401643086
1,0.01,0.7744638069705094,0.7462060058120762,0.7600723565203091,0.7731233243967829,0.7508543531326282,0.7618261372079584,0.7654155495978552,0.7279681274900398,0.7462223311279914,0.7938510051241624,0.6785714285714286,0.7316984559491372
2,0.02,0.8374219446922391,0.6898769061179496,0.7565226150901581,0.838314005352364,0.6981797919762258,0.7618565058775841,0.8229259589652096,0.6664258623803504,0.7364534477597047,0.8070918822479929,0.6761958146487295,0.7358682391215942
3,0.03,0.8766974470396524,0.6542359140656668,0.7493036211699164,0.8756110809342749,0.66160476092756,0.7537112799532436,0.8598587724063009,0.6290482813431353,0.7265633964429145,0.8430200977729495,0.6351544915080827,0.7244719337145524
4,0.04,0.8912395709177592,0.6585204755614267,0.7574069384654343,0.8897497020262217,0.6663691140370454,0.7620262855684573,0.8700834326579261,0.6282271944922547,0.7296351824087957,0.872674791533034,0.6084525939177102,0.7169960474308301
5,0.05,0.9234218696102104,0.6340596873519659,0.7518606937227917,0.9227319765436357,0.6430288461538461,0.7578977192236861,0.8985857192135219,0.6006456075628315,0.7200110558319514,0.8816833390824422,0.6090064331665476,0.7204058624577228
6,0.06,0.9294377067254685,0.6400911161731208,0.7580935251798562,0.9276001470047777,0.6491769547325102,0.7638069299440157,0.912568306010929,0.5740240608887798,0.7047475508666164,0.8864168618266979,0.5800766283524904,0.7012505789717461
7,0.07,0.9432477216238608,0.6130856219709209,0.7431462140992168,0.9420049710024855,0.6226725082146769,0.7497527200791296,0.9146644573322287,0.5745511319281811,0.7057695381173086,0.8881524440762221,0.5771197846567968,0.6996247348670257
8,0.08,0.9388020833333334,0.6172945205479452,0.7448347107438017,0.9429223744292238,0.599767644496079,0.7331794780756258,0.91324200913242,0.5497526113249038,0.6863417982155114,0.8922374429223744,0.5559032716927453,0.6850131463628396
9,0.09,0.944206008583691,0.5969249321676213,0.7314370151459181,0.9437291368621841,0.6076143690512742,0.7392603660814344,0.9117787315212208,0.5538818076477404,0.6891331771490359,0.8860276585598474,0.5576230492196879,0.6844722785043287
10,0.1,0.9441117764471058,0.6010165184243964,0.7344720496894409,0.9529715762273901,0.5971502590673575,0.7342225761497113,0.9162790697674419,0.5400548279013098,0.6795707167497125,0.8914728682170543,0.5476190476190477,0.6784660766961652
