,filter_abundance,precision_by_num_reads,recall_by_num_reads,F1_by_num_reads,precision_by_nts,recall_by_nts,F1_by_nts,precision_by_mean_cov,recall_by_mean_cov,F1_by_mean_cov,precision_by_med_cov,recall_by_med_cov,F1_by_med_cov
0,0.0,0.9970154203283038,0.6933010492332526,0.8178726877040261,0.99817609020063,0.6699310037836634,0.8017580075913963,0.99817609020063,0.6699310037836634,0.8017580075913963,0.9537390150887083,0.7770872737098081,0.8563984217970669
1,0.01,0.9023379207428287,0.8892156862745098,0.8957287466052176,0.8996849610346543,0.8939044481054366,0.8967853896372202,0.8908970320013265,0.8657750563970351,0.8781564108850208,0.7970485823246559,0.8949916216719419,0.8431854060691107
2,0.02,0.9417269247128881,0.827354260089686,0.8808434453948676,0.939812845597618,0.8337735849056603,0.883623275344931,0.9238621863037005,0.7973568281938326,0.8559605911330049,0.8619736282433007,0.8080143540669856,0.8341222473760033
3,0.03,0.9015312632922161,0.8760074395536268,0.8885861020857353,0.8998298596341983,0.8844063545150501,0.8920514442336073,0.8828158230540196,0.840113337381097,0.8609353935497253,0.8045512547851977,0.8425389755011136,0.823107049608355
4,0.04,0.8609102509570395,0.9100719424460432,0.8848087431693988,0.8555933645257338,0.9170275814907681,0.8852459016393441,0.8409187579753297,0.8669151501863627,0.8537190974846162,0.8151924547540148,0.7991004497751124,0.8070662460567825
5,0.05,0.9064491460616875,0.8616428398352314,0.883478260869565,0.9033902625541678,0.8718327183271832,0.8873309964947421,0.87560540402753,0.808235294117647,0.8405726171540439,0.7897017588580169,0.8146200368130423,0.8019673828630597
6,0.06,0.87509559010961,0.8907628437986508,0.8828597145428829,0.8712719857252103,0.9013713080168776,0.8860661049902786,0.8434871271985726,0.8309894525364139,0.8371916508538899,0.7652306907978588,0.8292817679558011,0.795969773299748
7,0.07,0.8439969411164925,0.9153995023500138,0.8782493368700266,0.837879174101453,0.9235740376510255,0.8786420743116814,0.8134081060412949,0.85161462503336,0.8320730117340288,0.7984542211652794,0.7890716803760282,0.7937352245862884
8,0.08,0.8903091557669441,0.8782991202346041,0.884263359905521,0.8852556480380499,0.8876304023845007,0.8864414347373121,0.8513674197384067,0.8094968908988129,0.8299043755433209,0.7678359096313913,0.8120088022634392,0.7893048128342247
9,0.09,0.861474435196195,0.898326100433974,0.8795144157814873,0.8585017835909632,0.9110410094637224,0.8839914294459749,0.8246135552913199,0.8280597014925373,0.8263330354483168,0.7470273483947681,0.8228552717747217,0.7831100031162356
10,0.1,0.8978549540347294,0.8623283191628516,0.8797331109257716,0.8934286687095676,0.8735019973368842,0.8833529708803234,0.8014268727705113,0.8469996858309771,0.8235833206048571,0.7732379979570991,0.7960042060988434,0.7844559585492229
