,filter_abundance,precision_by_num_reads,recall_by_num_reads,F1_by_num_reads,precision_by_nts,recall_by_nts,F1_by_nts,precision_by_mean_cov,recall_by_mean_cov,F1_by_mean_cov,precision_by_med_cov,recall_by_med_cov,F1_by_med_cov
0,0.0,0.7443104091530904,0.7058615402759759,0.7245762711864406,0.7509016291506032,0.679954954954955,0.7136694048815082,0.7509016291506032,0.679954954954955,0.7136694048815082,0.627160800895411,0.7920527721061724,0.7000277623542477
1,0.01,0.7749000521467061,0.7169507880347379,0.744799933171832,0.773857118025378,0.7199223803363519,0.7459160593113848,0.7642968885798713,0.6987128555537899,0.7300348663456749,0.6648705023466017,0.7361431870669746,0.6986939446524797
2,0.02,0.8653146125845034,0.6087433693067495,0.7146998818855362,0.8166921564343457,0.6886514369933677,0.7472263868065968,0.80380161677955,0.6637200072163089,0.7270750988142293,0.7410296411856474,0.6390134529147982,0.6862509029617143
3,0.03,0.8494539781591264,0.6577410912019328,0.7414047429933054,0.8481539261570463,0.6638176638176638,0.7447488584474886,0.8755662941709453,0.5753125620162731,0.6943712574850299,0.7453941407429779,0.6265549631886266,0.6808275862068965
4,0.04,0.878888553307158,0.6362046348928727,0.7381103360811667,0.8791905768649955,0.6448825875055383,0.7440255591054313,0.8844323589394969,0.558968850698174,0.6850072396998816,0.7773985589685248,0.574068888266592,0.6604381443298969
5,0.05,0.8976886471787899,0.6224369549846807,0.735142658315936,0.8953093133922502,0.6295411089866156,0.739264664608476,0.9014031095942359,0.5474435743896822,0.6811864163920333,0.7773985589685248,0.574068888266592,0.6604381443298969
6,0.06,0.9169510807736063,0.6099899091826438,0.7326162702620815,0.9169510807736063,0.6190476190476191,0.7391104997707474,0.9141181399245916,0.5349350330963472,0.6749149396845036,0.796448087431694,0.5361741263028816,0.640894100403078
7,0.07,0.9291998324256389,0.5957561106634435,0.7260229132569558,0.9266862170087976,0.6033824331696672,0.7308772509499423,0.918943533697632,0.5244282744282744,0.6677696889477167,0.7865497076023392,0.5419744795164539,0.6417495029821074
8,0.08,0.9367030965391621,0.5858729706636286,0.7208691081128438,0.9344262295081968,0.5939218523878437,0.7262431428065829,0.906648451730419,0.5468277945619335,0.6821997601507623,0.7865497076023392,0.5419744795164539,0.6417495029821074
9,0.09,0.9405458089668616,0.5806257521058965,0.7180059523809523,0.9381091617933723,0.5890452876376989,0.7236842105263158,0.9108187134502924,0.5409551374819103,0.6787724714000363,0.7912270960577457,0.516491482421167,0.625
10,0.1,0.9425587467362925,0.5724706628607675,0.712312549329124,0.9446475195822455,0.5837366892545982,0.7215795771838851,0.9138381201044387,0.532724505327245,0.673076923076923,0.780862374483166,0.5151987529228371,0.6208030054003287
