,filter_abundance,precision_by_num_reads,recall_by_num_reads,F1_by_num_reads,precision_by_nts,recall_by_nts,F1_by_nts,precision_by_mean_cov,recall_by_mean_cov,F1_by_mean_cov,precision_by_med_cov,recall_by_med_cov,F1_by_med_cov
0,0.0,0.9969730763103394,0.7172492836676218,0.834288761498467,0.9984068822685996,0.6953289692666149,0.8197514715500327,0.9984068822685996,0.6953289692666149,0.8197514715500327,0.9654293452286123,0.7854828256642904,0.8662092624356774
1,0.01,0.9001115182411981,0.9101159793814433,0.9050861033239889,0.8959694121395572,0.9138771530711732,0.9048346874748614,0.890871435399076,0.8893129770992366,0.8900915240748111,0.8086665604588179,0.9078876766231443,0.8554095045500506
2,0.02,0.9306025054682839,0.8576140736668499,0.8926187297348845,0.9288128852654604,0.864679748241392,0.8955996548748921,0.9137005368860609,0.829721921271217,0.8696886533547837,0.8435076555975343,0.8468756238770213,0.8451882845188283
3,0.03,0.8872539272221117,0.9015962820771873,0.8943676087392263,0.8822827599920461,0.9075475557373696,0.8947368421052632,0.8657784847882283,0.8638888888888889,0.8648326546826893,0.8003579240405647,0.8748098239513149,0.8359293873312565
4,0.04,0.9224769558024107,0.8559210526315789,0.8879535888977362,0.9217679035688963,0.8670520231213873,0.8935731469813266,0.891515008272276,0.8097896092743667,0.8486893913826078,0.8307728669345309,0.8245367112362186,0.8276430421473981
5,0.05,0.8879697471047033,0.8858759726479604,0.8869216241737488,0.8834790829591114,0.8946864528482528,0.8890474491616127,0.859607657764122,0.8372467771639043,0.8482798833819243,0.7905932403687072,0.8417211877201812,0.8153564899451555
6,0.06,0.8513353817064524,0.9077620967741935,0.8786437370411025,0.8487355235168991,0.9188843398157626,0.882417987467748,0.8260458520444339,0.8566176470588235,0.8410540247864275,0.7716851808083195,0.8511470281543274,0.8094706830296269
7,0.07,0.8935995623632386,0.8756365585633878,0.8845268715310681,0.888129102844639,0.8845001362026695,0.8863109048723898,0.8580415754923414,0.8143821391484943,0.8356419818859884,0.7964989059080962,0.8122733612273362,0.8043087971274686
8,0.08,0.8654266958424508,0.8978433598183881,0.8813370473537604,0.8585886214442013,0.9064395033208201,0.881865430537997,0.8312363238512035,0.8326027397260274,0.8319189707090062,0.7702407002188184,0.8314142308827871,0.7996592361209712
9,0.09,0.8924731182795699,0.8708033573141487,0.8815050826885147,0.8903225806451613,0.8843454379005188,0.8873239436619719,0.8543778801843318,0.8019031141868512,0.8273092369477911,0.7874039938556068,0.803448275862069,0.7953452288595813
10,0.1,0.8703533026113671,0.8939728621016093,0.8820049813200498,0.8639016897081413,0.9041800643086817,0.8835820895522388,0.8307219662058372,0.8191457134201757,0.8248932275777914,0.7622119815668202,0.8174629324546953,0.7888712241653418
