,filter_abundance,precision_by_num_reads,recall_by_num_reads,F1_by_num_reads,precision_by_nts,recall_by_nts,F1_by_nts,precision_by_mean_cov,recall_by_mean_cov,F1_by_mean_cov,precision_by_med_cov,recall_by_med_cov,F1_by_med_cov
0,0.0,0.9969250687813562,0.6993642143505904,0.8220457730032694,0.9982197766628904,0.6777277222283266,0.8073298429319371,0.9982197766628904,0.6777277222283266,0.8073298429319371,0.9491827156497815,0.7704939569101419,0.8505547095932129
1,0.01,0.9022495549441657,0.8853422264570431,0.8937159345944212,0.8999838161514808,0.8910431020669765,0.8954911433172301,0.8920537303770837,0.8621930236195839,0.876869233216672,0.7965690241139343,0.8844564240790656,0.8382152588555858
2,0.02,0.937268613739202,0.8255434782608696,0.8778655365054905,0.9368572603866722,0.8337909573494418,0.882324455205811,0.9218428630193336,0.797508896797153,0.8551803091013166,0.8591114767585356,0.8102812803103783,0.8339822302086454
3,0.03,0.9006581653640477,0.8784353059177532,0.8894079415050269,0.8994241053064582,0.8854019032192751,0.8923579226609528,0.8780337309749074,0.8373872106708513,0.8572289156626506,0.7932949403537639,0.8529411764705882,0.8220375106564365
4,0.04,0.8595228301110655,0.9106559163216387,0.8843508623426092,0.8539695598519128,0.9159497021839841,0.883874401277275,0.8387494858083093,0.8674750053180175,0.852870438147025,0.7661456190867956,0.8685008160410352,0.8141186755545843
5,0.05,0.9054121151936445,0.855902370335602,0.8799613946193752,0.9019364448857994,0.8645882912898619,0.8828675577156743,0.8785998013902682,0.8076220903696942,0.841617122473246,0.8152929493545183,0.8070779061194396,0.8111646288748919
6,0.06,0.8743793445878848,0.8853695324283559,0.8798401199100673,0.8689175769612711,0.8921743563599286,0.8803924034712615,0.8495531281032771,0.8321984435797666,0.8407862407862409,0.7651439920556107,0.8322981366459627,0.7973095330487647
7,0.07,0.8413604766633564,0.9076057846813069,0.8732285493429528,0.836395233366435,0.9152404237978811,0.8740433259826177,0.8192651439920556,0.8516129032258064,0.8351259015563711,0.743545183714002,0.8422384701912261,0.7898206751054851
8,0.08,0.8842350203606748,0.8621667612024957,0.8730614589316485,0.881326352530541,0.8731988472622478,0.8772437753329474,0.8586387434554974,0.8061168760240306,0.831549295774648,0.7809773123909249,0.797209026128266,0.7890096973258889
9,0.09,0.8624200116346713,0.8879904162923031,0.8750184447395603,0.8554392088423503,0.8958269875114225,0.8751673858056837,0.8318789994182665,0.8242074927953891,0.8280254777070063,0.7454915648632926,0.818849840255591,0.7804506699147382
10,0.1,0.8362420011634671,0.9069400630914827,0.8701573849878935,0.8315881326352531,0.918111753371869,0.8727106227106227,0.8103548574752764,0.8450106157112527,0.8273199703043801,0.7303664921465969,0.8314569536423841,0.7776401362650975
