,filter_abundance,precision_by_num_reads,recall_by_num_reads,F1_by_num_reads,precision_by_nts,recall_by_nts,F1_by_nts,precision_by_mean_cov,recall_by_mean_cov,F1_by_mean_cov,precision_by_med_cov,recall_by_med_cov,F1_by_med_cov
0,0.0,0.7325112107623318,0.7365573216097396,0.7345286942836265,0.7384529147982063,0.7198120423997377,0.7290133362846549,0.7384529147982063,0.7198120423997377,0.7290133362846549,0.6931614349775784,0.7829555527415474,0.7353273473271094
1,0.01,0.7970170971262277,0.6952244962716166,0.7426489280569443,0.7964714441615133,0.7008642765685019,0.7456155286906181,0.7891960712986541,0.67796875,0.7293662800470667,0.7586395052746453,0.6928571428571428,0.7242576836256295
2,0.02,0.8209437621202327,0.6908431550317317,0.7502953918865696,0.8218056453350571,0.6976403877812328,0.7546497823506133,0.8088773971126912,0.6676151520540636,0.7314886983632112,0.7812971342383107,0.6829911471086834,0.7288442211055276
3,0.03,0.8830522532485485,0.6390556222488996,0.7414973882762623,0.8824993088194636,0.6461538461538462,0.7460558606988431,0.8689521703068842,0.6162745098039216,0.7211196512561661,0.8371578656345038,0.6265259673080902,0.7166863905325443
4,0.04,0.8988040478380864,0.6373124592302675,0.7458015267175573,0.8988040478380864,0.6463065049614113,0.7519240636223705,0.8785648574057038,0.6093151850276478,0.7195780484741932,0.84360625574977,0.6187584345479082,0.7138964577656676
5,0.05,0.9093351242444594,0.6349355216881595,0.7477564545078007,0.9089993284083278,0.6440637639781108,0.7539339924801559,0.9059459459459459,0.5734489051094891,0.7023327280346418,0.8695495495495495,0.5856796116504854,0.6999274836838288
6,0.06,0.9254250386398764,0.6016076362722934,0.729182523976252,0.9246522411128284,0.6098369011213048,0.7349508599508601,0.9057187017001546,0.5697617890131259,0.699492688749627,0.8713292117465224,0.5813353957205465,0.6973867326426472
7,0.07,0.9361351462711166,0.6074866310160428,0.7368250364845144,0.9348990523279769,0.6162411732753938,0.7428384350957603,0.9130613926658426,0.5717234262125903,0.7031572267174362,0.8726823238566132,0.5809105869445969,0.6975135847192492
8,0.08,0.9401408450704225,0.6054421768707483,0.736551724137931,0.9375,0.6136560069144339,0.741772592721574,0.9132922535211268,0.5664755664755665,0.6992417860151644,0.8764568764568764,0.5511580181764878,0.6767458603311735
9,0.09,0.945124938755512,0.5773720442981143,0.7168338907469342,0.9431651151396374,0.5861753958587089,0.7230046948356809,0.9137529137529138,0.564678766925958,0.6980056980056981,0.8652621264086232,0.5556954059156702,0.6767579996167847
10,0.1,0.9462809917355371,0.5784654246921377,0.7180090143053105,0.9457644628099173,0.5878009630818619,0.7250049495149474,0.922004132231405,0.5412371134020618,0.6820787160871226,0.8713842975206612,0.5509470934030045,0.6750700280112044
