,filter_abundance,precision_by_num_reads,recall_by_num_reads,F1_by_num_reads,precision_by_nts,recall_by_nts,F1_by_nts,precision_by_mean_cov,recall_by_mean_cov,F1_by_mean_cov,precision_by_med_cov,recall_by_med_cov,F1_by_med_cov
0,0.0,0.7276285170298287,0.7685174840799911,0.7475142624286879,0.7321768563570975,0.7575790740943417,0.7446613952988006,0.7321768563570975,0.7575790740943417,0.7446613952988006,0.7029828643960229,0.8013021461297324,0.7489294568402074
1,0.01,0.7688475589505148,0.732826843937955,0.7504051863857375,0.7675190966456327,0.7366911061523749,0.7517891997397528,0.7615410162736632,0.7156679151061174,0.737892196299276,0.7926097891274908,0.6767426494879418,0.7301078143098994
2,0.02,0.8375083130126357,0.6788858939802336,0.7499007542675665,0.8366215916648193,0.6850608095843166,0.7532934131736527,0.8244291731323432,0.6584631728045326,0.7321586770351413,0.81024163156728,0.6708883994126285,0.7340094386986645
3,0.03,0.8871542043275815,0.6408785120696479,0.7441700172314762,0.8877019994522048,0.6491087522531545,0.7498843128181398,0.8674335798411394,0.6157884503208244,0.7202638162383443,0.8531909066009312,0.6213844005585478,0.7190674053554941
4,0.04,0.8944099378881988,0.6487878137738683,0.7520517284257647,0.8947057083703046,0.6578947368421053,0.7582403810001254,0.895641107222399,0.5915108216011767,0.7124778537079222,0.8749602290804963,0.605193661971831,0.7154936906465461
5,0.05,0.9166951177876408,0.6195200738347947,0.7393638992152004,0.9166951177876408,0.6285112359550562,0.7457297597555895,0.894844656879481,0.5897839783978398,0.7109724671097246,0.8682144076476613,0.5984937632384091,0.7085539147394818
6,0.06,0.9216472303206997,0.6238283177109029,0.7440423654015887,0.924198250728863,0.6352705410821643,0.7529691211401426,0.9091611905682258,0.5632183908045977,0.6955493124353098,0.8867413993042134,0.570079522862823,0.6939948570564212
7,0.07,0.9375,0.6028368794326241,0.7338129496402878,0.9362745098039216,0.611689351481185,0.7399515738498789,0.9060457516339869,0.5625158508749682,0.6941010796432483,0.8852124183006536,0.5687664041994751,0.692553531479706
8,0.08,0.9343629343629344,0.6058414464534075,0.7350658116773541,0.9317889317889317,0.6146010186757216,0.7406649616368287,0.9039039039039038,0.5639721627408993,0.6945772210318115,0.8768768768768769,0.5673050235914515,0.6889113582743511
9,0.09,0.9404873477038426,0.58994708994709,0.7250722543352601,0.9400187441424555,0.5997010463378176,0.7322504106588793,0.9100281162136832,0.5475049337468283,0.6836824502728392,0.8828491096532334,0.5505552308591467,0.6781857451403888
10,0.1,0.9437377690802349,0.5975836431226765,0.7317905918057663,0.9432485322896281,0.6078184110970997,0.7392638036809815,0.9104696673189824,0.551570835803201,0.686969361387966,0.8949515553289138,0.5404989220819217,0.6739631336405529
