,filter_abundance,precision_by_num_reads,recall_by_num_reads,F1_by_num_reads,precision_by_nts,recall_by_nts,F1_by_nts,precision_by_mean_cov,recall_by_mean_cov,F1_by_mean_cov,precision_by_med_cov,recall_by_med_cov,F1_by_med_cov
0,0.0,0.7343857240905971,0.728882833787466,0.7316239316239317,0.7398764584763212,0.7106911328425448,0.7249901922322479,0.7398764584763212,0.7106911328425448,0.7249901922322479,0.6809654541294898,0.7820546505517604,0.7280176103705516
1,0.01,0.8073272589217919,0.6754009845958393,0.735495028102032,0.8061883067577829,0.6804999198846339,0.7380311060908854,0.7989749430523918,0.6583763491318629,0.7218934911242603,0.7429764616552772,0.7033243486073675,0.7226068494415213
2,0.02,0.8322056833558863,0.6684782608695652,0.7414104882459313,0.8333333333333334,0.676368295808164,0.7466909164393252,0.8191249436175011,0.6462633451957296,0.7224985080564948,0.7760487144790257,0.6675072744907856,0.7176973615601209
3,0.03,0.8605371900826446,0.6684052156469408,0.7523992322456814,0.8605371900826446,0.6746304920024296,0.7563273181250708,0.8445247933884298,0.6414280109846999,0.7290969899665553,0.8261502620850321,0.6273772666961521,0.7131724484665661
4,0.04,0.9093272668183295,0.609718893005012,0.729976519697365,0.9090022749431265,0.6170306640194132,0.7350854139290407,0.891777705557361,0.5837055945543501,0.7055798405759834,0.8440038999025025,0.6055024481231056,0.7051316861254412
5,0.05,0.9221238938053097,0.6113588359540014,0.7352526107818232,0.9192920353982301,0.6180390290337935,0.7391489967269106,0.9008849557522124,0.5807850296668188,0.7062578049118913,0.8541592920353982,0.5930203981322192,0.7000290107339715
6,0.06,0.9234577303884235,0.6096028154851685,0.734403391883707,0.9230769230769231,0.6178944685189905,0.7402656894182317,0.9036557501904037,0.5770914396887159,0.7043633125556545,0.8653690186536902,0.5762894950040508,0.6918463284162749
7,0.07,0.929845904298459,0.6140867702196037,0.7396774193548387,0.9274128142741281,0.6212985601738658,0.7441028143809989,0.9083536090835361,0.5780645161290323,0.7065131682699889,0.8633975481611208,0.5545556805399325,0.6753424657534246
8,0.08,0.9437993497445425,0.5762904140669314,0.7156189469977109,0.9433348815606131,0.5853025936599424,0.7223901831762405,0.908493870402802,0.5666302566903332,0.6979482004709049,0.8588016720854621,0.5489904988123515,0.6698061945299764
9,0.09,0.9480392156862745,0.5792153339323151,0.7190927681725227,0.9465686274509804,0.5881815412732257,0.7255307157617885,0.921078431372549,0.5414985590778097,0.682032667876588,0.8485294117647059,0.5530351437699681,0.66963249516441
10,0.1,0.947286012526096,0.5725552050473186,0.7137239480928037,0.9478079331941545,0.5831727681438664,0.7220675944333996,0.9180584551148225,0.5335153169548074,0.6748513332054479,0.848643006263048,0.5384105960264901,0.6588330632090762
