,filter_abundance,precision_by_num_reads,recall_by_num_reads,F1_by_num_reads,precision_by_nts,recall_by_nts,F1_by_nts,precision_by_mean_cov,recall_by_mean_cov,F1_by_mean_cov,precision_by_med_cov,recall_by_med_cov,F1_by_med_cov
0,0.0,0.991858407079646,0.6672222883676628,0.7977792013666453,0.9939823008849558,0.6361576801087448,0.7757977621218399,0.9939823008849558,0.6361576801087448,0.7757977621218399,0.8746902654867257,0.7798642890957866,0.8245599399349296
1,0.01,0.9113274336283186,0.846875,0.877919863597613,0.9093805309734513,0.8492561983471074,0.8782905982905982,0.9058407079646018,0.8277535177098496,0.8650384517873743,0.775929203539823,0.8484613895877685,0.810575945271332
2,0.02,0.8435398230088496,0.8945195195195195,0.8682820185826198,0.840353982300885,0.8982217177449867,0.8683247988295537,0.8369911504424778,0.8704214982514265,0.8533790489939547,0.6994690265486726,0.8807666592377981,0.7797178652461281
3,0.03,0.9256276646139271,0.8094449047224523,0.8636464088397791,0.9234959734722881,0.8168866540959564,0.8669260700389105,0.9059687351965893,0.7758620689655172,0.8358828671328671,0.7555660824253908,0.800903841325634,0.7775746496039001
4,0.04,0.8910468972051161,0.8490182802979012,0.8695250202241999,0.8882046423495974,0.8561643835616438,0.8718902580795166,0.874230222643297,0.8108523725834798,0.8413494415317985,0.7020369493131218,0.8281642917015927,0.7599025765927446
5,0.05,0.8550450023685457,0.8764263170672494,0.8656036446469249,0.8495973472288015,0.8828451882845189,0.8659022329511166,0.8384651823780199,0.8343153429177469,0.8363851151801536,0.7020369493131218,0.8281642917015927,0.7599025765927446
6,0.06,0.8230696352439603,0.9025974025974026,0.8610009910802775,0.8157271435338702,0.9082278481012658,0.8594958822061392,0.806016106110848,0.855455002513826,0.8300000000000001,0.7489736070381232,0.774408732565191,0.7614788312462731
7,0.07,0.8929618768328446,0.8427899252698589,0.8671507902605724,0.8900293255131965,0.8530073074761102,0.8711251435132032,0.8636363636363636,0.7868020304568528,0.8234307283657206,0.704692082111437,0.8042168674698795,0.7511722413254142
8,0.08,0.8659824046920821,0.8664906103286385,0.8662364329715457,0.8607038123167156,0.8753355204294662,0.8679580068017151,0.8360703812316715,0.8067345783814375,0.8211405529953917,0.7035190615835777,0.8053037932192011,0.7509782438566285
9,0.09,0.8390029325513196,0.8871317829457365,0.8623963828183875,0.830791788856305,0.8936908517350157,0.8610942249240122,0.8108504398826979,0.8256195879366975,0.8181683681017902,0.6618768328445748,0.8222222222222222,0.7333874898456538
10,0.1,0.8114369501466275,0.9042483660130719,0.8553323029366305,0.8049853372434017,0.9137816245006658,0.8559401309635174,0.7856304985337244,0.8419233186675047,0.8128033980582523,0.6933475631447883,0.7622213531482206,0.7261549925484352
