,filter_abundance,precision_by_num_reads,recall_by_num_reads,F1_by_num_reads,precision_by_nts,recall_by_nts,F1_by_nts,precision_by_mean_cov,recall_by_mean_cov,F1_by_mean_cov,precision_by_med_cov,recall_by_med_cov,F1_by_med_cov
0,0.0,0.8794579172610556,0.7644141351518909,0.8179104477611939,0.9237577952122309,0.9630872483221476,0.9430126296334326,0.9237577952122309,0.9630872483221476,0.9430126296334326,0.02615167974250654,0.9848484848484849,0.05095042132079169
1,0.01,0.8794579172610556,0.7644141351518909,0.8179104477611939,0.9650499286733238,0.6268241834607367,0.7600056171885972,0.9434330299089727,0.6828235294117647,0.7922467922467923,0.0,0.0,0.0
2,0.02,0.8794579172610556,0.7644141351518909,0.8179104477611939,0.8755349500713266,0.7727415801070192,0.820932954355459,0.9283166904422254,0.6566599394550958,0.7692080378250591,0.0,0.0,0.0
3,0.03,0.8794579172610556,0.7644141351518909,0.8179104477611939,0.8755349500713266,0.7727415801070192,0.820932954355459,0.9029957203994294,0.67827484596839,0.7746672785681507,0.0,0.0,0.0
4,0.04,0.8794579172610556,0.7644141351518909,0.8179104477611939,0.8755349500713266,0.7727415801070192,0.820932954355459,0.8941900731050404,0.658356940509915,0.7583618861151901,0.0,0.0,0.0
5,0.05,0.8794579172610556,0.7644141351518909,0.8179104477611939,0.8755349500713266,0.7727415801070192,0.820932954355459,0.883768352365416,0.6464797136038186,0.7467263955892488,0.0,0.0,0.0
6,0.06,0.8794579172610556,0.7644141351518909,0.8179104477611939,0.8755349500713266,0.7727415801070192,0.820932954355459,0.8666394779771615,0.6659354434346599,0.7531454899875951,0.0,0.0,0.0
7,0.07,0.7919611307420494,0.7412153782554775,0.7657484518471066,0.8743882544861338,0.7099337748344371,0.783625730994152,0.8506382978723405,0.6562705187130663,0.7409191994069682,0.0,0.0,0.0
8,0.08,0.7919611307420494,0.7412153782554775,0.7657484518471066,0.8604255319148936,0.7013527575442248,0.7727880756736097,0.8356890459363958,0.6492793411118737,0.7307840865198918,0.0,0.0,0.0
9,0.09,0.7919611307420494,0.7412153782554775,0.7657484518471066,0.8495370370370371,0.6636528028933092,0.7451776649746192,0.816696113074205,0.6622492836676218,0.7314082278481012,0.0,0.0,0.0
10,0.1,0.7919611307420494,0.7412153782554775,0.7657484518471066,0.7875,0.728167808219178,0.7566725978647686,0.8078703703703703,0.6518490847964139,0.721521604300186,0.0,0.0,0.0
