,filter_abundance,precision_by_num_reads,recall_by_num_reads,F1_by_num_reads,precision_by_nts,recall_by_nts,F1_by_nts,precision_by_mean_cov,recall_by_mean_cov,F1_by_mean_cov,precision_by_med_cov,recall_by_med_cov,F1_by_med_cov
0,0.0,0.8469347910972277,0.7824675324675324,0.8134258391149446,0.9207742516317803,0.955394675385334,0.9377650429799427,0.9207742516317803,0.955394675385334,0.9377650429799427,0.020931802835921675,0.9893617021276596,0.04099625303063699
1,0.01,0.8469347910972277,0.7824675324675324,0.8134258391149446,0.9664193674345959,0.6364103882746207,0.7674418604651162,0.9448491155046826,0.708636836628512,0.8098706704325852,0.0,0.0,0.0
2,0.02,0.8469347910972277,0.7824675324675324,0.8134258391149446,0.8614328614328615,0.7379639838294745,0.7949326999208235,0.9289340101522843,0.6579092920353983,0.7702768334142788,0.0,0.0,0.0
3,0.03,0.8469347910972277,0.7824675324675324,0.8134258391149446,0.8614328614328615,0.7379639838294745,0.7949326999208235,0.9031628270206951,0.6757230499561788,0.7730614973262033,0.0,0.0,0.0
4,0.04,0.8469347910972277,0.7824675324675324,0.8134258391149446,0.8614328614328615,0.7379639838294745,0.7949326999208235,0.9000429000429,0.6449431294189979,0.751432664756447,0.0,0.0,0.0
5,0.05,0.8469347910972277,0.7824675324675324,0.8134258391149446,0.8614328614328615,0.7379639838294745,0.7949326999208235,0.8824538824538825,0.6637625040335592,0.7576427255985266,0.0,0.0,0.0
6,0.06,0.8469347910972277,0.7824675324675324,0.8134258391149446,0.8614328614328615,0.7379639838294745,0.7949326999208235,0.8776174965100046,0.6375929682217715,0.7385940865478755,0.0,0.0,0.0
7,0.07,0.8469347910972277,0.7824675324675324,0.8134258391149446,0.8614328614328615,0.7379639838294745,0.7949326999208235,0.8580735225686366,0.6522815705695083,0.7411575562700965,0.0,0.0,0.0
8,0.08,0.8469347910972277,0.7824675324675324,0.8134258391149446,0.8614328614328615,0.7379639838294745,0.7949326999208235,0.851,0.6278126152711176,0.7225642114200808,0.0,0.0,0.0
9,0.09,0.7613454351308062,0.7271800101988781,0.743870631194575,0.8585388552815263,0.7145623547637491,0.7799619530754597,0.834,0.6420323325635104,0.7255328403653762,0.0,0.0,0.0
10,0.1,0.7613454351308062,0.7271800101988781,0.743870631194575,0.8547784303256807,0.6489663558978517,0.7377880184331798,0.8243459690336359,0.6185897435897436,0.7067978942549783,0.0,0.0,0.0
