,filter_abundance,precision_by_num_reads,recall_by_num_reads,F1_by_num_reads,precision_by_nts,recall_by_nts,F1_by_nts,precision_by_mean_cov,recall_by_mean_cov,F1_by_mean_cov,precision_by_med_cov,recall_by_med_cov,F1_by_med_cov
0,0.0,0.8859040144883791,0.8130193905817175,0.847898309981222,0.9281279397930385,0.9657400156617071,0.9465604912213375,0.9281279397930385,0.9657400156617071,0.9465604912213375,0.0270931326434619,0.993103448275862,0.05274725274725275
1,0.01,0.8859040144883791,0.8130193905817175,0.847898309981222,0.8967571144937128,0.7593163351078733,0.8223334850553785,0.9438575309387263,0.6928872147130511,0.7991311014566829,0.14285714285714285,0.01818181818181818,0.03225806451612903
2,0.02,0.8859040144883791,0.8130193905817175,0.847898309981222,0.8967571144937128,0.7593163351078733,0.8223334850553785,0.9265387160820648,0.6674612634088201,0.7759456838021338,0.14285714285714285,0.01818181818181818,0.03225806451612903
3,0.03,0.8859040144883791,0.8130193905817175,0.847898309981222,0.8967571144937128,0.7593163351078733,0.8223334850553785,0.9033752481800132,0.693069306930693,0.7843700617727337,0.14285714285714285,0.01818181818181818,0.03225806451612903
4,0.04,0.8859040144883791,0.8130193905817175,0.847898309981222,0.8967571144937128,0.7593163351078733,0.8223334850553785,0.8891273247496424,0.6684592632428072,0.7631619339984651,0.14285714285714285,0.01818181818181818,0.03225806451612903
5,0.05,0.8297700685760387,0.7428674611773204,0.7839176829268293,0.8931171409662475,0.7693842645381984,0.8266462480857582,0.8764302059496567,0.6522849843883054,0.7479251423921888,0.14285714285714285,0.01818181818181818,0.03225806451612903
6,0.06,0.8297700685760387,0.7428674611773204,0.7839176829268293,0.8848207475209764,0.7019667170953101,0.782858106968112,0.8543096872616324,0.6688563750373245,0.7502930832356388,0.14285714285714285,0.01818181818181818,0.03225806451612903
7,0.07,0.8297700685760387,0.7428674611773204,0.7839176829268293,0.8761597418313837,0.6910594972955775,0.7726787620064035,0.8483259378781767,0.6590410529614541,0.7417989417989419,0.14285714285714285,0.01818181818181818,0.03225806451612903
8,0.08,0.8297700685760387,0.7428674611773204,0.7839176829268293,0.821912013536379,0.7271706586826348,0.7716441620333598,0.8384094754653131,0.6502624671916011,0.7324464153732447,0.14285714285714285,0.01818181818181818,0.03225806451612903
9,0.09,0.8297700685760387,0.7428674611773204,0.7839176829268293,0.821912013536379,0.7271706586826348,0.7716441620333598,0.8244500846023689,0.6683813443072703,0.7382575757575759,0.14285714285714285,0.01818181818181818,0.03225806451612903
10,0.1,0.8297700685760387,0.7428674611773204,0.7839176829268293,0.821912013536379,0.7271706586826348,0.7716441620333598,0.8157313300927972,0.6611747851002865,0.7303659742828882,0.14285714285714285,0.01818181818181818,0.03225806451612903
