,filter_abundance,precision_by_num_reads,recall_by_num_reads,F1_by_num_reads,precision_by_nts,recall_by_nts,F1_by_nts,precision_by_mean_cov,recall_by_mean_cov,F1_by_mean_cov,precision_by_med_cov,recall_by_med_cov,F1_by_med_cov
0,0.0,0.8572032108153781,0.7295936713412442,0.7882672882672884,0.9188708601911536,0.9571660106506136,0.937627579950102,0.9188708601911536,0.9571660106506136,0.937627579950102,0.022671704823294066,0.9902912621359223,0.04432855280312908
1,0.01,0.8572032108153781,0.7295936713412442,0.7882672882672884,0.959469696969697,0.6465033180193976,0.7724916132967369,0.9334677419354839,0.7156105100463679,0.810148731408574,0.0,0.0,0.0
2,0.02,0.8572032108153781,0.7295936713412442,0.7882672882672884,0.8525559780312632,0.7386530014641288,0.7915277505393215,0.918939393939394,0.6655692729766803,0.7719968178202068,0.0,0.0,0.0
3,0.03,0.8572032108153781,0.7295936713412442,0.7882672882672884,0.8525559780312632,0.7386530014641288,0.7915277505393215,0.9083227714406422,0.6231884057971014,0.7392126525700534,0.0,0.0,0.0
4,0.04,0.8572032108153781,0.7295936713412442,0.7882672882672884,0.8525559780312632,0.7386530014641288,0.7915277505393215,0.8888888888888888,0.6420506560878853,0.745570517363572,0.0,0.0,0.0
5,0.05,0.8572032108153781,0.7295936713412442,0.7882672882672884,0.8525559780312632,0.7386530014641288,0.7915277505393215,0.8788154897494306,0.6184674575184353,0.7260067745577719,0.0,0.0,0.0
6,0.06,0.8572032108153781,0.7295936713412442,0.7882672882672884,0.8525559780312632,0.7386530014641288,0.7915277505393215,0.8665148063781322,0.6373994638069705,0.7345047306429813,0.0,0.0,0.0
7,0.07,0.8572032108153781,0.7295936713412442,0.7882672882672884,0.8525559780312632,0.7386530014641288,0.7915277505393215,0.8605098605098606,0.6261813090654532,0.7248784440842787,0.0,0.0,0.0
8,0.08,0.8572032108153781,0.7295936713412442,0.7882672882672884,0.8525559780312632,0.7386530014641288,0.7915277505393215,0.8460798460798461,0.641970802919708,0.7300269765511517,0.0,0.0,0.0
9,0.09,0.7581945190757657,0.6964461994076999,0.7260097761770002,0.86002886002886,0.6845329249617151,0.7623108079300788,0.8312085670576237,0.6193009118541033,0.7097757456999781,0.0,0.0,0.0
10,0.1,0.7581945190757657,0.6964461994076999,0.7260097761770002,0.845996940336563,0.6638655462184874,0.7439461883408072,0.8143804181540031,0.6314748912613681,0.711358574610245,0.0,0.0,0.0
