,filter_abundance,precision_by_num_reads,recall_by_num_reads,F1_by_num_reads,precision_by_nts,recall_by_nts,F1_by_nts,precision_by_mean_cov,recall_by_mean_cov,F1_by_mean_cov,precision_by_med_cov,recall_by_med_cov,F1_by_med_cov
0,0.0,0.8470103092783505,0.7469090909090909,0.793816425120773,0.9205888913673879,0.9593212459321246,0.9395560614684121,0.9205888913673879,0.9593212459321246,0.9395560614684121,0.02252955610082534,1.0,0.04406631762652705
1,0.01,0.8470103092783505,0.7469090909090909,0.793816425120773,0.961146737080347,0.6519959058341863,0.7769477054429029,0.944172010562052,0.6474392136575272,0.7681448519257328,0.0,0.0,0.0
2,0.02,0.8470103092783505,0.7469090909090909,0.793816425120773,0.843298969072165,0.756566777654458,0.7975819032761311,0.9155035835533761,0.6673082210613143,0.7719465648854962,0.0,0.0,0.0
3,0.03,0.8470103092783505,0.7469090909090909,0.793816425120773,0.843298969072165,0.756566777654458,0.7975819032761311,0.9092783505154639,0.6408020924149956,0.7517899761336516,0.0,0.0,0.0
4,0.04,0.8470103092783505,0.7469090909090909,0.793816425120773,0.843298969072165,0.756566777654458,0.7975819032761311,0.8878350515463918,0.6582084989299908,0.7559691011235955,0.0,0.0,0.0
5,0.05,0.8470103092783505,0.7469090909090909,0.793816425120773,0.843298969072165,0.756566777654458,0.7975819032761311,0.8796992481203008,0.6383183568677792,0.7398177422354473,0.0,0.0,0.0
6,0.06,0.8470103092783505,0.7469090909090909,0.793816425120773,0.843298969072165,0.756566777654458,0.7975819032761311,0.8624502432551968,0.6550218340611353,0.7445589919816723,0.0,0.0,0.0
7,0.07,0.8470103092783505,0.7469090909090909,0.793816425120773,0.843298969072165,0.756566777654458,0.7975819032761311,0.8557237464522233,0.6349596349596349,0.7289945597420914,0.0,0.0,0.0
8,0.08,0.8470103092783505,0.7469090909090909,0.793816425120773,0.843298969072165,0.756566777654458,0.7975819032761311,0.8401135288552507,0.6507878343715646,0.733429692339459,0.0,0.0,0.0
9,0.09,0.7524804177545692,0.7208604302151076,0.7363311190597853,0.8412206988058382,0.7298541826554106,0.7815903020341074,0.8289276807980049,0.6343511450381679,0.7187027027027028,0.0,0.0,0.0
10,0.1,0.7524804177545692,0.7208604302151076,0.7363311190597853,0.8384039900249377,0.6748293857888398,0.7477758007117437,0.8139650872817955,0.6483909415971395,0.7218045112781956,0.0,0.0,0.0
