,filter_abundance,precision_by_num_reads,recall_by_num_reads,F1_by_num_reads,precision_by_nts,recall_by_nts,F1_by_nts,precision_by_mean_cov,recall_by_mean_cov,F1_by_mean_cov,precision_by_med_cov,recall_by_med_cov,F1_by_med_cov
0,0.0,0.8602150537634409,0.8085912823752369,0.8336046890263757,0.9211601307189542,0.9585547290116897,0.9394854702635141,0.9211601307189542,0.9585547290116897,0.9394854702635141,0.02900326797385621,0.993006993006993,0.0563603889660647
1,0.01,0.8602150537634409,0.8085912823752369,0.8336046890263757,0.9644153957879448,0.6262673897665645,0.75939957112223,0.9303663336360884,0.7383469485824123,0.8233087742799733,0.0,0.0,0.0
2,0.02,0.8602150537634409,0.8085912823752369,0.8336046890263757,0.8685548293391431,0.7691318327974277,0.8158253751705321,0.9183467741935484,0.7049264895537787,0.7976068874945279,0.0,0.0,0.0
3,0.03,0.8602150537634409,0.8085912823752369,0.8336046890263757,0.8685548293391431,0.7691318327974277,0.8158253751705321,0.9074074074074074,0.6854086670323642,0.7809375000000001,0.0,0.0,0.0
4,0.04,0.8602150537634409,0.8085912823752369,0.8336046890263757,0.8685548293391431,0.7691318327974277,0.8158253751705321,0.8961343225302616,0.6663763066202091,0.7643630308076602,0.0,0.0,0.0
5,0.05,0.8602150537634409,0.8085912823752369,0.8336046890263757,0.8685548293391431,0.7691318327974277,0.8158253751705321,0.8746583365872705,0.6860643185298622,0.7689667009955372,0.0,0.0,0.0
6,0.06,0.8602150537634409,0.8085912823752369,0.8336046890263757,0.8685548293391431,0.7691318327974277,0.8158253751705321,0.8633153302866639,0.6688123591889282,0.7537178092129126,0.0,0.0,0.0
7,0.07,0.8063811188811189,0.7646083713220058,0.7849393746011487,0.8720398836726215,0.7115254237288136,0.7836475639350383,0.8417116742833403,0.6837664529193385,0.7545623836126628,0.0,0.0,0.0
8,0.08,0.8063811188811189,0.7646083713220058,0.7849393746011487,0.8601398601398601,0.6998577524893315,0.771764705882353,0.8308566433566433,0.6717314487632509,0.7428683079327861,0.0,0.0,0.0
9,0.09,0.8063811188811189,0.7646083713220058,0.7849393746011487,0.8003654636820466,0.7516087516087516,0.7752212389380532,0.8213796253997259,0.6637135474344776,0.7341772151898733,0.0,0.0,0.0
10,0.1,0.8063811188811189,0.7646083713220058,0.7849393746011487,0.8003654636820466,0.7516087516087516,0.7752212389380532,0.8076747373229786,0.6813102119460501,0.7391304347826086,0.0,0.0,0.0
