,filter_abundance,precision_by_num_reads,recall_by_num_reads,F1_by_num_reads,precision_by_nts,recall_by_nts,F1_by_nts,precision_by_mean_cov,recall_by_mean_cov,F1_by_mean_cov,precision_by_med_cov,recall_by_med_cov,F1_by_med_cov
0,0.0,0.8648197596795728,0.8061605476042315,0.8344605475040259,0.9243287225386493,0.9580434324267342,0.9408841494978777,0.9243287225386493,0.9580434324267342,0.9408841494978777,0.023596419853539462,1.0,0.046104928457869634
1,0.01,0.8648197596795728,0.8061605476042315,0.8344605475040259,0.9636181575433912,0.6767463666197844,0.7950977692095843,0.940734055354994,0.741170893576677,0.8291130849794511,0.0,0.0,0.0
2,0.02,0.8648197596795728,0.8061605476042315,0.8344605475040259,0.880760790051207,0.7622665400443178,0.8172407941625658,0.9242323097463284,0.7031488065007618,0.7986732044995674,0.0,0.0,0.0
3,0.03,0.8648197596795728,0.8061605476042315,0.8344605475040259,0.880760790051207,0.7622665400443178,0.8172407941625658,0.9140453547915143,0.6746760259179265,0.7763280521901212,0.0,0.0,0.0
4,0.04,0.8648197596795728,0.8061605476042315,0.8344605475040259,0.880760790051207,0.7622665400443178,0.8172407941625658,0.903429247142294,0.6546700942587832,0.7591917853593905,0.0,0.0,0.0
5,0.05,0.8648197596795728,0.8061605476042315,0.8344605475040259,0.880760790051207,0.7622665400443178,0.8172407941625658,0.885297595585337,0.6752856283824413,0.7661606685996929,0.0,0.0,0.0
6,0.06,0.8648197596795728,0.8061605476042315,0.8344605475040259,0.880760790051207,0.7622665400443178,0.8172407941625658,0.8761024779504409,0.6586675086832965,0.7519826964671953,0.0,0.0,0.0
7,0.07,0.803886925795053,0.7536231884057971,0.7779440051293012,0.8828223435531289,0.7048960429242119,0.7838896140220027,0.8576228475430492,0.6754879259014225,0.7557364914877869,0.0,0.0,0.0
8,0.08,0.803886925795053,0.7536231884057971,0.7779440051293012,0.8710247349823321,0.6926589392342817,0.7716689493249853,0.8445229681978799,0.6613628502248357,0.7418040737148399,0.0,0.0,0.0
9,0.09,0.803886925795053,0.7536231884057971,0.7779440051293012,0.7976958525345622,0.7419631375910845,0.7688207861425717,0.8341013824884793,0.6539017341040463,0.7330903199675982,0.0,0.0,0.0
10,0.1,0.803886925795053,0.7536231884057971,0.7779440051293012,0.7976958525345622,0.7419631375910845,0.7688207861425717,0.8207373271889401,0.6705572289156626,0.7380853709075839,0.0,0.0,0.0
