,filter_abundance,precision_by_num_reads,recall_by_num_reads,F1_by_num_reads,precision_by_nts,recall_by_nts,F1_by_nts,precision_by_mean_cov,recall_by_mean_cov,F1_by_mean_cov,precision_by_med_cov,recall_by_med_cov,F1_by_med_cov
0,0.0,0.8214285714285714,0.7052631578947368,0.7589263728145775,0.9113791295228107,0.9559955995599559,0.9331543624161074,0.9113791295228107,0.9559955995599559,0.9331543624161074,0.01782905086523335,0.9855072463768116,0.035024465619366466
1,0.01,0.8214285714285714,0.7052631578947368,0.7589263728145775,0.9656174334140436,0.5986190333233263,0.7390659747961452,0.9388535031847134,0.67,0.7819628647214856,0.0,0.0,0.0
2,0.02,0.8214285714285714,0.7052631578947368,0.7589263728145775,0.9584221748400853,0.5625782227784731,0.7089905362776026,0.9288135593220339,0.6133674448353054,0.7388289676425269,0.0,0.0,0.0
3,0.03,0.8214285714285714,0.7052631578947368,0.7589263728145775,0.8171641791044776,0.7153523098460103,0.7628763373973626,0.9065375302663439,0.6279771888627977,0.741973840665874,0.0,0.0,0.0
4,0.04,0.8214285714285714,0.7052631578947368,0.7589263728145775,0.8171641791044776,0.7153523098460103,0.7628763373973626,0.900319829424307,0.592423710978604,0.7146181510471757,0.0,0.0,0.0
5,0.05,0.8214285714285714,0.7052631578947368,0.7589263728145775,0.8171641791044776,0.7153523098460103,0.7628763373973626,0.8853944562899787,0.6082021237641889,0.7210766225309312,0.0,0.0,0.0
6,0.06,0.8214285714285714,0.7052631578947368,0.7589263728145775,0.8171641791044776,0.7153523098460103,0.7628763373973626,0.8830034924330618,0.5785659801678108,0.6990783410138249,0.0,0.0,0.0
7,0.07,0.8214285714285714,0.7052631578947368,0.7589263728145775,0.8171641791044776,0.7153523098460103,0.7628763373973626,0.8684516880093132,0.591828639428798,0.7039396083982071,0.0,0.0,0.0
8,0.08,0.8214285714285714,0.7052631578947368,0.7589263728145775,0.8171641791044776,0.7153523098460103,0.7628763373973626,0.8550640279394645,0.6057731958762886,0.7091479604151582,0.0,0.0,0.0
9,0.09,0.8214285714285714,0.7052631578947368,0.7589263728145775,0.8171641791044776,0.7153523098460103,0.7628763373973626,0.8487131198995606,0.5787671232876712,0.6882158310002544,0.0,0.0,0.0
10,0.1,0.8214285714285714,0.7052631578947368,0.7589263728145775,0.8171641791044776,0.7153523098460103,0.7628763373973626,0.832391713747646,0.588809946714032,0.6897269180754226,0.0,0.0,0.0
