,filter_abundance,precision_by_num_reads,recall_by_num_reads,F1_by_num_reads,precision_by_nts,recall_by_nts,F1_by_nts,precision_by_mean_cov,recall_by_mean_cov,F1_by_mean_cov,precision_by_med_cov,recall_by_med_cov,F1_by_med_cov
0,0.0,0.8888182973316391,0.7870604781997187,0.8348500671341191,0.9263930722891566,0.964712801411488,0.9451646979736867,0.9263930722891566,0.964712801411488,0.9451646979736867,0.027673192771084338,0.9865771812080537,0.05383629371909907
1,0.01,0.8888182973316391,0.7870604781997187,0.8348500671341191,0.8859593392630242,0.7952666096378671,0.8381667918858001,0.9407103023187555,0.712855871886121,0.8110843983297482,0.09090909090909091,0.017857142857142856,0.029850746268656716
2,0.02,0.8888182973316391,0.7870604781997187,0.8348500671341191,0.8859593392630242,0.7952666096378671,0.8381667918858001,0.920584498094028,0.6957983193277311,0.792561192397101,0.09090909090909091,0.017857142857142856,0.029850746268656716
3,0.03,0.8888182973316391,0.7870604781997187,0.8348500671341191,0.8859593392630242,0.7952666096378671,0.8381667918858001,0.9034879783271249,0.6844535659312468,0.778864399357758,0.09090909090909091,0.017857142857142856,0.029850746268656716
4,0.04,0.8888182973316391,0.7870604781997187,0.8348500671341191,0.8859593392630242,0.7952666096378671,0.8381667918858001,0.8928571428571429,0.6738361012796079,0.7680372381691233,0.09090909090909091,0.017857142857142856,0.029850746268656716
5,0.05,0.8166144200626959,0.7545257060101376,0.7843432442604441,0.8846886912325286,0.7977656831853337,0.838981774363609,0.8715728715728716,0.695251798561151,0.7734912758123899,0.09090909090909091,0.017857142857142856,0.029850746268656716
6,0.06,0.8166144200626959,0.7545257060101376,0.7843432442604441,0.88558524651863,0.7178157413056742,0.7929233361415332,0.8543470079036507,0.6876704029082097,0.7620006713662304,0.09090909090909091,0.017857142857142856,0.029850746268656716
7,0.07,0.8166144200626959,0.7545257060101376,0.7843432442604441,0.8702978056426333,0.7116308875360461,0.7830072272166403,0.8397335423197492,0.6813990461049284,0.7523257855011409,0.09090909090909091,0.017857142857142856,0.029850746268656716
8,0.08,0.8166144200626959,0.7545257060101376,0.7843432442604441,0.8102815177478581,0.7440989134507306,0.77578125,0.8274173806609547,0.6750998668442078,0.743538038496792,0.09090909090909091,0.017857142857142856,0.029850746268656716
9,0.09,0.8166144200626959,0.7545257060101376,0.7843432442604441,0.8102815177478581,0.7440989134507306,0.77578125,0.8143459915611815,0.6710709318497914,0.7357987037743043,0.09090909090909091,0.017857142857142856,0.029850746268656716
10,0.1,0.7535778175313059,0.7549283154121864,0.7542524619516563,0.8102815177478581,0.7440989134507306,0.77578125,0.7979094076655052,0.6647314949201741,0.7252573238321456,0.09090909090909091,0.017857142857142856,0.029850746268656716
