,filter_abundance,precision_by_num_reads,recall_by_num_reads,F1_by_num_reads,precision_by_nts,recall_by_nts,F1_by_nts,precision_by_mean_cov,recall_by_mean_cov,F1_by_mean_cov,precision_by_med_cov,recall_by_med_cov,F1_by_med_cov
0,0.0,0.8244575936883629,0.7758700696055685,0.7994262491035142,0.912882787750792,0.9528795811518325,0.9324524740461102,0.912882787750792,0.9528795811518325,0.9324524740461102,0.02164730728616684,0.9647058823529412,0.042344435837851795
1,0.01,0.8244575936883629,0.7758700696055685,0.7994262491035142,0.9625246548323472,0.5872442839951865,0.7294469357249626,0.9446153846153846,0.6537876483115302,0.7727436174038116,0.0,0.0,0.0
2,0.02,0.8244575936883629,0.7758700696055685,0.7994262491035142,0.9498364231188658,0.5464240903387704,0.6937475109518121,0.9349112426035503,0.6088631984585742,0.737456242707118,0.0,0.0,0.0
3,0.03,0.8244575936883629,0.7758700696055685,0.7994262491035142,0.8260632497273719,0.7176693510184746,0.7680608365019012,0.9186390532544378,0.627906976744186,0.745945945945946,0.0,0.0,0.0
4,0.04,0.8244575936883629,0.7758700696055685,0.7994262491035142,0.8260632497273719,0.7176693510184746,0.7680608365019012,0.9028599605522682,0.6456276445698167,0.7528782894736843,0.0,0.0,0.0
5,0.05,0.8244575936883629,0.7758700696055685,0.7994262491035142,0.8260632497273719,0.7176693510184746,0.7680608365019012,0.8980370774263904,0.6064064801178203,0.7239560439560438,0.0,0.0,0.0
6,0.06,0.8244575936883629,0.7758700696055685,0.7994262491035142,0.8260632497273719,0.7176693510184746,0.7680608365019012,0.8822246455834242,0.6211132437619962,0.7289930164451454,0.0,0.0,0.0
7,0.07,0.8244575936883629,0.7758700696055685,0.7994262491035142,0.8260632497273719,0.7176693510184746,0.7680608365019012,0.8620501635768811,0.6321471411435425,0.7294117647058823,0.0,0.0,0.0
8,0.08,0.8244575936883629,0.7758700696055685,0.7994262491035142,0.8260632497273719,0.7176693510184746,0.7680608365019012,0.8616577221228384,0.6003323639385126,0.7076395690499511,0.0,0.0,0.0
9,0.09,0.8244575936883629,0.7758700696055685,0.7994262491035142,0.8260632497273719,0.7176693510184746,0.7680608365019012,0.8437686344663089,0.6104400345125108,0.7083854818523155,0.0,0.0,0.0
10,0.1,0.8244575936883629,0.7758700696055685,0.7994262491035142,0.8260632497273719,0.7176693510184746,0.7680608365019012,0.8318425760286225,0.6244404655326768,0.713372538992585,0.0,0.0,0.0
