,filter_abundance,precision_by_num_reads,recall_by_num_reads,F1_by_num_reads,precision_by_nts,recall_by_nts,F1_by_nts,precision_by_mean_cov,recall_by_mean_cov,F1_by_mean_cov,precision_by_med_cov,recall_by_med_cov,F1_by_med_cov
0,0.0,0.8285714285714286,0.7079686780285582,0.7635370094386488,0.9244984160506864,0.9462307484463659,0.9352383495793831,0.9244984160506864,0.9462307484463659,0.9352383495793831,0.020591341077085535,0.975,0.04033092037228542
1,0.01,0.8285714285714286,0.7079686780285582,0.7635370094386488,0.9589568191534844,0.6665676077265973,0.7864656381486675,0.9452757588713125,0.6631673665266946,0.7794817556848228,0.0,0.0,0.0
2,0.02,0.8285714285714286,0.7079686780285582,0.7635370094386488,0.9557951482479784,0.550450170754424,0.6985815602836879,0.9302098584675451,0.6050793650793651,0.7332179265243317,0.0,0.0,0.0
3,0.03,0.8285714285714286,0.7079686780285582,0.7635370094386488,0.8247978436657682,0.7220386974988202,0.7700050327126322,0.9111761835041484,0.622540846948983,0.7396988906497622,0.0,0.0,0.0
4,0.04,0.8285714285714286,0.7079686780285582,0.7635370094386488,0.8247978436657682,0.7220386974988202,0.7700050327126322,0.8892142508540751,0.6363953894516242,0.7418566775244301,0.0,0.0,0.0
5,0.05,0.8285714285714286,0.7079686780285582,0.7635370094386488,0.8247978436657682,0.7220386974988202,0.7700050327126322,0.8900269541778976,0.6027747353048558,0.718763604701785,0.0,0.0,0.0
6,0.06,0.8285714285714286,0.7079686780285582,0.7635370094386488,0.8247978436657682,0.7220386974988202,0.7700050327126322,0.8738544474393531,0.6172886519421172,0.7234992189243473,0.0,0.0,0.0
7,0.07,0.8285714285714286,0.7079686780285582,0.7635370094386488,0.8247978436657682,0.7220386974988202,0.7700050327126322,0.8707403055229143,0.5878619595398651,0.7018707080274685,0.0,0.0,0.0
8,0.08,0.8285714285714286,0.7079686780285582,0.7635370094386488,0.8247978436657682,0.7220386974988202,0.7700050327126322,0.8572267920094007,0.6016494845360825,0.7070511267264356,0.0,0.0,0.0
9,0.09,0.8285714285714286,0.7079686780285582,0.7635370094386488,0.8247978436657682,0.7220386974988202,0.7700050327126322,0.8437132784958872,0.6149892933618843,0.7114193708199158,0.0,0.0,0.0
10,0.1,0.8285714285714286,0.7079686780285582,0.7635370094386488,0.8247978436657682,0.7220386974988202,0.7700050327126322,0.8374920025591811,0.5815193247445579,0.686418458311484,0.0,0.0,0.0
