,filter_abundance,precision_by_num_reads,recall_by_num_reads,F1_by_num_reads,precision_by_nts,recall_by_nts,F1_by_nts,precision_by_mean_cov,recall_by_mean_cov,F1_by_mean_cov,precision_by_med_cov,recall_by_med_cov,F1_by_med_cov
0,0.0,0.8715481171548117,0.7331925378387891,0.7964060409099597,0.9155084932715641,0.9566620562471185,0.9356329613346861,0.9155084932715641,0.9566620562471185,0.9356329613346861,0.022501654533421574,0.9902912621359223,0.04400345125107851
1,0.01,0.8715481171548117,0.7331925378387891,0.7964060409099597,0.9668425018839487,0.6515997968511935,0.7785194174757281,0.9398521505376344,0.7193930041152263,0.8149766899766898,0.0,0.0,0.0
2,0.02,0.8715481171548117,0.7331925378387891,0.7964060409099597,0.8665271966527197,0.7425600573682324,0.7997682950376521,0.9291635267520724,0.6746922024623803,0.7817403708987162,0.0,0.0,0.0
3,0.03,0.8715481171548117,0.7331925378387891,0.7964060409099597,0.8665271966527197,0.7425600573682324,0.7997682950376521,0.9192468619246862,0.6353383458646616,0.7513679890560876,0.0,0.0,0.0
4,0.04,0.8715481171548117,0.7331925378387891,0.7964060409099597,0.8665271966527197,0.7425600573682324,0.7997682950376521,0.903347280334728,0.6564305259957434,0.7603451311850677,0.0,0.0,0.0
5,0.05,0.8715481171548117,0.7331925378387891,0.7964060409099597,0.8665271966527197,0.7425600573682324,0.7997682950376521,0.8963497070752591,0.6346522016592214,0.7431346908275732,0.0,0.0,0.0
6,0.06,0.8715481171548117,0.7331925378387891,0.7964060409099597,0.8665271966527197,0.7425600573682324,0.7997682950376521,0.8828301036502929,0.6547459893048129,0.7518710420264825,0.0,0.0,0.0
7,0.07,0.8715481171548117,0.7331925378387891,0.7964060409099597,0.8665271966527197,0.7425600573682324,0.7997682950376521,0.8716346153846154,0.6323683292640391,0.7329694764503739,0.0,0.0,0.0
8,0.08,0.7723840345199569,0.7036855036855036,0.736436101825662,0.8648535564853557,0.7443284119553475,0.800077414360364,0.8524038461538461,0.6447272727272727,0.7341614906832298,0.0,0.0,0.0
9,0.09,0.7723840345199569,0.7036855036855036,0.736436101825662,0.8625,0.6800606520090978,0.7604917337855023,0.8419421487603306,0.618361153262519,0.7130358705161856,0.0,0.0,0.0
10,0.1,0.7723840345199569,0.7036855036855036,0.736436101825662,0.8491735537190083,0.6510891089108911,0.7370544720914592,0.8264462809917356,0.6299212598425197,0.7149240393208222,0.0,0.0,0.0
