,filter_abundance,precision_by_num_reads,recall_by_num_reads,F1_by_num_reads,precision_by_nts,recall_by_nts,F1_by_nts,precision_by_mean_cov,recall_by_mean_cov,F1_by_mean_cov,precision_by_med_cov,recall_by_med_cov,F1_by_med_cov
0,0.0,0.8200103145951522,0.7647907647907648,0.7914385266301642,0.91254036598493,0.9453582380819626,0.9286594550184856,0.91254036598493,0.9453582380819626,0.9286594550184856,0.018568353067814854,0.9452054794520548,0.03642121931908155
1,0.01,0.8200103145951522,0.7647907647907648,0.7914385266301642,0.9546279491833031,0.6440159167431895,0.7691464083348566,0.9432849364791288,0.6412708204811844,0.7634961439588689,0.0,0.0,0.0
2,0.02,0.8200103145951522,0.7647907647907648,0.7914385266301642,0.9412068076328004,0.5832534356024289,0.7202052091554854,0.9246823956442831,0.6651436031331592,0.7737281700835231,0.0,0.0,0.0
3,0.03,0.8200103145951522,0.7647907647907648,0.7914385266301642,0.8278221208665907,0.7159763313609467,0.7678476996298255,0.9149045899948427,0.6081590675351388,0.7306425041186162,0.0,0.0,0.0
4,0.04,0.8200103145951522,0.7647907647907648,0.7914385266301642,0.8278221208665907,0.7159763313609467,0.7678476996298255,0.8937596699329551,0.6224856321839081,0.7338556002540758,0.0,0.0,0.0
5,0.05,0.8200103145951522,0.7647907647907648,0.7914385266301642,0.8278221208665907,0.7159763313609467,0.7678476996298255,0.8905359179019384,0.5858964741185296,0.7067873303167421,0.0,0.0,0.0
6,0.06,0.8200103145951522,0.7647907647907648,0.7914385266301642,0.8278221208665907,0.7159763313609467,0.7678476996298255,0.8734321550741163,0.6003134796238244,0.711565257779842,0.0,0.0,0.0
7,0.07,0.8200103145951522,0.7647907647907648,0.7914385266301642,0.8278221208665907,0.7159763313609467,0.7678476996298255,0.8608893956670467,0.615321923390383,0.717680608365019,0.0,0.0,0.0
8,0.08,0.8200103145951522,0.7647907647907648,0.7914385266301642,0.8278221208665907,0.7159763313609467,0.7678476996298255,0.8610763454317898,0.5825571549534293,0.6949494949494949,0.0,0.0,0.0
9,0.09,0.8200103145951522,0.7647907647907648,0.7914385266301642,0.8278221208665907,0.7159763313609467,0.7678476996298255,0.8479349186483104,0.5958663148636764,0.6998966942148761,0.0,0.0,0.0
10,0.1,0.8200103145951522,0.7647907647907648,0.7914385266301642,0.8278221208665907,0.7159763313609467,0.7678476996298255,0.8347934918648311,0.6094106898126999,0.7045154475838394,0.0,0.0,0.0
