,filter_abundance,precision_by_num_reads,recall_by_num_reads,F1_by_num_reads,precision_by_nts,recall_by_nts,F1_by_nts,precision_by_mean_cov,recall_by_mean_cov,F1_by_mean_cov,precision_by_med_cov,recall_by_med_cov,F1_by_med_cov
0,0.0,0.8251339503166099,0.7565877623939259,0.7893755824790307,0.918580375782881,0.9510942988381519,0.9345546263108989,0.918580375782881,0.9510942988381519,0.9345546263108989,0.01722338204592902,0.9850746268656716,0.03385483457296743
1,0.01,0.8251339503166099,0.7565877623939259,0.7893755824790307,0.9683390160740379,0.5876441028672775,0.7314201618837379,0.9522591645353794,0.665673420738975,0.7835847071203087,0.0,0.0,0.0
2,0.02,0.8251339503166099,0.7565877623939259,0.7893755824790307,0.9603045133224578,0.5425499231950844,0.6933647428347074,0.9381393083292743,0.6056603773584905,0.7360978406267915,0.0,0.0,0.0
3,0.03,0.8251339503166099,0.7565877623939259,0.7893755824790307,0.8384991843393148,0.701866181156122,0.7641228939544104,0.9206039941548952,0.6233509234828496,0.743362831858407,0.0,0.0,0.0
4,0.04,0.8251339503166099,0.7565877623939259,0.7893755824790307,0.8384991843393148,0.701866181156122,0.7641228939544104,0.9020944958597175,0.6381805651274983,0.7475277497477296,0.0,0.0,0.0
5,0.05,0.8251339503166099,0.7565877623939259,0.7893755824790307,0.8384991843393148,0.701866181156122,0.7641228939544104,0.8972267536704731,0.5930984902947519,0.714131140445791,0.0,0.0,0.0
6,0.06,0.8251339503166099,0.7565877623939259,0.7893755824790307,0.8384991843393148,0.701866181156122,0.7641228939544104,0.8803697661772703,0.6059131736526946,0.7178009310574152,0.0,0.0,0.0
7,0.07,0.8251339503166099,0.7565877623939259,0.7893755824790307,0.8384991843393148,0.701866181156122,0.7641228939544104,0.8651441000543774,0.6193071233943168,0.7218693284936479,0.0,0.0,0.0
8,0.08,0.8251339503166099,0.7565877623939259,0.7893755824790307,0.8384991843393148,0.701866181156122,0.7641228939544104,0.8573127229488704,0.5828617623282134,0.6939364773820982,0.0,0.0,0.0
9,0.09,0.8251339503166099,0.7565877623939259,0.7893755824790307,0.8384991843393148,0.701866181156122,0.7641228939544104,0.8400713436385255,0.5924528301886792,0.6948610769609048,0.0,0.0,0.0
10,0.1,0.8251339503166099,0.7565877623939259,0.7893755824790307,0.8384991843393148,0.701866181156122,0.7641228939544104,0.8234244946492271,0.6024358416702914,0.6958050741019844,0.0,0.0,0.0
