,filter_abundance,precision_by_num_reads,recall_by_num_reads,F1_by_num_reads,precision_by_nts,recall_by_nts,F1_by_nts,precision_by_mean_cov,recall_by_mean_cov,F1_by_mean_cov,precision_by_med_cov,recall_by_med_cov,F1_by_med_cov
0,0.0,0.856078431372549,0.7757640369580668,0.813944817300522,0.9211822660098522,0.952755905511811,0.9367030965391621,0.9211822660098522,0.952755905511811,0.9367030965391621,0.019256605463502014,1.0,0.037785588752196834
1,0.01,0.856078431372549,0.7757640369580668,0.813944817300522,0.9694117647058823,0.6325486182190379,0.7655620935274078,0.9426884334838486,0.700025793139025,0.8034339846062759,0.0,0.0,0.0
2,0.02,0.856078431372549,0.7757640369580668,0.813944817300522,0.8722485973241261,0.7354439592430859,0.7980256663376112,0.9262745098039216,0.6471232876712328,0.7619354838709678,0.0,0.0,0.0
3,0.03,0.856078431372549,0.7757640369580668,0.813944817300522,0.8722485973241261,0.7354439592430859,0.7980256663376112,0.9162710401381097,0.6135838150289017,0.7349835554786222,0.0,0.0,0.0
4,0.04,0.856078431372549,0.7757640369580668,0.813944817300522,0.8722485973241261,0.7354439592430859,0.7980256663376112,0.8994389296504101,0.6328575766778014,0.7429590017825312,0.0,0.0,0.0
5,0.05,0.856078431372549,0.7757640369580668,0.813944817300522,0.8722485973241261,0.7354439592430859,0.7980256663376112,0.8877859300820026,0.6546785486950987,0.7536178787323685,0.0,0.0,0.0
6,0.06,0.856078431372549,0.7757640369580668,0.813944817300522,0.8722485973241261,0.7354439592430859,0.7980256663376112,0.8732989206945097,0.6195073235685752,0.724829600778968,0.0,0.0,0.0
7,0.07,0.856078431372549,0.7757640369580668,0.813944817300522,0.8722485973241261,0.7354439592430859,0.7980256663376112,0.8554669169404036,0.6336461591936045,0.728035143769968,0.0,0.0,0.0
8,0.08,0.7909574468085107,0.729995090819833,0.7592545315292315,0.8705222270176953,0.7385573050164774,0.7991283676703644,0.8497983870967742,0.6110909749909388,0.7109424414927261,0.0,0.0,0.0
9,0.09,0.7909574468085107,0.729995090819833,0.7592545315292315,0.8704637096774194,0.6652542372881356,0.7541484716157206,0.8341733870967742,0.6247640619101548,0.7144398877617095,0.0,0.0,0.0
10,0.1,0.7909574468085107,0.729995090819833,0.7592545315292315,0.8574468085106383,0.6481704865299558,0.7382642546370506,0.8297872340425532,0.612725844461901,0.7049254405784005,0.0,0.0,0.0
