,filter_abundance,precision_by_num_reads,recall_by_num_reads,F1_by_num_reads,precision_by_nts,recall_by_nts,F1_by_nts,precision_by_mean_cov,recall_by_mean_cov,F1_by_mean_cov,precision_by_med_cov,recall_by_med_cov,F1_by_med_cov
0,0.0,0.8710924911376088,0.825595601710446,0.8477340442214207,0.9294093851132686,0.9612970711297071,0.9450843274372687,0.9294093851132686,0.9612970711297071,0.9450843274372687,0.02447411003236246,0.9918032786885246,0.04776944334780893
1,0.01,0.8710924911376088,0.825595601710446,0.8477340442214207,0.9690902704601335,0.6383618695048588,0.7697028874319989,0.9506928778601353,0.6939543636791343,0.8022844710361708,0.0,0.0,0.0
2,0.02,0.8710924911376088,0.825595601710446,0.8477340442214207,0.8823322795925536,0.776987318280235,0.8263157894736842,0.9315068493150684,0.6683467741935484,0.778283198826119,0.0,0.0,0.0
3,0.03,0.8710924911376088,0.825595601710446,0.8477340442214207,0.8823322795925536,0.776987318280235,0.8263157894736842,0.9104320337197049,0.6934189406099518,0.7872437357630979,0.0,0.0,0.0
4,0.04,0.8710924911376088,0.825595601710446,0.8477340442214207,0.8823322795925536,0.776987318280235,0.8263157894736842,0.898021308980213,0.6676096181046676,0.7658607820866461,0.0,0.0,0.0
5,0.05,0.8710924911376088,0.825595601710446,0.8477340442214207,0.8823322795925536,0.776987318280235,0.8263157894736842,0.8838814453917986,0.6477238916988991,0.7475961538461539,0.0,0.0,0.0
6,0.06,0.8094420600858369,0.7641815235008104,0.7861609003751562,0.880927291886196,0.7810650887573964,0.8279960382964674,0.8692651238327244,0.6686445971267958,0.7558693733451016,0.0,0.0,0.0
7,0.07,0.8094420600858369,0.7641815235008104,0.7861609003751562,0.8842874543239951,0.717391304347826,0.7921440261865793,0.8587982832618025,0.6545632973503435,0.7428995730462225,0.0,0.0,0.0
8,0.08,0.8094420600858369,0.7641815235008104,0.7861609003751562,0.873769024171889,0.6733356329768886,0.7605688681083187,0.8487018800358102,0.6479835953520164,0.7348837209302326,0.0,0.0,0.0
9,0.09,0.8094420600858369,0.7641815235008104,0.7861609003751562,0.8105849582172702,0.729933110367893,0.7681478222613286,0.8366159355416294,0.6663101604278074,0.7418138519547529,0.0,0.0,0.0
10,0.1,0.8094420600858369,0.7641815235008104,0.7861609003751562,0.8105849582172702,0.729933110367893,0.7681478222613286,0.8249767873723306,0.6598588934274043,0.733237053847741,0.0,0.0,0.0
