,filter_abundance,precision_by_num_reads,recall_by_num_reads,F1_by_num_reads,precision_by_nts,recall_by_nts,F1_by_nts,precision_by_mean_cov,recall_by_mean_cov,F1_by_mean_cov,precision_by_med_cov,recall_by_med_cov,F1_by_med_cov
0,0.0,0.8706870687068707,0.8204693242861182,0.8448326055312955,0.9243633599391866,0.9637408361402814,0.9436414783199146,0.9243633599391866,0.9637408361402814,0.9436414783199146,0.03192702394526796,0.9940828402366864,0.061867059473393486
1,0.01,0.8706870687068707,0.8204693242861182,0.8448326055312955,0.8791385406621665,0.7859195402298851,0.829919587316037,0.9372937293729373,0.7043968432919955,0.8043254376930999,0.125,0.015625,0.027777777777777776
2,0.02,0.8706870687068707,0.8204693242861182,0.8448326055312955,0.8791385406621665,0.7859195402298851,0.829919587316037,0.92124718739955,0.6978329681032384,0.7941257966195623,0.125,0.015625,0.027777777777777776
3,0.03,0.8706870687068707,0.8204693242861182,0.8448326055312955,0.8791385406621665,0.7859195402298851,0.829919587316037,0.8942462230793957,0.724102030192608,0.8002301164964764,0.125,0.015625,0.027777777777777776
4,0.04,0.8706870687068707,0.8204693242861182,0.8448326055312955,0.8791385406621665,0.7859195402298851,0.829919587316037,0.8791623755578442,0.7078496406854616,0.7842596845812281,0.125,0.015625,0.027777777777777776
5,0.05,0.8185298621745789,0.784011734506784,0.8008990447649372,0.8768884603021536,0.7946402563355666,0.8337408312958435,0.8675665815395841,0.6949152542372882,0.7717020931364595,0.125,0.015625,0.027777777777777776
6,0.06,0.8185298621745789,0.784011734506784,0.8008990447649372,0.8801684532924962,0.71264724116553,0.7875984926344638,0.8491577335375191,0.6830920850015398,0.757125789383854,0.125,0.015625,0.027777777777777776
7,0.07,0.8185298621745789,0.784011734506784,0.8008990447649372,0.863237639553429,0.7042940793754067,0.7757076316732353,0.8301435406698564,0.6737864077669903,0.7438370846730976,0.125,0.015625,0.027777777777777776
8,0.08,0.8185298621745789,0.784011734506784,0.8008990447649372,0.812200956937799,0.7683892870614862,0.7896879240162823,0.8157894736842105,0.6945010183299389,0.7502750275027503,0.125,0.015625,0.027777777777777776
9,0.09,0.8185298621745789,0.784011734506784,0.8008990447649372,0.812200956937799,0.7683892870614862,0.7896879240162823,0.8044831880448319,0.6886993603411514,0.7421022400919013,0.125,0.015625,0.027777777777777776
10,0.1,0.7658340767172168,0.7685765443151298,0.7672028596961573,0.812200956937799,0.7683892870614862,0.7896879240162823,0.7939784946236559,0.6854808763460825,0.7357512953367876,0.125,0.015625,0.027777777777777776
