,filter_abundance,precision_by_num_reads,recall_by_num_reads,F1_by_num_reads,precision_by_nts,recall_by_nts,F1_by_nts,precision_by_mean_cov,recall_by_mean_cov,F1_by_mean_cov,precision_by_med_cov,recall_by_med_cov,F1_by_med_cov
0,0.0,0.8477451386015722,0.7365204888569374,0.7882285054818234,0.9276433691756273,0.953927666436305,0.9406019307211811,0.9276433691756273,0.953927666436305,0.9406019307211811,0.023297491039426525,1.0,0.04553415061295972
1,0.01,0.8477451386015722,0.7365204888569374,0.7882285054818234,0.9567690557451649,0.6434583014537107,0.7694419030192131,0.9358108108108109,0.7153925619834711,0.8108899297423889,0.0,0.0,0.0
2,0.02,0.8477451386015722,0.7365204888569374,0.7882285054818234,0.8431940422010757,0.7473414008067474,0.7923794712286159,0.9169510807736063,0.6653824986241057,0.771168872588104,0.0,0.0,0.0
3,0.03,0.8477451386015722,0.7365204888569374,0.7882285054818234,0.8431940422010757,0.7473414008067474,0.7923794712286159,0.904013239553165,0.6368405712620228,0.7472640218878249,0.0,0.0,0.0
4,0.04,0.8477451386015722,0.7365204888569374,0.7882285054818234,0.8431940422010757,0.7473414008067474,0.7923794712286159,0.8833264377327266,0.6559139784946236,0.752820874471086,0.0,0.0,0.0
5,0.05,0.8477451386015722,0.7365204888569374,0.7882285054818234,0.8431940422010757,0.7473414008067474,0.7923794712286159,0.8792486583184258,0.6341935483870967,0.7368815592203899,0.0,0.0,0.0
6,0.06,0.8477451386015722,0.7365204888569374,0.7882285054818234,0.8431940422010757,0.7473414008067474,0.7923794712286159,0.8627012522361359,0.6516891891891892,0.7424942263279445,0.0,0.0,0.0
7,0.07,0.8477451386015722,0.7365204888569374,0.7882285054818234,0.8431940422010757,0.7473414008067474,0.7923794712286159,0.85741718674988,0.6302046577275935,0.7264592231035184,0.0,0.0,0.0
8,0.08,0.8477451386015722,0.7365204888569374,0.7882285054818234,0.8431940422010757,0.7473414008067474,0.7923794712286159,0.843494959193471,0.6469072164948454,0.7322358824755157,0.0,0.0,0.0
9,0.09,0.7674666666666666,0.7334352701325179,0.7500651550690643,0.8521363418146903,0.6795558958652373,0.7561235356762513,0.8346938775510204,0.6275412351361719,0.7164440551784541,0.0,0.0,0.0
10,0.1,0.7674666666666666,0.7334352701325179,0.7500651550690643,0.8408163265306122,0.6589364254298281,0.7388477919748935,0.8188775510204082,0.640462889066241,0.7187639946260637,0.0,0.0,0.0
