,filter_abundance,precision_by_num_reads,recall_by_num_reads,F1_by_num_reads,precision_by_nts,recall_by_nts,F1_by_nts,precision_by_mean_cov,recall_by_mean_cov,F1_by_mean_cov,precision_by_med_cov,recall_by_med_cov,F1_by_med_cov
0,0.0,0.856492027334852,0.8017057569296375,0.8281938325991188,0.9245240761478164,0.955113373438223,0.9395698190508706,0.9245240761478164,0.955113373438223,0.9395698190508706,0.021052631578947368,0.9791666666666666,0.04121903091427319
1,0.01,0.856492027334852,0.8017057569296375,0.8281938325991188,0.9719058466211086,0.6525618149375478,0.7808448985816685,0.9460552933243426,0.7246900826446281,0.8207078093009653,0.0,0.0,0.0
2,0.02,0.856492027334852,0.8017057569296375,0.8281938325991188,0.8687707641196013,0.7555074033947273,0.8081900714699634,0.9343204252088079,0.6759132106564131,0.7843824701195219,0.0,0.0,0.0
3,0.03,0.856492027334852,0.8017057569296375,0.8281938325991188,0.8687707641196013,0.7555074033947273,0.8081900714699634,0.9194352159468439,0.6419251957089012,0.7560184394741336,0.0,0.0,0.0
4,0.04,0.856492027334852,0.8017057569296375,0.8281938325991188,0.8687707641196013,0.7555074033947273,0.8081900714699634,0.9011627906976745,0.6615853658536586,0.7630098452883264,0.0,0.0,0.0
5,0.05,0.856492027334852,0.8017057569296375,0.8281938325991188,0.8687707641196013,0.7555074033947273,0.8081900714699634,0.8955495004541326,0.6304347826086957,0.7399624765478424,0.0,0.0,0.0
6,0.06,0.856492027334852,0.8017057569296375,0.8281938325991188,0.8687707641196013,0.7555074033947273,0.8081900714699634,0.8764759309718437,0.6454849498327759,0.7434514637904468,0.0,0.0,0.0
7,0.07,0.856492027334852,0.8017057569296375,0.8281938325991188,0.8687707641196013,0.7555074033947273,0.8081900714699634,0.868382710053424,0.6238660153524075,0.7260913705583756,0.0,0.0,0.0
8,0.08,0.856492027334852,0.8017057569296375,0.8281938325991188,0.8679401993355482,0.7577955039883973,0.8091366627951995,0.8547838756677999,0.6402328119316115,0.7321131447587356,0.0,0.0,0.0
9,0.09,0.7854564208354822,0.7339759036144579,0.7588440458395616,0.8737251092763477,0.6861174675819984,0.7686391796624653,0.8442496132026818,0.6198409693297994,0.7148471615720525,0.0,0.0,0.0
10,0.1,0.7854564208354822,0.7339759036144579,0.7588440458395616,0.8581743166580712,0.6618933969769292,0.7473613294408263,0.8277462609592573,0.6316410861865407,0.7165178571428571,0.0,0.0,0.0
