,filter_abundance,precision_by_num_reads,recall_by_num_reads,F1_by_num_reads,precision_by_nts,recall_by_nts,F1_by_nts,precision_by_mean_cov,recall_by_mean_cov,F1_by_mean_cov,precision_by_med_cov,recall_by_med_cov,F1_by_med_cov
0,0.0,0.8080402010050252,0.7524567150210576,0.7792585413133026,0.9155929529318959,0.9477408818726184,0.9313895947572556,0.9155929529318959,0.9477408818726184,0.9313895947572556,0.017091769655535105,0.9701492537313433,0.03359173126614987
1,0.01,0.8080402010050252,0.7524567150210576,0.7792585413133026,0.962363238512035,0.6558305994631674,0.7800638524299397,0.9487964989059081,0.652422509780319,0.7731811697574894,0.0,0.0,0.0
2,0.02,0.8080402010050252,0.7524567150210576,0.7792585413133026,0.9632721202003339,0.5379117464263518,0.6903290129611167,0.9264770240700219,0.6731319554848967,0.7797421731123388,0.0,0.0,0.0
3,0.03,0.8080402010050252,0.7524567150210576,0.7792585413133026,0.8141346688925988,0.7030273906775588,0.7545126353790614,0.9175879396984925,0.6098864395457582,0.7327447833065811,0.0,0.0,0.0
4,0.04,0.8080402010050252,0.7524567150210576,0.7792585413133026,0.8141346688925988,0.7030273906775588,0.7545126353790614,0.8984924623115578,0.6251748251748251,0.737319587628866,0.0,0.0,0.0
5,0.05,0.8080402010050252,0.7524567150210576,0.7792585413133026,0.8141346688925988,0.7030273906775588,0.7545126353790614,0.8842515303283249,0.5805626598465473,0.7009263343625937,0.0,0.0,0.0
6,0.06,0.8080402010050252,0.7524567150210576,0.7792585413133026,0.8141346688925988,0.7030273906775588,0.7545126353790614,0.8670005564830273,0.59375,0.7048179144989822,0.0,0.0,0.0
7,0.07,0.8080402010050252,0.7524567150210576,0.7792585413133026,0.8141346688925988,0.7030273906775588,0.7545126353790614,0.8542014468558708,0.6091269841269841,0.7111419967570071,0.0,0.0,0.0
8,0.08,0.8080402010050252,0.7524567150210576,0.7792585413133026,0.8141346688925988,0.7030273906775588,0.7545126353790614,0.8480243161094225,0.5757325629385059,0.6858407079646018,0.0,0.0,0.0
9,0.09,0.8080402010050252,0.7524567150210576,0.7792585413133026,0.8141346688925988,0.7030273906775588,0.7545126353790614,0.8346504559270517,0.5892703862660944,0.6908176100628931,0.0,0.0,0.0
10,0.1,0.8080402010050252,0.7524567150210576,0.7792585413133026,0.8141346688925988,0.7030273906775588,0.7545126353790614,0.8206686930091185,0.6010685663401603,0.6939090208172706,0.0,0.0,0.0
