,filter_abundance,precision_by_num_reads,recall_by_num_reads,F1_by_num_reads,precision_by_nts,recall_by_nts,F1_by_nts,precision_by_mean_cov,recall_by_mean_cov,F1_by_mean_cov,precision_by_med_cov,recall_by_med_cov,F1_by_med_cov
0,0.0,0.814025974025974,0.7211228716060746,0.764763299170327,0.9131890777949511,0.949384038564542,0.9309348739495799,0.9131890777949511,0.949384038564542,0.9309348739495799,0.0211231324059763,0.9761904761904762,0.04135148764498235
1,0.01,0.814025974025974,0.7211228716060746,0.764763299170327,0.9569080408707241,0.6309314586994728,0.7604589585172109,0.941803642825411,0.6262924667651403,0.7523066004258339,0.0,0.0,0.0
2,0.02,0.814025974025974,0.7211228716060746,0.764763299170327,0.9506493506493506,0.559461938245185,0.7043879907621247,0.9147045757441137,0.6428348423353106,0.755042170883755,0.0,0.0,0.0
3,0.03,0.814025974025974,0.7211228716060746,0.764763299170327,0.8233236151603499,0.6641580432737535,0.7352252017703723,0.907012987012987,0.5722713864306784,0.7017684887459807,0.0,0.0,0.0
4,0.04,0.814025974025974,0.7211228716060746,0.764763299170327,0.8233236151603499,0.6641580432737535,0.7352252017703723,0.8888311688311689,0.5869639794168096,0.7070247933884298,0.0,0.0,0.0
5,0.05,0.814025974025974,0.7211228716060746,0.764763299170327,0.8233236151603499,0.6641580432737535,0.7352252017703723,0.8753246753246753,0.6035100286532952,0.7144371422514311,0.0,0.0,0.0
6,0.06,0.814025974025974,0.7211228716060746,0.764763299170327,0.8233236151603499,0.6641580432737535,0.7352252017703723,0.8769679300291545,0.5614035087719298,0.6845698680018206,0.0,0.0,0.0
7,0.07,0.814025974025974,0.7211228716060746,0.764763299170327,0.8233236151603499,0.6641580432737535,0.7352252017703723,0.8635568513119534,0.5755926933540614,0.6907649253731344,0.0,0.0,0.0
8,0.08,0.814025974025974,0.7211228716060746,0.764763299170327,0.8233236151603499,0.6641580432737535,0.7352252017703723,0.8495626822157435,0.5886868686868687,0.6954653937947495,0.0,0.0,0.0
9,0.09,0.814025974025974,0.7211228716060746,0.764763299170327,0.8233236151603499,0.6641580432737535,0.7352252017703723,0.8507367072389493,0.5563468789275241,0.6727456940222898,0.0,0.0,0.0
10,0.1,0.814025974025974,0.7211228716060746,0.764763299170327,0.8233236151603499,0.6641580432737535,0.7352252017703723,0.8366431774503523,0.5680730752501087,0.6766839378238342,0.0,0.0,0.0
