,filter_abundance,precision_by_num_reads,recall_by_num_reads,F1_by_num_reads,precision_by_nts,recall_by_nts,F1_by_nts,precision_by_mean_cov,recall_by_mean_cov,F1_by_mean_cov,precision_by_med_cov,recall_by_med_cov,F1_by_med_cov
0,0.0,0.8806712243629583,0.8118017759954168,0.8448352958712179,0.9253472222222222,0.9611300340613104,0.9428992628992628,0.9253472222222222,0.9611300340613104,0.9428992628992628,0.02507716049382716,0.9774436090225563,0.0488997555012225
1,0.01,0.8806712243629583,0.8118017759954168,0.8448352958712179,0.9626136746379252,0.639087656529517,0.7681763203870449,0.939714108141703,0.6874289611275289,0.7940133910988578,0.0,0.0,0.0
2,0.02,0.8806712243629583,0.8118017759954168,0.8448352958712179,0.8922196025597844,0.7696106914584544,0.8263921385119325,0.931963624115864,0.678186274509804,0.7850758972903957,0.0,0.0,0.0
3,0.03,0.8806712243629583,0.8118017759954168,0.8448352958712179,0.8922196025597844,0.7696106914584544,0.8263921385119325,0.9226298583363604,0.6649214659685864,0.7728586642324662,0.0,0.0,0.0
4,0.04,0.8806712243629583,0.8118017759954168,0.8448352958712179,0.8922196025597844,0.7696106914584544,0.8263921385119325,0.9026516527424627,0.6900860871980006,0.7821844507396916,0.0,0.0,0.0
5,0.05,0.8369081343585593,0.7670623145400594,0.8004644861621831,0.8905355338497811,0.779021803182086,0.831054534024831,0.8846597462514417,0.6745822339489885,0.7654690618762475,0.0,0.0,0.0
6,0.06,0.8369081343585593,0.7670623145400594,0.8004644861621831,0.9044921084581141,0.6999686814907611,0.7891949152542374,0.8753541076487252,0.6675925925925926,0.7574855541936614,0.0,0.0,0.0
7,0.07,0.8369081343585593,0.7670623145400594,0.8004644861621831,0.8390512494705633,0.7558183899275086,0.795262946607788,0.8627700127064803,0.6596502590673575,0.747660121123142,0.0,0.0,0.0
8,0.08,0.8369081343585593,0.7670623145400594,0.8004644861621831,0.8390512494705633,0.7558183899275086,0.795262946607788,0.8462515883100381,0.6775178026449644,0.752542372881356,0.0,0.0,0.0
9,0.09,0.8369081343585593,0.7670623145400594,0.8004644861621831,0.8390512494705633,0.7558183899275086,0.795262946607788,0.8349471830985915,0.672695035460993,0.7450903377847604,0.0,0.0,0.0
10,0.1,0.8369081343585593,0.7670623145400594,0.8004644861621831,0.8390512494705633,0.7558183899275086,0.795262946607788,0.8228078146297138,0.6704924102184376,0.7388820889432884,0.0,0.0,0.0
