,filter_abundance,precision_by_num_reads,recall_by_num_reads,F1_by_num_reads,precision_by_nts,recall_by_nts,F1_by_nts,precision_by_mean_cov,recall_by_mean_cov,F1_by_mean_cov,precision_by_med_cov,recall_by_med_cov,F1_by_med_cov
0,0.0,0.8236870310825295,0.6995903504779244,0.7565838050701452,0.9139038807504497,0.9444887118193891,0.928944618599791,0.9139038807504497,0.9444887118193891,0.928944618599791,0.021845283988691854,0.9770114942528736,0.042735042735042736
1,0.01,0.8236870310825295,0.6995903504779244,0.7565838050701452,0.9625719769673704,0.5855224751897257,0.7281306715063521,0.9441201000834029,0.6652953276520717,0.780555076710912,0.0,0.0,0.0
2,0.02,0.8236870310825295,0.6995903504779244,0.7565838050701452,0.9555198285101822,0.5429354445797807,0.6924271844660195,0.9285028790786948,0.6009316770186336,0.7296380090497737,0.0,0.0,0.0
3,0.03,0.8236870310825295,0.6995903504779244,0.7565838050701452,0.8210075026795284,0.7099165894346617,0.7614314115308151,0.9054702495201535,0.6144578313253012,0.7321047526673132,0.0,0.0,0.0
4,0.04,0.8236870310825295,0.6995903504779244,0.7565838050701452,0.8210075026795284,0.7099165894346617,0.7614314115308151,0.8992497320471597,0.571331290432414,0.6987299604413909,0.0,0.0,0.0
5,0.05,0.8236870310825295,0.6995903504779244,0.7565838050701452,0.8210075026795284,0.7099165894346617,0.7614314115308151,0.8869239013933548,0.58833985069321,0.7074161145543918,0.0,0.0,0.0
6,0.06,0.8236870310825295,0.6995903504779244,0.7565838050701452,0.8210075026795284,0.7099165894346617,0.7614314115308151,0.8756698821007503,0.6042899408284024,0.7150984682713347,0.0,0.0,0.0
7,0.07,0.8236870310825295,0.6995903504779244,0.7565838050701452,0.8210075026795284,0.7099165894346617,0.7614314115308151,0.8668210770121598,0.5759907656791073,0.6920943134535368,0.0,0.0,0.0
8,0.08,0.8236870310825295,0.6995903504779244,0.7565838050701452,0.8210075026795284,0.7099165894346617,0.7614314115308151,0.8540822235089751,0.5895283772981614,0.6975644360368881,0.0,0.0,0.0
9,0.09,0.8236870310825295,0.6995903504779244,0.7565838050701452,0.8210075026795284,0.7099165894346617,0.7614314115308151,0.8436595251881877,0.6045643153526971,0.7043751510756586,0.0,0.0,0.0
10,0.1,0.8236870310825295,0.6995903504779244,0.7565838050701452,0.8210075026795284,0.7099165894346617,0.7614314115308151,0.8330229671011794,0.5772043010752688,0.6819105691056909,0.0,0.0,0.0
