,filter_abundance,precision_by_num_reads,recall_by_num_reads,F1_by_num_reads,precision_by_nts,recall_by_nts,F1_by_nts,precision_by_mean_cov,recall_by_mean_cov,F1_by_mean_cov,precision_by_med_cov,recall_by_med_cov,F1_by_med_cov
0,0.0,0.11608961303462322,0.017668939863608183,0.030669895076674735,0.16089613034623218,0.016568791946308725,0.030043734550294732,0.16089613034623218,0.016568791946308725,0.030043734550294732,0.0,0.0,0.0
1,0.01,0.11608961303462322,0.017668939863608183,0.030669895076674735,0.1446028513238289,0.01644660643965717,0.029534109816971715,0.1446028513238289,0.016705882352941178,0.029951487028053156,0.0,0.0,0.0
2,0.02,0.11608961303462322,0.017668939863608183,0.030669895076674735,0.11608961303462322,0.01794145420207743,0.031079607415485273,0.13441955193482688,0.016649848637739658,0.02962962962962963,0.0,0.0,0.0
3,0.03,0.11608961303462322,0.017668939863608183,0.030669895076674735,0.11608961303462322,0.01794145420207743,0.031079607415485273,0.12423625254582485,0.01634074470934905,0.02888257575757576,0.0,0.0,0.0
4,0.04,0.11608961303462322,0.017668939863608183,0.030669895076674735,0.11608961303462322,0.01794145420207743,0.031079607415485273,0.12219959266802444,0.0169971671388102,0.029843322556577966,0.0,0.0,0.0
5,0.05,0.11608961303462322,0.017668939863608183,0.030669895076674735,0.11608961303462322,0.01794145420207743,0.031079607415485273,0.11608961303462322,0.017004773269689737,0.02966432474629196,0.0,0.0,0.0
6,0.06,0.11608961303462322,0.017668939863608183,0.030669895076674735,0.11608961303462322,0.01794145420207743,0.031079607415485273,0.10590631364562118,0.01629583202757756,0.028245518739815317,0.0,0.0,0.0
7,0.07,0.10183299389002037,0.02066969822240595,0.034364261168384876,0.11405295315682282,0.018543046357615896,0.03189974366277414,0.10590631364562118,0.017071569271175313,0.029403449250777498,0.0,0.0,0.0
8,0.08,0.10183299389002037,0.02066969822240595,0.034364261168384876,0.11405295315682282,0.019424210891432536,0.03319502074688797,0.10183299389002037,0.017158544955387784,0.029368575624082235,0.0,0.0,0.0
9,0.09,0.10183299389002037,0.02066969822240595,0.034364261168384876,0.1120162932790224,0.019891500904159132,0.03378378378378378,0.10183299389002037,0.01790830945558739,0.03045994517209869,0.0,0.0,0.0
10,0.1,0.10183299389002037,0.02066969822240595,0.034364261168384876,0.09979633401221996,0.020976027397260275,0.03466572338167669,0.09979633401221996,0.018304071722076952,0.030934343434343436,0.0,0.0,0.0
