,filter_abundance,precision_by_num_reads,recall_by_num_reads,F1_by_num_reads,precision_by_nts,recall_by_nts,F1_by_nts,precision_by_mean_cov,recall_by_mean_cov,F1_by_mean_cov,precision_by_med_cov,recall_by_med_cov,F1_by_med_cov
0,0.0,0.07977207977207977,0.012814645308924484,0.022082018927444793,0.10826210826210826,0.010451045104510451,0.01906195134186105,0.10826210826210826,0.010451045104510451,0.01906195134186105,0.0,0.0,0.0
1,0.01,0.07977207977207977,0.012814645308924484,0.022082018927444793,0.10541310541310542,0.011107775442809968,0.020097772949483977,0.09686609686609686,0.010303030303030303,0.01862503423719529,0.0,0.0,0.0
2,0.02,0.07977207977207977,0.012814645308924484,0.022082018927444793,0.10256410256410256,0.011264080100125156,0.020298844093600225,0.09401709401709402,0.01055324592260953,0.018976423231742378,0.0,0.0,0.0
3,0.03,0.07977207977207977,0.012814645308924484,0.022082018927444793,0.07692307692307693,0.012599160055996267,0.02165196471531676,0.08547008547008547,0.010063737001006373,0.01800720288115246,0.0,0.0,0.0
4,0.04,0.07977207977207977,0.012814645308924484,0.022082018927444793,0.07692307692307693,0.012599160055996267,0.02165196471531676,0.08547008547008547,0.01052262364082778,0.018738288569643973,0.0,0.0,0.0
5,0.05,0.07977207977207977,0.012814645308924484,0.022082018927444793,0.07692307692307693,0.012599160055996267,0.02165196471531676,0.07977207977207977,0.010252654705236177,0.018170019467878,0.0,0.0,0.0
6,0.06,0.07977207977207977,0.012814645308924484,0.022082018927444793,0.07692307692307693,0.012599160055996267,0.02165196471531676,0.07692307692307693,0.010297482837528604,0.018163471241170535,0.0,0.0,0.0
7,0.07,0.07977207977207977,0.012814645308924484,0.022082018927444793,0.07692307692307693,0.012599160055996267,0.02165196471531676,0.07692307692307693,0.010710035700119,0.018802228412256268,0.0,0.0,0.0
8,0.08,0.07977207977207977,0.012814645308924484,0.022082018927444793,0.07692307692307693,0.012599160055996267,0.02165196471531676,0.07692307692307693,0.0111340206185567,0.01945244956772334,0.0,0.0,0.0
9,0.09,0.07977207977207977,0.012814645308924484,0.022082018927444793,0.07692307692307693,0.012599160055996267,0.02165196471531676,0.07407407407407407,0.01113013698630137,0.01935243766282099,0.0,0.0,0.0
10,0.1,0.07977207977207977,0.012814645308924484,0.022082018927444793,0.07692307692307693,0.012599160055996267,0.02165196471531676,0.07407407407407407,0.011545293072824156,0.019976949673453707,0.0,0.0,0.0
