,filter_abundance,precision_by_num_reads,recall_by_num_reads,F1_by_num_reads,precision_by_nts,recall_by_nts,F1_by_nts,precision_by_mean_cov,recall_by_mean_cov,F1_by_mean_cov,precision_by_med_cov,recall_by_med_cov,F1_by_med_cov
0,0.0,0.137291280148423,0.020589872008903727,0.035809339462859906,0.17996289424860853,0.019177540529853696,0.03466142576380203,0.17996289424860853,0.019177540529853696,0.03466142576380203,0.0055658627087198514,0.020833333333333332,0.008784773060029283
1,0.01,0.137291280148423,0.020589872008903727,0.035809339462859906,0.137291280148423,0.020909861542808703,0.036292300147130946,0.15769944341372913,0.019088255108915337,0.034054487179487176,0.0,0.0,0.0
2,0.02,0.137291280148423,0.020589872008903727,0.035809339462859906,0.137291280148423,0.020909861542808703,0.036292300147130946,0.14471243042671614,0.01889992730797189,0.033433347621088724,0.0,0.0,0.0
3,0.03,0.137291280148423,0.020589872008903727,0.035809339462859906,0.137291280148423,0.020909861542808703,0.036292300147130946,0.13172541743970315,0.018398548846851517,0.03228740336516599,0.0,0.0,0.0
4,0.04,0.137291280148423,0.020589872008903727,0.035809339462859906,0.137291280148423,0.020909861542808703,0.036292300147130946,0.12430426716141002,0.018411651552624347,0.03207276208712303,0.0,0.0,0.0
5,0.05,0.11131725417439703,0.02207505518763797,0.036843721215842805,0.13358070500927643,0.020845396641574986,0.03606311044327573,0.12059369202226346,0.01887888469358118,0.03264691109994978,0.0,0.0,0.0
6,0.06,0.11131725417439703,0.02207505518763797,0.036843721215842805,0.1280148423005566,0.021146184492798037,0.036296685954760655,0.1150278293135436,0.01896604466197614,0.03256302521008403,0.0,0.0,0.0
7,0.07,0.11131725417439703,0.02207505518763797,0.036843721215842805,0.12430426716141002,0.021550337729173367,0.03673245614035087,0.11317254174397032,0.019595245743655638,0.033406352683461114,0.0,0.0,0.0
8,0.08,0.11131725417439703,0.02207505518763797,0.036843721215842805,0.10760667903525047,0.022053231939163497,0.03660460713158725,0.10760667903525047,0.019515477792732168,0.03303902022215893,0.0,0.0,0.0
9,0.09,0.11131725417439703,0.02207505518763797,0.036843721215842805,0.10760667903525047,0.022053231939163497,0.03660460713158725,0.10575139146567718,0.020056298381421533,0.03371783496007098,0.0,0.0,0.0
10,0.1,0.11131725417439703,0.02207505518763797,0.036843721215842805,0.10760667903525047,0.022053231939163497,0.03660460713158725,0.10018552875695733,0.019838354151359296,0.03311867525298988,0.0,0.0,0.0
