,filter_abundance,precision_by_num_reads,recall_by_num_reads,F1_by_num_reads,precision_by_nts,recall_by_nts,F1_by_nts,precision_by_mean_cov,recall_by_mean_cov,F1_by_mean_cov,precision_by_med_cov,recall_by_med_cov,F1_by_med_cov
0,0.0,0.11036036036036036,0.014966401954795358,0.026358257127487898,0.15315315315315314,0.014225941422594143,0.026033690658499233,0.15315315315315314,0.014225941422594143,0.026033690658499233,0.0022522522522522522,0.00819672131147541,0.0035335689045936395
1,0.01,0.11036036036036036,0.014966401954795358,0.026358257127487898,0.14864864864864866,0.015270708005552984,0.027696181284095674,0.13513513513513514,0.014114326040931546,0.025559105431309903,0.0,0.0,0.0
2,0.02,0.11036036036036036,0.014966401954795358,0.026358257127487898,0.11036036036036036,0.015156201670275286,0.026652162088659233,0.12837837837837837,0.014364919354838709,0.025838621940163193,0.0,0.0,0.0
3,0.03,0.11036036036036036,0.014966401954795358,0.026358257127487898,0.11036036036036036,0.015156201670275286,0.026652162088659233,0.11486486486486487,0.013643659711075442,0.02439024390243903,0.0,0.0,0.0
4,0.04,0.11036036036036036,0.014966401954795358,0.026358257127487898,0.11036036036036036,0.015156201670275286,0.026652162088659233,0.1036036036036036,0.013012729844413012,0.02312138728323699,0.0,0.0,0.0
5,0.05,0.11036036036036036,0.014966401954795358,0.026358257127487898,0.11036036036036036,0.015156201670275286,0.026652162088659233,0.10135135135135136,0.01338887235941684,0.023653088042049932,0.0,0.0,0.0
6,0.06,0.09684684684684684,0.017423014586709886,0.02953296703296703,0.11036036036036036,0.015260043600124572,0.02681258549931601,0.0990990990990991,0.013741411617738912,0.024136039495337352,0.0,0.0,0.0
7,0.07,0.09684684684684684,0.017423014586709886,0.02953296703296703,0.10810810810810811,0.015810276679841896,0.027586206896551724,0.08558558558558559,0.012430487405953549,0.0217080834047415,0.0,0.0,0.0
8,0.08,0.09684684684684684,0.017423014586709886,0.02953296703296703,0.10585585585585586,0.016212487064505003,0.028118456476218967,0.08558558558558559,0.012987012987012988,0.022551928783382788,0.0,0.0,0.0
9,0.09,0.09684684684684684,0.017423014586709886,0.02953296703296703,0.09684684684684684,0.01797658862876254,0.03032440056417489,0.08558558558558559,0.013547237076648842,0.023391812865497075,0.0,0.0,0.0
10,0.1,0.09684684684684684,0.017423014586709886,0.02953296703296703,0.09684684684684684,0.01797658862876254,0.03032440056417489,0.08108108108108109,0.013367991088005942,0.02295186483901817,0.0,0.0,0.0
