,filter_abundance,precision_by_num_reads,recall_by_num_reads,F1_by_num_reads,precision_by_nts,recall_by_nts,F1_by_nts,precision_by_mean_cov,recall_by_mean_cov,F1_by_mean_cov,precision_by_med_cov,recall_by_med_cov,F1_by_med_cov
0,0.0,0.08549222797927461,0.011615628299894404,0.020452432599938022,0.13989637305699482,0.012448132780082987,0.022861981371718878,0.13989637305699482,0.012448132780082987,0.022861981371718878,0.0025906735751295338,0.009708737864077669,0.00408997955010225
1,0.01,0.08549222797927461,0.011615628299894404,0.020452432599938022,0.12694300518134716,0.01244286439817166,0.022664199814986123,0.11658031088082901,0.011574074074074073,0.02105755732335049,0.0,0.0,0.0
2,0.02,0.08549222797927461,0.011615628299894404,0.020452432599938022,0.08290155440414508,0.011473646468268197,0.02015748031496063,0.10621761658031088,0.01121751025991792,0.020292006928977976,0.0,0.0,0.0
3,0.03,0.08549222797927461,0.011615628299894404,0.020452432599938022,0.08290155440414508,0.011473646468268197,0.02015748031496063,0.09585492227979274,0.010699826489300174,0.019250780437044746,0.0,0.0,0.0
4,0.04,0.08549222797927461,0.011615628299894404,0.020452432599938022,0.08290155440414508,0.011473646468268197,0.02015748031496063,0.09585492227979274,0.01124961994527212,0.020136054421768707,0.0,0.0,0.0
5,0.05,0.08549222797927461,0.011615628299894404,0.020452432599938022,0.08290155440414508,0.011473646468268197,0.02015748031496063,0.09326424870466321,0.01148691767708998,0.020454545454545454,0.0,0.0,0.0
6,0.06,0.08549222797927461,0.011615628299894404,0.020452432599938022,0.08290155440414508,0.011473646468268197,0.02015748031496063,0.08549222797927461,0.011029411764705883,0.019538188277087035,0.0,0.0,0.0
7,0.07,0.08549222797927461,0.011615628299894404,0.020452432599938022,0.08290155440414508,0.011473646468268197,0.02015748031496063,0.08031088082901554,0.010812696198116497,0.01905932984936981,0.0,0.0,0.0
8,0.08,0.06735751295336788,0.012776412776412777,0.021478727798430405,0.08290155440414508,0.011523226503420959,0.02023395510591211,0.06735751295336788,0.009454545454545455,0.016581632653061226,0.0,0.0,0.0
9,0.09,0.06735751295336788,0.012776412776412777,0.021478727798430405,0.08290155440414508,0.012130401819560273,0.021164021164021163,0.06735751295336788,0.009863429438543247,0.017207147584381206,0.0,0.0,0.0
10,0.1,0.06735751295336788,0.012776412776412777,0.021478727798430405,0.07772020725388601,0.011881188118811881,0.020611473720371008,0.06476683937823834,0.00984251968503937,0.017088174982911826,0.0,0.0,0.0
