,filter_abundance,precision_by_num_reads,recall_by_num_reads,F1_by_num_reads,precision_by_nts,recall_by_nts,F1_by_nts,precision_by_mean_cov,recall_by_mean_cov,F1_by_mean_cov,precision_by_med_cov,recall_by_med_cov,F1_by_med_cov
0,0.0,0.07033639143730887,0.010468821119708694,0.018225039619651346,0.11926605504587157,0.010358565737051793,0.01906158357771261,0.11926605504587157,0.010358565737051793,0.01906158357771261,0.0030581039755351682,0.011494252873563218,0.004830917874396135
1,0.01,0.07033639143730887,0.010468821119708694,0.018225039619651346,0.10703363914373089,0.010215995329830706,0.018651745270450305,0.09480122324159021,0.00910960916838084,0.016621983914209115,0.0,0.0,0.0
2,0.02,0.07033639143730887,0.010468821119708694,0.018225039619651346,0.10397553516819572,0.010353227771010963,0.01883134865688175,0.09174311926605505,0.009316770186335404,0.016915703411333523,0.0,0.0,0.0
3,0.03,0.07033639143730887,0.010468821119708694,0.018225039619651346,0.07033639143730887,0.010658016682113068,0.01851106639839034,0.08256880733944955,0.008791924454575058,0.015891701000588582,0.0,0.0,0.0
4,0.04,0.07033639143730887,0.010468821119708694,0.018225039619651346,0.07033639143730887,0.010658016682113068,0.01851106639839034,0.08256880733944955,0.009193054136874362,0.016544117647058824,0.0,0.0,0.0
5,0.05,0.07033639143730887,0.010468821119708694,0.018225039619651346,0.07033639143730887,0.010658016682113068,0.01851106639839034,0.07951070336391437,0.009242801279772485,0.016560509554140127,0.0,0.0,0.0
6,0.06,0.07033639143730887,0.010468821119708694,0.018225039619651346,0.07033639143730887,0.010658016682113068,0.01851106639839034,0.07951070336391437,0.009615384615384616,0.01715605410755526,0.0,0.0,0.0
7,0.07,0.07033639143730887,0.010468821119708694,0.018225039619651346,0.07033639143730887,0.010658016682113068,0.01851106639839034,0.07951070336391437,0.010003847633705272,0.0177717019822283,0.0,0.0,0.0
8,0.08,0.07033639143730887,0.010468821119708694,0.018225039619651346,0.07033639143730887,0.010658016682113068,0.01851106639839034,0.0764525993883792,0.009992006394884092,0.017674089784376103,0.0,0.0,0.0
9,0.09,0.07033639143730887,0.010468821119708694,0.018225039619651346,0.07033639143730887,0.010658016682113068,0.01851106639839034,0.0764525993883792,0.01037344398340249,0.01826817683595177,0.0,0.0,0.0
10,0.1,0.07033639143730887,0.010468821119708694,0.018225039619651346,0.07033639143730887,0.010658016682113068,0.01851106639839034,0.07339449541284404,0.01032258064516129,0.01809954751131222,0.0,0.0,0.0
