,filter_abundance,precision_by_num_reads,recall_by_num_reads,F1_by_num_reads,precision_by_nts,recall_by_nts,F1_by_nts,precision_by_mean_cov,recall_by_mean_cov,F1_by_mean_cov,precision_by_med_cov,recall_by_med_cov,F1_by_med_cov
0,0.0,0.12474849094567404,0.017042330951072018,0.02998790810157195,0.16498993963782696,0.016119520345979948,0.029369627507163324,0.16498993963782696,0.016119520345979948,0.029369627507163324,0.002012072434607646,0.007246376811594203,0.0031496062992125984
1,0.01,0.12474849094567404,0.017042330951072018,0.02998790810157195,0.1227364185110664,0.016991643454038998,0.029850746268656716,0.1448692152917505,0.016028495102404273,0.028863499699338543,0.0,0.0,0.0
2,0.02,0.12474849094567404,0.017042330951072018,0.02998790810157195,0.1227364185110664,0.016991643454038998,0.029850746268656716,0.13078470824949698,0.015583792855430352,0.027849185946872322,0.0,0.0,0.0
3,0.03,0.12474849094567404,0.017042330951072018,0.02998790810157195,0.1227364185110664,0.016991643454038998,0.029850746268656716,0.11267605633802817,0.014329580348004094,0.02542565266742338,0.0,0.0,0.0
4,0.04,0.12474849094567404,0.017042330951072018,0.02998790810157195,0.1227364185110664,0.016991643454038998,0.029850746268656716,0.10865191146881288,0.014657980456026058,0.02583114087538866,0.0,0.0,0.0
5,0.05,0.10261569416498995,0.018240343347639486,0.030974795019738842,0.12072434607645875,0.017241379310344827,0.030173497611264772,0.10462776659959759,0.014903983949555747,0.026091319618665332,0.0,0.0,0.0
6,0.06,0.10261569416498995,0.018240343347639486,0.030974795019738842,0.11670020120724346,0.017602427921092564,0.03059071729957806,0.096579476861167,0.014479638009049774,0.025183630640083943,0.0,0.0,0.0
7,0.07,0.10261569416498995,0.018240343347639486,0.030974795019738842,0.10261569416498995,0.018660812294182216,0.031578947368421054,0.096579476861167,0.015189873417721518,0.02625102543068088,0.0,0.0,0.0
8,0.08,0.10261569416498995,0.018240343347639486,0.030974795019738842,0.10261569416498995,0.018660812294182216,0.031578947368421054,0.0925553319919517,0.015241882041086813,0.02617354196301565,0.0,0.0,0.0
9,0.09,0.10261569416498995,0.018240343347639486,0.030974795019738842,0.10261569416498995,0.018660812294182216,0.031578947368421054,0.09054325955734406,0.015570934256055362,0.02657218777679362,0.0,0.0,0.0
10,0.1,0.08651911468812877,0.018793706293706292,0.03087971274685817,0.10261569416498995,0.018667642752562226,0.03158872716011149,0.08853118712273642,0.015878744135691087,0.02692778457772338,0.0,0.0,0.0
