,filter_abundance,precision_by_num_reads,recall_by_num_reads,F1_by_num_reads,precision_by_nts,recall_by_nts,F1_by_nts,precision_by_mean_cov,recall_by_mean_cov,F1_by_mean_cov,precision_by_med_cov,recall_by_med_cov,F1_by_med_cov
0,0.0,0.0664819944598338,0.011136890951276101,0.019077901430842606,0.09141274238227147,0.009093414163681455,0.01654135338345865,0.09141274238227147,0.009093414163681455,0.01654135338345865,0.0,0.0,0.0
1,0.01,0.0664819944598338,0.011136890951276101,0.019077901430842606,0.0886426592797784,0.009626955475330927,0.017367706919945727,0.0886426592797784,0.009735320961362945,0.017543859649122806,0.0,0.0,0.0
2,0.02,0.0664819944598338,0.011136890951276101,0.019077901430842606,0.08587257617728532,0.00972396486825596,0.017469709777402084,0.0886426592797784,0.010276172125883108,0.01841726618705036,0.0,0.0,0.0
3,0.03,0.0664819944598338,0.011136890951276101,0.019077901430842606,0.0664819944598338,0.011369019422074847,0.019417475728155338,0.08310249307479224,0.010111223458038422,0.018028846153846152,0.0,0.0,0.0
4,0.04,0.0664819944598338,0.011136890951276101,0.019077901430842606,0.0664819944598338,0.011369019422074847,0.019417475728155338,0.08033240997229917,0.010225669957686883,0.018142008132624336,0.0,0.0,0.0
5,0.05,0.0664819944598338,0.011136890951276101,0.019077901430842606,0.0664819944598338,0.011369019422074847,0.019417475728155338,0.08033240997229917,0.010677466863033874,0.018849528761780955,0.0,0.0,0.0
6,0.06,0.0664819944598338,0.011136890951276101,0.019077901430842606,0.0664819944598338,0.011369019422074847,0.019417475728155338,0.07756232686980609,0.010748560460652591,0.01888064733648011,0.0,0.0,0.0
7,0.07,0.0664819944598338,0.011136890951276101,0.019077901430842606,0.0664819944598338,0.011369019422074847,0.019417475728155338,0.07479224376731301,0.010795681727309077,0.01886792452830189,0.0,0.0,0.0
8,0.08,0.0664819944598338,0.011136890951276101,0.019077901430842606,0.0664819944598338,0.011369019422074847,0.019417475728155338,0.07202216066481995,0.01080182800166182,0.018786127167630055,0.0,0.0,0.0
9,0.09,0.0664819944598338,0.011136890951276101,0.019077901430842606,0.0664819944598338,0.011369019422074847,0.019417475728155338,0.06925207756232687,0.010785159620362382,0.018663680477790223,0.0,0.0,0.0
10,0.1,0.0664819944598338,0.011136890951276101,0.019077901430842606,0.0664819944598338,0.011369019422074847,0.019417475728155338,0.0664819944598338,0.010743061772605193,0.018497109826589597,0.0,0.0,0.0
