,filter_abundance,precision_by_num_reads,recall_by_num_reads,F1_by_num_reads,precision_by_nts,recall_by_nts,F1_by_nts,precision_by_mean_cov,recall_by_mean_cov,F1_by_mean_cov,precision_by_med_cov,recall_by_med_cov,F1_by_med_cov
0,0.0,0.08315098468271334,0.013899049012435992,0.023816985271074897,0.12035010940919037,0.012883579292574374,0.023275497249259418,0.12035010940919037,0.012883579292574374,0.023275497249259418,0.0,0.0,0.0
1,0.01,0.08315098468271334,0.013899049012435992,0.023816985271074897,0.1137855579868709,0.01344364012409514,0.024046242774566476,0.11159737417943107,0.013350785340314137,0.023848491933598313,0.0,0.0,0.0
2,0.02,0.08315098468271334,0.013899049012435992,0.023816985271074897,0.08315098468271334,0.014184397163120567,0.02423469387755102,0.1050328227571116,0.013381655979927517,0.023738872403560835,0.0,0.0,0.0
3,0.03,0.08315098468271334,0.013899049012435992,0.023816985271074897,0.08315098468271334,0.014184397163120567,0.02423469387755102,0.0962800875273523,0.012975523444411679,0.02286902286902287,0.0,0.0,0.0
4,0.04,0.08315098468271334,0.013899049012435992,0.023816985271074897,0.08315098468271334,0.014184397163120567,0.02423469387755102,0.09409190371991247,0.013362336855189559,0.023401360544217688,0.0,0.0,0.0
5,0.05,0.08315098468271334,0.013899049012435992,0.023816985271074897,0.08315098468271334,0.014184397163120567,0.02423469387755102,0.09190371991247265,0.013712047012732615,0.023863636363636365,0.0,0.0,0.0
6,0.06,0.08315098468271334,0.013899049012435992,0.023816985271074897,0.08315098468271334,0.014184397163120567,0.02423469387755102,0.087527352297593,0.013689253935660506,0.023675643681562594,0.0,0.0,0.0
7,0.07,0.08315098468271334,0.013899049012435992,0.023816985271074897,0.08315098468271334,0.014184397163120567,0.02423469387755102,0.08315098468271334,0.013605442176870748,0.023384615384615386,0.0,0.0,0.0
8,0.08,0.08315098468271334,0.013899049012435992,0.023816985271074897,0.08315098468271334,0.014184397163120567,0.02423469387755102,0.07221006564551423,0.01233183856502242,0.02106607085860198,0.0,0.0,0.0
9,0.09,0.06783369803063458,0.015492253873063468,0.025223759153783568,0.0787746170678337,0.01406799531066823,0.02387267904509284,0.0700218818380744,0.012451361867704281,0.021143045920052856,0.0,0.0,0.0
10,0.1,0.06783369803063458,0.015492253873063468,0.025223759153783568,0.07658643326039387,0.014291547570436913,0.02408809359944941,0.0700218818380744,0.012960712839206157,0.021872863978127138,0.0,0.0,0.0
