,filter_abundance,precision_by_num_reads,recall_by_num_reads,F1_by_num_reads,precision_by_nts,recall_by_nts,F1_by_nts,precision_by_mean_cov,recall_by_mean_cov,F1_by_mean_cov,precision_by_med_cov,recall_by_med_cov,F1_by_med_cov
0,0.0,0.12777777777777777,0.01918798665183537,0.03336557059961315,0.15555555555555556,0.016551724137931035,0.029919857524487982,0.15555555555555556,0.016551724137931035,0.029919857524487982,0.003703703703703704,0.014184397163120567,0.005873715124816446
1,0.01,0.12777777777777777,0.01918798665183537,0.03336557059961315,0.12777777777777777,0.019535673839184597,0.03388998035363457,0.13333333333333333,0.01606425702811245,0.02867383512544803,0.0,0.0,0.0
2,0.02,0.12777777777777777,0.01918798665183537,0.03336557059961315,0.12777777777777777,0.019535673839184597,0.03388998035363457,0.1259259259259259,0.016354016354016353,0.02894848871860366,0.0,0.0,0.0
3,0.03,0.12777777777777777,0.01918798665183537,0.03336557059961315,0.12777777777777777,0.019535673839184597,0.03388998035363457,0.11851851851851852,0.016435541859270673,0.02886783942264321,0.0,0.0,0.0
4,0.04,0.12777777777777777,0.01918798665183537,0.03336557059961315,0.12777777777777777,0.019535673839184597,0.03388998035363457,0.11666666666666667,0.017166212534059946,0.02992874109263658,0.0,0.0,0.0
5,0.05,0.1037037037037037,0.020158387329013677,0.03375527426160337,0.1259259259259259,0.019653179190751446,0.033999999999999996,0.11481481481481481,0.017836593785960874,0.030876494023904386,0.0,0.0,0.0
6,0.06,0.1037037037037037,0.020158387329013677,0.03375527426160337,0.12037037037037036,0.01991421568627451,0.03417455310199789,0.11481481481481481,0.018770814411141385,0.03226645849596669,0.0,0.0,0.0
7,0.07,0.1037037037037037,0.020158387329013677,0.03375527426160337,0.1037037037037037,0.020802377414561663,0.03465346534653465,0.10925925925925926,0.01874801398156975,0.03200433957146732,0.0,0.0,0.0
8,0.08,0.1037037037037037,0.020158387329013677,0.03375527426160337,0.1037037037037037,0.020802377414561663,0.03465346534653465,0.10740740740740741,0.01928832723644829,0.03270369326191148,0.0,0.0,0.0
9,0.09,0.1037037037037037,0.020158387329013677,0.03375527426160337,0.1037037037037037,0.020802377414561663,0.03465346534653465,0.1037037037037037,0.019457956914523976,0.032767700409596257,0.0,0.0,0.0
10,0.1,0.08703703703703704,0.02101967799642218,0.03386167146974063,0.1037037037037037,0.020802377414561663,0.03465346534653465,0.10185185185185185,0.01994198694706309,0.03335354760460885,0.0,0.0,0.0
