,filter_abundance,precision_by_num_reads,recall_by_num_reads,F1_by_num_reads,precision_by_nts,recall_by_nts,F1_by_nts,precision_by_mean_cov,recall_by_mean_cov,F1_by_mean_cov,precision_by_med_cov,recall_by_med_cov,F1_by_med_cov
0,0.0,0.12040816326530612,0.01835718730553827,0.03185745140388769,0.1489795918367347,0.015391102677630192,0.02789986623351806,0.1489795918367347,0.015391102677630192,0.02789986623351806,0.004081632653061225,0.017241379310344827,0.006600660066006601
1,0.01,0.12040816326530612,0.01835718730553827,0.03185745140388769,0.13673469387755102,0.015705578996718237,0.028174936921783012,0.12857142857142856,0.014932448447499408,0.026757273306434487,0.0,0.0,0.0
2,0.02,0.12040816326530612,0.01835718730553827,0.03185745140388769,0.12040816326530612,0.01867679645457423,0.03233762674705398,0.12244897959183673,0.015236160487557136,0.027100271002710022,0.0,0.0,0.0
3,0.03,0.12040816326530612,0.01835718730553827,0.03185745140388769,0.12040816326530612,0.01867679645457423,0.03233762674705398,0.11428571428571428,0.01511879049676026,0.02670481640438722,0.0,0.0,0.0
4,0.04,0.12040816326530612,0.01835718730553827,0.03185745140388769,0.12040816326530612,0.01867679645457423,0.03233762674705398,0.11020408163265306,0.015424164524421594,0.027060886995740416,0.0,0.0,0.0
5,0.05,0.12040816326530612,0.01835718730553827,0.03185745140388769,0.12040816326530612,0.01867679645457423,0.03233762674705398,0.11020408163265306,0.016235718580877932,0.028301886792452834,0.0,0.0,0.0
6,0.06,0.12040816326530612,0.01835718730553827,0.03185745140388769,0.12040816326530612,0.01867679645457423,0.03233762674705398,0.10612244897959183,0.016419324281654563,0.028438610883237625,0.0,0.0,0.0
7,0.07,0.09387755102040816,0.01904761904761905,0.03166953528399312,0.11224489795918367,0.018443997317236754,0.03168202764976959,0.10408163265306122,0.016870658286470393,0.02903501280956447,0.0,0.0,0.0
8,0.08,0.09387755102040816,0.01904761904761905,0.03166953528399312,0.10816326530612246,0.018616087109237796,0.03176505843572071,0.10204081632653061,0.017295053614666205,0.029577048210588583,0.0,0.0,0.0
9,0.09,0.09387755102040816,0.01904761904761905,0.03166953528399312,0.09387755102040816,0.019717102443206173,0.032589443854055974,0.1,0.017702312138728325,0.030079803560466543,0.0,0.0,0.0
10,0.1,0.09387755102040816,0.01904761904761905,0.03166953528399312,0.09387755102040816,0.019717102443206173,0.032589443854055974,0.09591836734693877,0.017695783132530122,0.02987921169739352,0.0,0.0,0.0
