,filter_abundance,precision_by_num_reads,recall_by_num_reads,F1_by_num_reads,precision_by_nts,recall_by_nts,F1_by_nts,precision_by_mean_cov,recall_by_mean_cov,F1_by_mean_cov,precision_by_med_cov,recall_by_med_cov,F1_by_med_cov
0,0.0,0.09367088607594937,0.013148542999289269,0.023060143346837023,0.1341772151898734,0.012262841277186487,0.02247191011235955,0.1341772151898734,0.012262841277186487,0.02247191011235955,0.002531645569620253,0.010416666666666666,0.004073319755600814
1,0.01,0.09367088607594937,0.013148542999289269,0.023060143346837023,0.12658227848101267,0.01274534794799898,0.02315886984715146,0.1189873417721519,0.012138429752066115,0.022029528943051324,0.0,0.0,0.0
2,0.02,0.09367088607594937,0.013148542999289269,0.023060143346837023,0.09367088607594937,0.013362224629830263,0.02338811630847029,0.11392405063291139,0.012359241966492723,0.022299306243805748,0.0,0.0,0.0
3,0.03,0.09367088607594937,0.013148542999289269,0.023060143346837023,0.09367088607594937,0.013362224629830263,0.02338811630847029,0.09873417721518987,0.01130762539866628,0.02029136316337149,0.0,0.0,0.0
4,0.04,0.09367088607594937,0.013148542999289269,0.023060143346837023,0.09367088607594937,0.013362224629830263,0.02338811630847029,0.08860759493670886,0.010670731707317074,0.01904761904761905,0.0,0.0,0.0
5,0.05,0.09367088607594937,0.013148542999289269,0.023060143346837023,0.09367088607594937,0.013362224629830263,0.02338811630847029,0.08354430379746836,0.010549872122762148,0.018734033494181096,0.0,0.0,0.0
6,0.06,0.09367088607594937,0.013148542999289269,0.023060143346837023,0.09367088607594937,0.013362224629830263,0.02338811630847029,0.08354430379746836,0.011036789297658863,0.01949778434268833,0.0,0.0,0.0
7,0.07,0.09367088607594937,0.013148542999289269,0.023060143346837023,0.09367088607594937,0.013362224629830263,0.02338811630847029,0.0810126582278481,0.011165387299371946,0.01962588163140141,0.0,0.0,0.0
8,0.08,0.09367088607594937,0.013148542999289269,0.023060143346837023,0.09367088607594937,0.013415518491660623,0.0234697113859816,0.0759493670886076,0.010913059294288832,0.019083969465648852,0.0,0.0,0.0
9,0.09,0.07848101265822785,0.014939759036144579,0.02510121457489878,0.08860759493670886,0.013348588863463006,0.02320185614849188,0.06835443037974684,0.010223400227186671,0.017786561264822132,0.0,0.0,0.0
10,0.1,0.07848101265822785,0.014939759036144579,0.02510121457489878,0.08607594936708861,0.013524264120922832,0.023375730491577863,0.06835443037974684,0.010625737898465172,0.018392370572207085,0.0,0.0,0.0
