,filter_abundance,precision_by_num_reads,recall_by_num_reads,F1_by_num_reads,precision_by_nts,recall_by_nts,F1_by_nts,precision_by_mean_cov,recall_by_mean_cov,F1_by_mean_cov,precision_by_med_cov,recall_by_med_cov,F1_by_med_cov
0,0.0,0.12151394422310757,0.0188039457459926,0.032568072610784836,0.16733067729083664,0.017740232312566,0.032079434790910834,0.16733067729083664,0.017740232312566,0.032079434790910834,0.00199203187250996,0.008,0.003189792663476874
1,0.01,0.12151394422310757,0.0188039457459926,0.032568072610784836,0.15338645418326693,0.018045465198031404,0.03229188509121409,0.1454183266932271,0.017380952380952382,0.031050616758826036,0.0,0.0,0.0
2,0.02,0.12151394422310757,0.0188039457459926,0.032568072610784836,0.12151394422310757,0.019152276295133438,0.033089232438296715,0.13745019920318724,0.017615522083226958,0.031228784792939574,0.0,0.0,0.0
3,0.03,0.12151394422310757,0.0188039457459926,0.032568072610784836,0.12151394422310757,0.019152276295133438,0.033089232438296715,0.13147410358565736,0.017925040738728953,0.03154875717017209,0.0,0.0,0.0
4,0.04,0.12151394422310757,0.0188039457459926,0.032568072610784836,0.12151394422310757,0.019152276295133438,0.033089232438296715,0.12151394422310757,0.01752370008618213,0.030630178257594773,0.0,0.0,0.0
5,0.05,0.12151394422310757,0.0188039457459926,0.032568072610784836,0.12151394422310757,0.019152276295133438,0.033089232438296715,0.11553784860557768,0.017570433202059983,0.030502235077570345,0.0,0.0,0.0
6,0.06,0.10358565737051793,0.02197802197802198,0.03626220362622036,0.12151394422310757,0.019242902208201892,0.03322440087145969,0.11354581673306773,0.01813553929366847,0.031275720164609055,0.0,0.0,0.0
7,0.07,0.10358565737051793,0.02197802197802198,0.03626220362622036,0.11952191235059761,0.02004008016032064,0.034324942791762014,0.10956175298804781,0.018345563709139426,0.03142857142857143,0.0,0.0,0.0
8,0.08,0.10358565737051793,0.02197802197802198,0.03626220362622036,0.11752988047808766,0.02066549912434326,0.03515043193327376,0.10557768924302789,0.01849912739965096,0.03148203148203148,0.0,0.0,0.0
9,0.09,0.10358565737051793,0.02197802197802198,0.03626220362622036,0.11752988047808766,0.02154070828769624,0.03640851589015736,0.10159362549800798,0.01859278162595698,0.031432973805855156,0.0,0.0,0.0
10,0.1,0.10358565737051793,0.02197802197802198,0.03626220362622036,0.10159362549800798,0.022397891963109356,0.03670385030586542,0.09760956175298804,0.018638265500190185,0.03129990418396678,0.0,0.0,0.0
