,filter_abundance,precision_by_num_reads,recall_by_num_reads,F1_by_num_reads,precision_by_nts,recall_by_nts,F1_by_nts,precision_by_mean_cov,recall_by_mean_cov,F1_by_mean_cov,precision_by_med_cov,recall_by_med_cov,F1_by_med_cov
0,0.0,0.11693548387096774,0.016129032258064516,0.028347996089931576,0.16129032258064516,0.015766653527788728,0.02872531418312388,0.16129032258064516,0.015766653527788728,0.02872531418312388,0.0020161290322580645,0.007142857142857143,0.0031446540880503146
1,0.01,0.11693548387096774,0.016129032258064516,0.028347996089931576,0.11693548387096774,0.016398077466779758,0.028762707661790232,0.14112903225806453,0.01560410164957646,0.028101164191087914,0.0,0.0,0.0
2,0.02,0.11693548387096774,0.016129032258064516,0.028347996089931576,0.11693548387096774,0.016398077466779758,0.028762707661790232,0.13306451612903225,0.01583873290136789,0.028307956251340336,0.0,0.0,0.0
3,0.03,0.11693548387096774,0.016129032258064516,0.028347996089931576,0.11693548387096774,0.016398077466779758,0.028762707661790232,0.125,0.015873015873015872,0.028169014084507043,0.0,0.0,0.0
4,0.04,0.11693548387096774,0.016129032258064516,0.028347996089931576,0.11693548387096774,0.016398077466779758,0.028762707661790232,0.11693548387096774,0.015739484396200813,0.027744558718010043,0.0,0.0,0.0
5,0.05,0.10080645161290322,0.01783166904422254,0.030303030303030304,0.11491935483870967,0.016536118363794605,0.028911995942176007,0.10483870967741936,0.01489971346704871,0.026091319618665332,0.0,0.0,0.0
6,0.06,0.10080645161290322,0.01783166904422254,0.030303030303030304,0.10887096774193548,0.01657967454712926,0.02877697841726619,0.10080645161290322,0.015082956259426848,0.026239832065074783,0.0,0.0,0.0
7,0.07,0.10080645161290322,0.01783166904422254,0.030303030303030304,0.09879032258064516,0.01802133137182788,0.030482115085536547,0.09475806451612903,0.014887551472917327,0.025732274842595132,0.0,0.0,0.0
8,0.08,0.10080645161290322,0.01783166904422254,0.030303030303030304,0.09879032258064516,0.01802133137182788,0.030482115085536547,0.09475806451612903,0.015599070693660804,0.026788258763180393,0.0,0.0,0.0
9,0.09,0.10080645161290322,0.01783166904422254,0.030303030303030304,0.09879032258064516,0.01802133137182788,0.030482115085536547,0.09475806451612903,0.016308119361554477,0.02782711663706335,0.0,0.0,0.0
10,0.1,0.0846774193548387,0.018584070796460177,0.030478955007256895,0.09879032258064516,0.01817507418397626,0.030701754385964914,0.0907258064516129,0.01629844259326331,0.0276327909118821,0.0,0.0,0.0
