,filter_abundance,precision_by_num_reads,recall_by_num_reads,F1_by_num_reads,precision_by_nts,recall_by_nts,F1_by_nts,precision_by_mean_cov,recall_by_mean_cov,F1_by_mean_cov,precision_by_med_cov,recall_by_med_cov,F1_by_med_cov
0,0.0,0.08950617283950617,0.01330885727397889,0.023172193367958453,0.11728395061728394,0.010201342281879194,0.018770066683131637,0.11728395061728394,0.010201342281879194,0.018770066683131637,0.0,0.0,0.0
1,0.01,0.08950617283950617,0.01330885727397889,0.023172193367958453,0.11419753086419752,0.01091123562370982,0.019919246298788693,0.1111111111111111,0.01066350710900474,0.019459459459459462,0.0,0.0,0.0
2,0.02,0.08950617283950617,0.01330885727397889,0.023172193367958453,0.11419753086419752,0.011381113503537373,0.020699300699300698,0.10493827160493827,0.010638297872340425,0.019318181818181818,0.0,0.0,0.0
3,0.03,0.08950617283950617,0.01330885727397889,0.023172193367958453,0.08950617283950617,0.013602251407129456,0.023615635179153095,0.10185185185185185,0.010833880499015102,0.019584569732937686,0.0,0.0,0.0
4,0.04,0.08950617283950617,0.01330885727397889,0.023172193367958453,0.08950617283950617,0.013602251407129456,0.023615635179153095,0.09876543209876543,0.01099278598419787,0.019783616692426585,0.0,0.0,0.0
5,0.05,0.08950617283950617,0.01330885727397889,0.023172193367958453,0.08950617283950617,0.013602251407129456,0.023615635179153095,0.09567901234567901,0.011123071402942232,0.01992928318868531,0.0,0.0,0.0
6,0.06,0.08950617283950617,0.01330885727397889,0.023172193367958453,0.08950617283950617,0.013602251407129456,0.023615635179153095,0.09567901234567901,0.011584454409566517,0.020666666666666667,0.0,0.0,0.0
7,0.07,0.08950617283950617,0.01330885727397889,0.023172193367958453,0.08950617283950617,0.013602251407129456,0.023615635179153095,0.09567901234567901,0.012052877138413685,0.021408839779005526,0.0,0.0,0.0
8,0.08,0.08950617283950617,0.01330885727397889,0.023172193367958453,0.08950617283950617,0.013602251407129456,0.023615635179153095,0.09567901234567901,0.012525252525252526,0.02215076813147553,0.0,0.0,0.0
9,0.09,0.08950617283950617,0.01330885727397889,0.023172193367958453,0.08950617283950617,0.013602251407129456,0.023615635179153095,0.08950617283950617,0.012159329140461216,0.021410114433370247,0.0,0.0,0.0
10,0.1,0.08950617283950617,0.01330885727397889,0.023172193367958453,0.08950617283950617,0.013602251407129456,0.023615635179153095,0.08950617283950617,0.012608695652173913,0.022103658536585368,0.0,0.0,0.0
