,filter_abundance,precision_by_num_reads,recall_by_num_reads,F1_by_num_reads,precision_by_nts,recall_by_nts,F1_by_nts,precision_by_mean_cov,recall_by_mean_cov,F1_by_mean_cov,precision_by_med_cov,recall_by_med_cov,F1_by_med_cov
0,0.0,0.1287313432835821,0.019349411104879418,0.033642125792296446,0.16977611940298507,0.017913385826771655,0.03240740740740741,0.16977611940298507,0.017913385826771655,0.03240740740740741,0.0,0.0,0.0
1,0.01,0.1287313432835821,0.019349411104879418,0.033642125792296446,0.12686567164179105,0.01935116676152533,0.03358024691358025,0.15485074626865672,0.018456748943740272,0.032982316709715874,0.0,0.0,0.0
2,0.02,0.1287313432835821,0.019349411104879418,0.033642125792296446,0.12686567164179105,0.01935116676152533,0.03358024691358025,0.13805970149253732,0.017745803357314148,0.03144921376965576,0.0,0.0,0.0
3,0.03,0.1287313432835821,0.019349411104879418,0.033642125792296446,0.12686567164179105,0.01935116676152533,0.03358024691358025,0.13059701492537312,0.01789366053169734,0.03147482014388489,0.0,0.0,0.0
4,0.04,0.1287313432835821,0.019349411104879418,0.033642125792296446,0.12686567164179105,0.01935116676152533,0.03358024691358025,0.125,0.01817195551939246,0.0317309969216197,0.0,0.0,0.0
5,0.05,0.10261194029850747,0.01998546511627907,0.033454987834549886,0.125,0.019230769230769232,0.03333333333333333,0.11380597014925373,0.017463498425422275,0.030280466617026557,0.0,0.0,0.0
6,0.06,0.10261194029850747,0.01998546511627907,0.033454987834549886,0.11940298507462686,0.019536019536019536,0.033578174186778595,0.10820895522388059,0.017490952955367914,0.03011422637590862,0.0,0.0,0.0
7,0.07,0.10261194029850747,0.01998546511627907,0.033454987834549886,0.11380597014925373,0.019588953114964676,0.033424657534246574,0.10634328358208955,0.018055115616091227,0.03086921202274574,0.0,0.0,0.0
8,0.08,0.10261194029850747,0.01998546511627907,0.033454987834549886,0.10074626865671642,0.020186915887850466,0.033634381812519466,0.10074626865671642,0.017928286852589643,0.030439684329199555,0.0,0.0,0.0
9,0.09,0.10261194029850747,0.01998546511627907,0.033454987834549886,0.10074626865671642,0.020186915887850466,0.033634381812519466,0.09328358208955224,0.01734906315058987,0.029256875365710942,0.0,0.0,0.0
10,0.1,0.10261194029850747,0.01998546511627907,0.033454987834549886,0.10074626865671642,0.020186915887850466,0.033634381812519466,0.0914179104477612,0.01774719304599783,0.029723991507431,0.0,0.0,0.0
