,filter_abundance,precision_by_num_reads,recall_by_num_reads,F1_by_num_reads,precision_by_nts,recall_by_nts,F1_by_nts,precision_by_mean_cov,recall_by_mean_cov,F1_by_mean_cov,precision_by_med_cov,recall_by_med_cov,F1_by_med_cov
0,0.0,0.10199556541019955,0.01388469664956233,0.024442082890541977,0.164079822616408,0.015461763476807356,0.028260454458659538,0.164079822616408,0.015461763476807356,0.028260454458659538,0.0022172949002217295,0.008130081300813009,0.003484320557491289
1,0.01,0.10199556541019955,0.01388469664956233,0.024442082890541977,0.15077605321507762,0.01569713758079409,0.028434037215136942,0.13082039911308205,0.013836772983114446,0.025026511134676563,0.0,0.0,0.0
2,0.02,0.10199556541019955,0.01388469664956233,0.024442082890541977,0.10199556541019955,0.014097456328532026,0.024771136241249325,0.11529933481152993,0.013042387760220717,0.023433979269941417,0.0,0.0,0.0
3,0.03,0.10199556541019955,0.01388469664956233,0.024442082890541977,0.10199556541019955,0.014097456328532026,0.024771136241249325,0.10643015521064302,0.012776151184455683,0.022813688212927757,0.0,0.0,0.0
4,0.04,0.10199556541019955,0.01388469664956233,0.024442082890541977,0.10199556541019955,0.014097456328532026,0.024771136241249325,0.09977827050997783,0.012647554806070826,0.022449488650536295,0.0,0.0,0.0
5,0.05,0.10199556541019955,0.01388469664956233,0.024442082890541977,0.10199556541019955,0.014097456328532026,0.024771136241249325,0.09534368070953436,0.012710611882944133,0.022430881585811163,0.0,0.0,0.0
6,0.06,0.08425720620842572,0.01539708265802269,0.026036313806097982,0.10199556541019955,0.014197530864197531,0.024925494445949607,0.08869179600886919,0.012403100775193798,0.021762785636561477,0.0,0.0,0.0
7,0.07,0.08425720620842572,0.01539708265802269,0.026036313806097982,0.09534368070953436,0.014066077854105331,0.024515393386545035,0.08647450110864745,0.012666450146151347,0.022096317280453255,0.0,0.0,0.0
8,0.08,0.08425720620842572,0.01539708265802269,0.026036313806097982,0.08869179600886919,0.013693940431359124,0.023724792408066426,0.08425720620842572,0.012894468951476078,0.02236609770453208,0.0,0.0,0.0
9,0.09,0.08425720620842572,0.01539708265802269,0.026036313806097982,0.07982261640798226,0.015145140933950358,0.025459688826025464,0.07760532150776053,0.012393767705382436,0.021374045801526718,0.0,0.0,0.0
10,0.1,0.08425720620842572,0.01539708265802269,0.026036313806097982,0.07982261640798226,0.015145140933950358,0.025459688826025464,0.07760532150776053,0.012910365178900774,0.022137887413029727,0.0,0.0,0.0
