,filter_abundance,precision_by_num_reads,recall_by_num_reads,F1_by_num_reads,precision_by_nts,recall_by_nts,F1_by_nts,precision_by_mean_cov,recall_by_mean_cov,F1_by_mean_cov,precision_by_med_cov,recall_by_med_cov,F1_by_med_cov
0,0.0,0.10272536687631027,0.01569004162664105,0.02722222222222222,0.1509433962264151,0.015467239527389903,0.028059236165237728,0.1509433962264151,0.015467239527389903,0.028059236165237728,0.0041928721174004195,0.018518518518518517,0.006837606837606838
1,0.01,0.10272536687631027,0.01569004162664105,0.02722222222222222,0.14255765199161424,0.016240745163601623,0.02915951972555746,0.13417190775681342,0.015511391177896268,0.02780795133608516,0.0,0.0,0.0
2,0.02,0.10272536687631027,0.01569004162664105,0.02722222222222222,0.10272536687631027,0.015976524290837953,0.027652370203160272,0.11949685534591195,0.014820592823712949,0.0263705759888966,0.0,0.0,0.0
3,0.03,0.10272536687631027,0.01569004162664105,0.02722222222222222,0.10272536687631027,0.015976524290837953,0.027652370203160272,0.1090146750524109,0.014392471630224191,0.0254278728606357,0.0,0.0,0.0
4,0.04,0.10272536687631027,0.01569004162664105,0.02722222222222222,0.10272536687631027,0.015976524290837953,0.027652370203160272,0.1069182389937107,0.014938488576449912,0.026214340786430222,0.0,0.0,0.0
5,0.05,0.10272536687631027,0.01569004162664105,0.02722222222222222,0.10272536687631027,0.015976524290837953,0.027652370203160272,0.10272536687631027,0.015123456790123457,0.026365348399246702,0.0,0.0,0.0
6,0.06,0.10272536687631027,0.01569004162664105,0.02722222222222222,0.10272536687631027,0.015976524290837953,0.027652370203160272,0.09433962264150944,0.014596172559195588,0.025280898876404497,0.0,0.0,0.0
7,0.07,0.09224318658280922,0.01864406779661017,0.031018681706027496,0.10062893081761007,0.01646655231560892,0.028301886792452834,0.09433962264150944,0.01529051987767584,0.02631578947368421,0.0,0.0,0.0
8,0.08,0.09224318658280922,0.01864406779661017,0.031018681706027496,0.09643605870020965,0.016588532275513886,0.02830769230769231,0.09224318658280922,0.015630550621669625,0.026731470230862694,0.0,0.0,0.0
9,0.09,0.09224318658280922,0.01864406779661017,0.031018681706027496,0.09014675052410902,0.018834866403854577,0.03115942028985507,0.09014675052410902,0.015943641082684465,0.027095148078134845,0.0,0.0,0.0
10,0.1,0.09224318658280922,0.01864406779661017,0.031018681706027496,0.09014675052410902,0.018834866403854577,0.03115942028985507,0.08385744234800839,0.015455950540958269,0.026101141924959218,0.0,0.0,0.0
