,filter_abundance,precision_by_num_reads,recall_by_num_reads,F1_by_num_reads,precision_by_nts,recall_by_nts,F1_by_nts,precision_by_mean_cov,recall_by_mean_cov,F1_by_mean_cov,precision_by_med_cov,recall_by_med_cov,F1_by_med_cov
0,0.0,0.11946902654867257,0.01655426118945432,0.029079159935379642,0.1592920353982301,0.015251006142766362,0.027836845157548813,0.1592920353982301,0.015251006142766362,0.027836845157548813,0.0022123893805309734,0.008928571428571428,0.0035460992907801418
1,0.01,0.11946902654867257,0.01655426118945432,0.029079159935379642,0.15265486725663716,0.016262078717888286,0.02939297124600639,0.1415929203539823,0.015227218653342851,0.02749731471535983,0.0,0.0,0.0
2,0.02,0.11946902654867257,0.01655426118945432,0.029079159935379642,0.11946902654867257,0.016917293233082706,0.029637760702524697,0.12831858407079647,0.014780835881753314,0.026508226691042053,0.0,0.0,0.0
3,0.03,0.11946902654867257,0.01655426118945432,0.029079159935379642,0.11946902654867257,0.016917293233082706,0.029637760702524697,0.1172566371681416,0.014328196809948636,0.025536015417971576,0.0,0.0,0.0
4,0.04,0.11946902654867257,0.01655426118945432,0.029079159935379642,0.11946902654867257,0.016917293233082706,0.029637760702524697,0.11283185840707964,0.014563106796116505,0.025796661608497723,0.0,0.0,0.0
5,0.05,0.11946902654867257,0.01655426118945432,0.029079159935379642,0.11946902654867257,0.016917293233082706,0.029637760702524697,0.11283185840707964,0.015338345864661655,0.027005559968228756,0.0,0.0,0.0
6,0.06,0.10176991150442478,0.018790849673202614,0.031724137931034485,0.11946902654867257,0.017197452229299363,0.030066815144766147,0.10619469026548672,0.015141955835962145,0.026504693539480945,0.0,0.0,0.0
7,0.07,0.10176991150442478,0.018790849673202614,0.031724137931034485,0.11504424778761062,0.017484868863483525,0.03035610040863982,0.10619469026548672,0.015867768595041323,0.027610008628127698,0.0,0.0,0.0
8,0.08,0.10176991150442478,0.018790849673202614,0.031724137931034485,0.11283185840707964,0.017945109078114006,0.03096539162112933,0.10398230088495575,0.016268605053651783,0.02813528883567794,0.0,0.0,0.0
9,0.09,0.10176991150442478,0.018790849673202614,0.031724137931034485,0.09955752212389381,0.018947368421052633,0.0318358684117439,0.09955752212389381,0.01623962468422952,0.027924294135898232,0.0,0.0,0.0
10,0.1,0.10176991150442478,0.018790849673202614,0.031724137931034485,0.09955752212389381,0.018947368421052633,0.0318358684117439,0.09734513274336283,0.016547574276043624,0.02828672452587592,0.0,0.0,0.0
