,filter_abundance,precision_by_num_reads,recall_by_num_reads,F1_by_num_reads,precision_by_nts,recall_by_nts,F1_by_nts,precision_by_mean_cov,recall_by_mean_cov,F1_by_mean_cov,precision_by_med_cov,recall_by_med_cov,F1_by_med_cov
0,0.0,0.11471321695760599,0.016346837242359632,0.02861586314152411,0.1571072319201995,0.014590088003705419,0.02670057215511761,0.1571072319201995,0.014590088003705419,0.02670057215511761,0.0024937655860349127,0.011627906976744186,0.004106776180698152
1,0.01,0.11471321695760599,0.016346837242359632,0.02861586314152411,0.15211970074812967,0.015609007164790174,0.028312833604084472,0.14463840399002495,0.01496002063451122,0.02711547452080412,0.0,0.0,0.0
2,0.02,0.11471321695760599,0.016346837242359632,0.02861586314152411,0.11471321695760599,0.016739446870451237,0.029215624007621465,0.13466334164588528,0.014794520547945205,0.026660083929893854,0.0,0.0,0.0
3,0.03,0.11471321695760599,0.016346837242359632,0.02861586314152411,0.11471321695760599,0.016739446870451237,0.029215624007621465,0.12718204488778054,0.014739884393063583,0.02641802641802642,0.0,0.0,0.0
4,0.04,0.11471321695760599,0.016346837242359632,0.02861586314152411,0.11471321695760599,0.016739446870451237,0.029215624007621465,0.12219451371571072,0.014880048587913756,0.026529507309149974,0.0,0.0,0.0
5,0.05,0.11471321695760599,0.016346837242359632,0.02861586314152411,0.11471321695760599,0.016739446870451237,0.029215624007621465,0.11970074812967581,0.015276893698281349,0.027095681625740897,0.0,0.0,0.0
6,0.06,0.11471321695760599,0.016346837242359632,0.02861586314152411,0.11471321695760599,0.016739446870451237,0.029215624007621465,0.1172069825436409,0.015645805592543277,0.0276064610866373,0.0,0.0,0.0
7,0.07,0.11471321695760599,0.016346837242359632,0.02861586314152411,0.11471321695760599,0.016739446870451237,0.029215624007621465,0.1172069825436409,0.016336461591936045,0.028676021964612566,0.0,0.0,0.0
8,0.08,0.10473815461346633,0.020618556701030927,0.034454470877768664,0.11471321695760599,0.016843647015745148,0.029374201787994894,0.10972568578553615,0.01594780717651323,0.027848101265822787,0.0,0.0,0.0
9,0.09,0.10473815461346633,0.020618556701030927,0.034454470877768664,0.10972568578553615,0.01694915254237288,0.029362696029362697,0.10473815461346633,0.015855039637599093,0.027540983606557375,0.0,0.0,0.0
10,0.1,0.10473815461346633,0.020618556701030927,0.034454470877768664,0.10473815461346633,0.016887816646562123,0.029085872576177285,0.10224438902743142,0.01610369206598586,0.02782490668476417,0.0,0.0,0.0
