,filter_abundance,precision_by_num_reads,recall_by_num_reads,F1_by_num_reads,precision_by_nts,recall_by_nts,F1_by_nts,precision_by_mean_cov,recall_by_mean_cov,F1_by_mean_cov,precision_by_med_cov,recall_by_med_cov,F1_by_med_cov
0,0.0,0.08740359897172237,0.01227436823104693,0.021525799303577082,0.14910025706940874,0.013391826368044332,0.02457627118644068,0.14910025706940874,0.013391826368044332,0.02457627118644068,0.0,0.0,0.0
1,0.01,0.08740359897172237,0.01227436823104693,0.021525799303577082,0.13624678663239073,0.01347914547304171,0.02453135848183291,0.12339331619537275,0.012348855158219707,0.02245088868101029,0.0,0.0,0.0
2,0.02,0.08740359897172237,0.01227436823104693,0.021525799303577082,0.08740359897172237,0.012518409425625921,0.021900161030595815,0.11568123393316196,0.012305168170631665,0.022244191794364803,0.0,0.0,0.0
3,0.03,0.08740359897172237,0.01227436823104693,0.021525799303577082,0.08740359897172237,0.012518409425625921,0.021900161030595815,0.10282776349614396,0.011554015020219527,0.02077382498052454,0.0,0.0,0.0
4,0.04,0.08740359897172237,0.01227436823104693,0.021525799303577082,0.08740359897172237,0.012518409425625921,0.021900161030595815,0.10282776349614396,0.0121580547112462,0.021745039412883936,0.0,0.0,0.0
5,0.05,0.08740359897172237,0.01227436823104693,0.021525799303577082,0.08740359897172237,0.012518409425625921,0.021900161030595815,0.10282776349614396,0.012730744748567792,0.022656471254602097,0.0,0.0,0.0
6,0.06,0.08740359897172237,0.01227436823104693,0.021525799303577082,0.08740359897172237,0.012518409425625921,0.021900161030595815,0.08740359897172237,0.011322011322011322,0.020047169811320754,0.0,0.0,0.0
7,0.07,0.08740359897172237,0.01227436823104693,0.021525799303577082,0.08740359897172237,0.012518409425625921,0.021900161030595815,0.08483290488431877,0.011470281543274244,0.02020820575627679,0.0,0.0,0.0
8,0.08,0.08740359897172237,0.01227436823104693,0.021525799303577082,0.08740359897172237,0.012518409425625921,0.021900161030595815,0.07712082262210797,0.010861694424330196,0.01904157410345922,0.0,0.0,0.0
9,0.09,0.07197943444730077,0.014220416455053326,0.02374893977947413,0.08226221079691516,0.012209080503624571,0.0212624584717608,0.07712082262210797,0.011312217194570135,0.019730351857941465,0.0,0.0,0.0
10,0.1,0.07197943444730077,0.014220416455053326,0.02374893977947413,0.08226221079691516,0.012789768185451638,0.022137668626772744,0.07455012853470437,0.011377010592389172,0.019741320626276378,0.0,0.0,0.0
