,filter_abundance,precision_by_num_reads,recall_by_num_reads,F1_by_num_reads,precision_by_nts,recall_by_nts,F1_by_nts,precision_by_mean_cov,recall_by_mean_cov,F1_by_mean_cov,precision_by_med_cov,recall_by_med_cov,F1_by_med_cov
0,0.0,0.10672853828306264,0.01653486700215672,0.02863367569249922,0.14849187935034802,0.0147431467403824,0.026823134953897737,0.14849187935034802,0.0147431467403824,0.026823134953897737,0.002320185614849188,0.009615384615384616,0.003738317757009346
1,0.01,0.10672853828306264,0.01653486700215672,0.02863367569249922,0.13921113689095127,0.015302218821729151,0.027573529411764705,0.12529002320185614,0.013946280991735538,0.025098768301185223,0.0,0.0,0.0
2,0.02,0.10672853828306264,0.01653486700215672,0.02863367569249922,0.10672853828306264,0.016868353502016868,0.029132362254591516,0.12529002320185614,0.014859658778205834,0.026568265682656828,0.0,0.0,0.0
3,0.03,0.10672853828306264,0.01653486700215672,0.02863367569249922,0.10672853828306264,0.016868353502016868,0.029132362254591516,0.12064965197215777,0.0151559312153891,0.02692905230450544,0.0,0.0,0.0
4,0.04,0.10672853828306264,0.01653486700215672,0.02863367569249922,0.10672853828306264,0.016868353502016868,0.029132362254591516,0.1136890951276102,0.015053763440860216,0.026587086272381984,0.0,0.0,0.0
5,0.05,0.10672853828306264,0.01653486700215672,0.02863367569249922,0.10672853828306264,0.016868353502016868,0.029132362254591516,0.10904872389791183,0.015161290322580645,0.026621353724157464,0.0,0.0,0.0
6,0.06,0.10672853828306264,0.01653486700215672,0.02863367569249922,0.10672853828306264,0.016868353502016868,0.029132362254591516,0.10440835266821345,0.015202702702702704,0.026540843409023886,0.0,0.0,0.0
7,0.07,0.10672853828306264,0.01653486700215672,0.02863367569249922,0.10672853828306264,0.016868353502016868,0.029132362254591516,0.09976798143851508,0.015172900494001412,0.02633996937212864,0.0,0.0,0.0
8,0.08,0.10672853828306264,0.01653486700215672,0.02863367569249922,0.10672853828306264,0.016868353502016868,0.029132362254591516,0.09744779582366589,0.015463917525773196,0.026692087702573884,0.0,0.0,0.0
9,0.09,0.08352668213457076,0.01834862385321101,0.030087755954868362,0.10672853828306264,0.01761102603369066,0.030233322379231025,0.0951276102088167,0.015726889144610665,0.026991441737985518,0.0,0.0,0.0
10,0.1,0.08352668213457076,0.01834862385321101,0.030087755954868362,0.10672853828306264,0.018392642942822873,0.03137789904502047,0.09280742459396751,0.01596169193934557,0.027238678924072182,0.0,0.0,0.0
