,filter_abundance,precision_by_num_reads,recall_by_num_reads,F1_by_num_reads,precision_by_nts,recall_by_nts,F1_by_nts,precision_by_mean_cov,recall_by_mean_cov,F1_by_mean_cov,precision_by_med_cov,recall_by_med_cov,F1_by_med_cov
0,0.0,0.07407407407407407,0.012166588675713618,0.02090032154340836,0.1282051282051282,0.012248230811105062,0.02236024844720497,0.1282051282051282,0.012248230811105062,0.02236024844720497,0.002849002849002849,0.014925373134328358,0.004784688995215311
1,0.01,0.07407407407407407,0.012166588675713618,0.02090032154340836,0.1168091168091168,0.012227855651655234,0.022138228941684664,0.09971509971509972,0.010532651218778213,0.01905280348394121,0.0,0.0,0.0
2,0.02,0.07407407407407407,0.012166588675713618,0.02090032154340836,0.11396011396011396,0.012430080795525171,0.022415242364808068,0.09686609686609686,0.010810810810810811,0.019450800915331808,0.0,0.0,0.0
3,0.03,0.07407407407407407,0.012166588675713618,0.02090032154340836,0.07122507122507123,0.012013455069678039,0.02055921052631579,0.09116809116809117,0.01068804275217101,0.019133034379671152,0.0,0.0,0.0
4,0.04,0.07407407407407407,0.012166588675713618,0.02090032154340836,0.07122507122507123,0.012013455069678039,0.02055921052631579,0.08831908831908832,0.010839160839160839,0.019308626596075986,0.0,0.0,0.0
5,0.05,0.07407407407407407,0.012166588675713618,0.02090032154340836,0.07122507122507123,0.012013455069678039,0.02055921052631579,0.08547008547008547,0.010960906101571063,0.019430051813471502,0.0,0.0,0.0
6,0.06,0.07407407407407407,0.012166588675713618,0.02090032154340836,0.07122507122507123,0.012013455069678039,0.02055921052631579,0.07977207977207977,0.010670731707317074,0.018823529411764704,0.0,0.0,0.0
7,0.07,0.07407407407407407,0.012166588675713618,0.02090032154340836,0.07122507122507123,0.012013455069678039,0.02055921052631579,0.07977207977207977,0.011111111111111112,0.019505398815743643,0.0,0.0,0.0
8,0.08,0.07407407407407407,0.012166588675713618,0.02090032154340836,0.07122507122507123,0.012013455069678039,0.02055921052631579,0.07977207977207977,0.011555922410235245,0.020187454938716654,0.0,0.0,0.0
9,0.09,0.07407407407407407,0.012166588675713618,0.02090032154340836,0.07122507122507123,0.012013455069678039,0.02055921052631579,0.07977207977207977,0.01201716738197425,0.020887728459530026,0.0,0.0,0.0
10,0.1,0.07407407407407407,0.012166588675713618,0.02090032154340836,0.07122507122507123,0.012013455069678039,0.02055921052631579,0.07977207977207977,0.012466607301869992,0.0215633423180593,0.0,0.0,0.0
