,filter_abundance,precision_by_num_reads,recall_by_num_reads,F1_by_num_reads,precision_by_nts,recall_by_nts,F1_by_nts,precision_by_mean_cov,recall_by_mean_cov,F1_by_mean_cov,precision_by_med_cov,recall_by_med_cov,F1_by_med_cov
0,0.0,0.09006928406466513,0.014181818181818183,0.024505183788878417,0.13625866050808313,0.013714551371455138,0.0249208025343189,0.13625866050808313,0.013714551371455138,0.0249208025343189,0.0,0.0,0.0
1,0.01,0.09006928406466513,0.014181818181818183,0.024505183788878417,0.13394919168591224,0.014841351074718526,0.0267219534669431,0.12471131639722864,0.01396792550439731,0.025122121423586878,0.0,0.0,0.0
2,0.02,0.09006928406466513,0.014181818181818183,0.024505183788878417,0.09006928406466513,0.014428412874583796,0.024872448979591837,0.11316397228637413,0.01347264228759967,0.02407862407862408,0.0,0.0,0.0
3,0.03,0.09006928406466513,0.014181818181818183,0.024505183788878417,0.09006928406466513,0.014428412874583796,0.024872448979591837,0.10854503464203233,0.013658820110433014,0.024264326277749097,0.0,0.0,0.0
4,0.04,0.09006928406466513,0.014181818181818183,0.024505183788878417,0.09006928406466513,0.014428412874583796,0.024872448979591837,0.10161662817551963,0.013451543870376031,0.023758099352051833,0.0,0.0,0.0
5,0.05,0.09006928406466513,0.014181818181818183,0.024505183788878417,0.09006928406466513,0.014428412874583796,0.024872448979591837,0.09468822170900693,0.013157894736842105,0.02310510002817695,0.0,0.0,0.0
6,0.06,0.09006928406466513,0.014181818181818183,0.024505183788878417,0.09006928406466513,0.014428412874583796,0.024872448979591837,0.09006928406466513,0.013100436681222707,0.02287390029325513,0.0,0.0,0.0
7,0.07,0.09006928406466513,0.014181818181818183,0.024505183788878417,0.09006928406466513,0.014428412874583796,0.024872448979591837,0.08314087759815242,0.012636012636012635,0.021937842778793414,0.0,0.0,0.0
8,0.08,0.09006928406466513,0.014181818181818183,0.024505183788878417,0.09006928406466513,0.014428412874583796,0.024872448979591837,0.07852193995381063,0.01245877610846464,0.021505376344086023,0.0,0.0,0.0
9,0.09,0.06466512702078522,0.014007003501750876,0.023026315789473686,0.08775981524249422,0.014581734458940905,0.025008226390259954,0.07390300230946882,0.012213740458015267,0.020962987225679658,0.0,0.0,0.0
10,0.1,0.06466512702078522,0.014007003501750876,0.023026315789473686,0.08545034642032333,0.014853472501003613,0.0253077975376197,0.07390300230946882,0.012713547874453715,0.02169491525423729,0.0,0.0,0.0
