,filter_abundance,precision_by_num_reads,recall_by_num_reads,F1_by_num_reads,precision_by_nts,recall_by_nts,F1_by_nts,precision_by_mean_cov,recall_by_mean_cov,F1_by_mean_cov,precision_by_med_cov,recall_by_med_cov,F1_by_med_cov
0,0.0,0.7095652173913043,0.3059617547806524,0.4275609117107676,0.8078260869565217,0.22214251554280248,0.34846211552888223,0.8078260869565217,0.22214251554280248,0.34846211552888223,0.0052173913043478265,0.06896551724137931,0.009700889248181084
1,0.01,0.7095652173913043,0.3059617547806524,0.4275609117107676,0.782608695652174,0.23778071334214002,0.364741641337386,0.7652173913043478,0.2351055303232701,0.35969752707950137,0.0,0.0,0.0
2,0.02,0.7095652173913043,0.3059617547806524,0.4275609117107676,0.7060869565217391,0.31016042780748665,0.43099787685774954,0.7530434782608696,0.2464428002276608,0.3713550600343053,0.0,0.0,0.0
3,0.03,0.7095652173913043,0.3059617547806524,0.4275609117107676,0.7060869565217391,0.31016042780748665,0.43099787685774954,0.7356521739130435,0.2549728752260398,0.37869292748433303,0.0,0.0,0.0
4,0.04,0.7095652173913043,0.3059617547806524,0.4275609117107676,0.7060869565217391,0.31016042780748665,0.43099787685774954,0.7260869565217392,0.26499523960647414,0.3882817949314113,0.0,0.0,0.0
5,0.05,0.7095652173913043,0.3059617547806524,0.4275609117107676,0.7060869565217391,0.31016042780748665,0.43099787685774954,0.717391304347826,0.2748167888074617,0.3973988439306358,0.0,0.0,0.0
6,0.06,0.7095652173913043,0.3059617547806524,0.4275609117107676,0.7060869565217391,0.31016042780748665,0.43099787685774954,0.7026086956521739,0.28172942817294283,0.4021901443504231,0.0,0.0,0.0
7,0.07,0.7095652173913043,0.3059617547806524,0.4275609117107676,0.7060869565217391,0.31016042780748665,0.43099787685774954,0.6860869565217391,0.28806133625410735,0.4057598354332733,0.0,0.0,0.0
8,0.08,0.7095652173913043,0.3059617547806524,0.4275609117107676,0.7060869565217391,0.31016042780748665,0.43099787685774954,0.6730434782608695,0.2945205479452055,0.4097406034939121,0.0,0.0,0.0
9,0.09,0.6252173913043478,0.3723459347488348,0.4667315806556313,0.691304347826087,0.3183820584701642,0.435974773786674,0.6582608695652173,0.30003963535473643,0.41219711407568743,0.0,0.0,0.0
10,0.1,0.6252173913043478,0.3723459347488348,0.4667315806556313,0.6791304347826087,0.3273260687342833,0.44174208144796384,0.6539130434782608,0.3101030927835052,0.4206993006993007,0.0,0.0,0.0
