,filter_abundance,precision_by_num_reads,recall_by_num_reads,F1_by_num_reads,precision_by_nts,recall_by_nts,F1_by_nts,precision_by_mean_cov,recall_by_mean_cov,F1_by_mean_cov,precision_by_med_cov,recall_by_med_cov,F1_by_med_cov
0,0.0,0.9248554913294798,0.19619865113427346,0.32372281234193223,0.9942196531791907,0.14573183647532303,0.2542028450027711,0.9942196531791907,0.14573183647532303,0.2542028450027711,0.014450867052023121,0.08928571428571429,0.02487562189054726
1,0.01,0.9248554913294798,0.19619865113427346,0.32372281234193223,0.9812138728323699,0.1600282818760311,0.275177304964539,0.9653179190751445,0.158934094694266,0.2729315628192033,0.0,0.0,0.0
2,0.02,0.9248554913294798,0.19619865113427346,0.32372281234193223,0.9205202312138728,0.19956140350877194,0.3280123583934088,0.9508670520231214,0.16768603465851173,0.28509532062391685,0.0,0.0,0.0
3,0.03,0.9248554913294798,0.19619865113427346,0.32372281234193223,0.9205202312138728,0.19956140350877194,0.3280123583934088,0.9378612716763006,0.17545282508786159,0.2956046458665452,0.0,0.0,0.0
4,0.04,0.9248554913294798,0.19619865113427346,0.32372281234193223,0.9205202312138728,0.19956140350877194,0.3280123583934088,0.9277456647398844,0.18332381496287836,0.3061516452074392,0.0,0.0,0.0
5,0.05,0.9248554913294798,0.19619865113427346,0.32372281234193223,0.9205202312138728,0.19956140350877194,0.3280123583934088,0.9147398843930635,0.19037593984962406,0.31516056758775207,0.0,0.0,0.0
6,0.06,0.846820809248555,0.23937908496732027,0.3732484076433121,0.9205202312138728,0.20286624203821657,0.3324634655532359,0.9017341040462428,0.1968454258675079,0.32314862765406527,0.0,0.0,0.0
7,0.07,0.846820809248555,0.23937908496732027,0.3732484076433121,0.9104046242774566,0.21183591123066578,0.3436988543371522,0.880057803468208,0.20132231404958678,0.3276836158192091,0.0,0.0,0.0
8,0.08,0.846820809248555,0.23937908496732027,0.3732484076433121,0.8930635838150289,0.21745249824067558,0.34974533106960953,0.865606936416185,0.20733817930079612,0.33454342362468587,0.0,0.0,0.0
9,0.09,0.846820809248555,0.23937908496732027,0.3732484076433121,0.8367052023121387,0.24378947368421053,0.37756765568959894,0.8511560693641619,0.2125586430891375,0.34016748483973436,0.0,0.0,0.0
10,0.1,0.846820809248555,0.23937908496732027,0.3732484076433121,0.8367052023121387,0.24378947368421053,0.37756765568959894,0.8352601156069365,0.2173749529898458,0.3449716502536556,0.0,0.0,0.0
