,filter_abundance,precision_by_num_reads,recall_by_num_reads,F1_by_num_reads,precision_by_nts,recall_by_nts,F1_by_nts,precision_by_mean_cov,recall_by_mean_cov,F1_by_mean_cov,precision_by_med_cov,recall_by_med_cov,F1_by_med_cov
0,0.0,0.9134438305709024,0.18141916605705927,0.3027158986878242,0.996316758747698,0.1267275708596861,0.22485453034081462,0.996316758747698,0.1267275708596861,0.22485453034081462,0.02394106813996317,0.1111111111111111,0.0393939393939394
1,0.01,0.9134438305709024,0.18141916605705927,0.3027158986878242,0.990791896869245,0.1390899689762151,0.2439356155066878,0.9779005524861878,0.13900523560209424,0.24341049736419898,0.0,0.0,0.0
2,0.02,0.9134438305709024,0.18141916605705927,0.3027158986878242,0.9116022099447514,0.18477043673012317,0.30726256983240224,0.9558011049723757,0.14468915528296628,0.2513317191283293,0.0,0.0,0.0
3,0.03,0.9134438305709024,0.18141916605705927,0.3027158986878242,0.9116022099447514,0.18477043673012317,0.30726256983240224,0.9484346224677717,0.15187260395163668,0.26182003050330455,0.0,0.0,0.0
4,0.04,0.9134438305709024,0.18141916605705927,0.3027158986878242,0.9116022099447514,0.18477043673012317,0.30726256983240224,0.9318600368324125,0.15724052206339342,0.2690773730390854,0.0,0.0,0.0
5,0.05,0.9134438305709024,0.18141916605705927,0.3027158986878242,0.9116022099447514,0.18477043673012317,0.30726256983240224,0.9189686924493554,0.16291217760365653,0.2767609539656129,0.0,0.0,0.0
6,0.06,0.9134438305709024,0.18141916605705927,0.3027158986878242,0.9116022099447514,0.18477043673012317,0.30726256983240224,0.9060773480662984,0.16837782340862423,0.28398268398268395,0.0,0.0,0.0
7,0.07,0.9134438305709024,0.18141916605705927,0.3027158986878242,0.9116022099447514,0.18477043673012317,0.30726256983240224,0.8931860036832413,0.1736484067311135,0.29076738609112707,0.0,0.0,0.0
8,0.08,0.9134438305709024,0.18141916605705927,0.3027158986878242,0.9116022099447514,0.18477043673012317,0.30726256983240224,0.8858195211786372,0.179745889387145,0.29885057471264365,0.0,0.0,0.0
9,0.09,0.8195211786372008,0.2223888055972014,0.3498427672955975,0.9005524861878453,0.1910902696365768,0.3152804642166344,0.8710865561694291,0.1840466926070039,0.30388692579505305,0.0,0.0,0.0
10,0.1,0.8195211786372008,0.2223888055972014,0.3498427672955975,0.8913443830570903,0.1976316864026133,0.3235294117647059,0.85451197053407,0.18793033616848925,0.30810092961487384,0.0,0.0,0.0
