,filter_abundance,precision_by_num_reads,recall_by_num_reads,F1_by_num_reads,precision_by_nts,recall_by_nts,F1_by_nts,precision_by_mean_cov,recall_by_mean_cov,F1_by_mean_cov,precision_by_med_cov,recall_by_med_cov,F1_by_med_cov
0,0.0,0.6503719447396387,0.280091533180778,0.3915547024952015,0.7662061636556854,0.1982948294829483,0.31505352851212587,0.7662061636556854,0.1982948294829483,0.31505352851212587,0.007438894792773645,0.10144927536231885,0.013861386138613862
1,0.01,0.6503719447396387,0.280091533180778,0.3915547024952015,0.7481402763018066,0.21134794356049236,0.3295880149812734,0.7396386822529224,0.2109090909090909,0.32822447535958504,0.0,0.0,0.0
2,0.02,0.6503719447396387,0.280091533180778,0.3915547024952015,0.7375132837407014,0.21714643304130163,0.33550882281846744,0.7215727948990436,0.21714102974096577,0.3338249754178958,0.0,0.0,0.0
3,0.03,0.6503719447396387,0.280091533180778,0.3915547024952015,0.6493092454835282,0.2851143257116192,0.3962386511024643,0.7045696068012752,0.22240858772224087,0.338092809790923,0.0,0.0,0.0
4,0.04,0.6503719447396387,0.280091533180778,0.3915547024952015,0.6493092454835282,0.2851143257116192,0.3962386511024643,0.69394261424017,0.22904244124868467,0.3444092827004219,0.0,0.0,0.0
5,0.05,0.6503719447396387,0.280091533180778,0.3915547024952015,0.6493092454835282,0.2851143257116192,0.3962386511024643,0.6801275239107333,0.2343463932625412,0.34858387799564267,0.0,0.0,0.0
6,0.06,0.6503719447396387,0.280091533180778,0.3915547024952015,0.6493092454835282,0.2851143257116192,0.3962386511024643,0.6641870350690755,0.2383676582761251,0.3508279539713725,0.0,0.0,0.0
7,0.07,0.6503719447396387,0.280091533180778,0.3915547024952015,0.6493092454835282,0.2851143257116192,0.3962386511024643,0.6503719447396387,0.24276080920269735,0.3535528596187175,0.0,0.0,0.0
8,0.08,0.6503719447396387,0.280091533180778,0.3915547024952015,0.6493092454835282,0.2851143257116192,0.3962386511024643,0.6365568544102019,0.24701030927835052,0.35591206179441476,0.0,0.0,0.0
9,0.09,0.6503719447396387,0.280091533180778,0.3915547024952015,0.6493092454835282,0.2851143257116192,0.3962386511024643,0.6291179596174282,0.2534246575342466,0.3613060726274031,0.0,0.0,0.0
10,0.1,0.6503719447396387,0.280091533180778,0.3915547024952015,0.6493092454835282,0.2851143257116192,0.3962386511024643,0.6184909670563231,0.25843694493783304,0.36454744754149704,0.0,0.0,0.0
