,filter_abundance,precision_by_num_reads,recall_by_num_reads,F1_by_num_reads,precision_by_nts,recall_by_nts,F1_by_nts,precision_by_mean_cov,recall_by_mean_cov,F1_by_mean_cov,precision_by_med_cov,recall_by_med_cov,F1_by_med_cov
0,0.0,0.6388888888888888,0.2798315395414132,0.38919622518711355,0.7713675213675214,0.19651605879150788,0.31323210412147506,0.7713675213675214,0.19651605879150788,0.31323210412147506,0.005341880341880342,0.07462686567164178,0.009970089730807577
1,0.01,0.6388888888888888,0.2798315395414132,0.38919622518711355,0.7510683760683761,0.20966298836862513,0.3278153415714619,0.7435897435897436,0.20944929280770389,0.3268372857478281,0.0,0.0,0.0
2,0.02,0.6388888888888888,0.2798315395414132,0.38919622518711355,0.7361111111111112,0.21410814170292106,0.3317284545016851,0.7318376068376068,0.2178060413354531,0.33570203381524133,0.0,0.0,0.0
3,0.03,0.6388888888888888,0.2798315395414132,0.38919622518711355,0.6335470085470085,0.2849591542527631,0.3931057341730195,0.7083333333333334,0.22144288577154309,0.3374045801526717,0.0,0.0,0.0
4,0.04,0.6388888888888888,0.2798315395414132,0.38919622518711355,0.6335470085470085,0.2849591542527631,0.3931057341730195,0.6933760683760684,0.22692307692307692,0.34193888303477343,0.0,0.0,0.0
5,0.05,0.6388888888888888,0.2798315395414132,0.38919622518711355,0.6335470085470085,0.2849591542527631,0.3931057341730195,0.6762820512820513,0.23127511874314943,0.3446773754424176,0.0,0.0,0.0
6,0.06,0.6388888888888888,0.2798315395414132,0.38919622518711355,0.6335470085470085,0.2849591542527631,0.3931057341730195,0.6645299145299145,0.23704268292682926,0.34943820224719097,0.0,0.0,0.0
7,0.07,0.6388888888888888,0.2798315395414132,0.38919622518711355,0.6335470085470085,0.2849591542527631,0.3931057341730195,0.6549145299145299,0.24325396825396825,0.35474537037037035,0.0,0.0,0.0
8,0.08,0.6388888888888888,0.2798315395414132,0.38919622518711355,0.6335470085470085,0.2849591542527631,0.3931057341730195,0.6420940170940171,0.24803962030540652,0.3578445966061328,0.0,0.0,0.0
9,0.09,0.6388888888888888,0.2798315395414132,0.38919622518711355,0.6335470085470085,0.2849591542527631,0.3931057341730195,0.6346153846153846,0.2549356223175966,0.36374770361298225,0.0,0.0,0.0
10,0.1,0.6388888888888888,0.2798315395414132,0.38919622518711355,0.6335470085470085,0.2849591542527631,0.3931057341730195,0.6239316239316239,0.26001780943900266,0.3670647391577624,0.0,0.0,0.0
