,filter_abundance,precision_by_num_reads,recall_by_num_reads,F1_by_num_reads,precision_by_nts,recall_by_nts,F1_by_nts,precision_by_mean_cov,recall_by_mean_cov,F1_by_mean_cov,precision_by_med_cov,recall_by_med_cov,F1_by_med_cov
0,0.0,0.9446540880503145,0.21125175808720112,0.3452873563218391,0.9949685534591195,0.15506763379729466,0.2683175033921303,0.9949685534591195,0.15506763379729466,0.2683175033921303,0.031446540880503145,0.16778523489932887,0.05296610169491526
1,0.01,0.9446540880503145,0.21125175808720112,0.3452873563218391,0.9446540880503145,0.21414314228685485,0.3491399349139934,0.9761006289308176,0.17259786476868327,0.2933282933282933,0.0,0.0,0.0
2,0.02,0.9446540880503145,0.21125175808720112,0.3452873563218391,0.9446540880503145,0.21414314228685485,0.3491399349139934,0.9559748427672956,0.18247298919567828,0.30645161290322587,0.0,0.0,0.0
3,0.03,0.9446540880503145,0.21125175808720112,0.3452873563218391,0.9446540880503145,0.21414314228685485,0.3491399349139934,0.9433962264150944,0.19240636223704463,0.31962497336458556,0.0,0.0,0.0
4,0.04,0.9446540880503145,0.21125175808720112,0.3452873563218391,0.9446540880503145,0.21414314228685485,0.3491399349139934,0.9345911949685535,0.2022869588891914,0.3325872873769024,0.0,0.0,0.0
5,0.05,0.8742138364779874,0.2516292541636495,0.3907787461343829,0.9433962264150944,0.21483815525637354,0.34997666822211854,0.9232704402515723,0.21122302158273382,0.34379391100702583,0.0,0.0,0.0
6,0.06,0.8742138364779874,0.2516292541636495,0.3907787461343829,0.9320754716981132,0.22605247101891396,0.36385956297569355,0.909433962264151,0.2190245380187822,0.35302734375000006,0.0,0.0,0.0
7,0.07,0.8742138364779874,0.2516292541636495,0.3907787461343829,0.9207547169811321,0.23454021147068246,0.37385086823289065,0.8943396226415095,0.2260731319554849,0.36091370558375635,0.0,0.0,0.0
8,0.08,0.8742138364779874,0.2516292541636495,0.3907787461343829,0.8729559748427673,0.2600224803297115,0.4006928406466512,0.8855345911949686,0.23435419440745672,0.370623848381153,0.0,0.0,0.0
9,0.09,0.8742138364779874,0.2516292541636495,0.3907787461343829,0.8729559748427673,0.2600224803297115,0.4006928406466512,0.8729559748427673,0.24130737134909597,0.37809861073277035,0.0,0.0,0.0
10,0.1,0.8150943396226416,0.2903225806451613,0.4281466798810704,0.8729559748427673,0.2600224803297115,0.4006928406466512,0.8591194968553459,0.24782293178519593,0.38468037172627434,0.0,0.0,0.0
