,filter_abundance,precision_by_num_reads,recall_by_num_reads,F1_by_num_reads,precision_by_nts,recall_by_nts,F1_by_nts,precision_by_mean_cov,recall_by_mean_cov,F1_by_mean_cov,precision_by_med_cov,recall_by_med_cov,F1_by_med_cov
0,0.0,0.8847736625514403,0.15462064005753326,0.26323844505662686,0.9958847736625515,0.11206297754109748,0.20145681581685743,0.9958847736625515,0.11206297754109748,0.20145681581685743,0.018518518518518517,0.08737864077669903,0.030560271646859084
1,0.01,0.8847736625514403,0.15462064005753326,0.26323844505662686,0.9835390946502057,0.12200102092904543,0.21707538601271573,0.9711934156378601,0.12158681092220505,0.2161172161172161,0.07142857142857142,0.02631578947368421,0.038461538461538464
2,0.02,0.8847736625514403,0.15462064005753326,0.26323844505662686,0.8827160493827161,0.15702781844802344,0.2666252330640149,0.9382716049382716,0.12510288065843622,0.22076978939724037,0.07142857142857142,0.02631578947368421,0.038461538461538464
3,0.03,0.8847736625514403,0.15462064005753326,0.26323844505662686,0.8827160493827161,0.15702781844802344,0.2666252330640149,0.9197530864197531,0.12956521739130436,0.22713414634146342,0.07142857142857142,0.02631578947368421,0.038461538461538464
4,0.04,0.8847736625514403,0.15462064005753326,0.26323844505662686,0.8827160493827161,0.15702781844802344,0.2666252330640149,0.9053497942386831,0.13426914861153494,0.23385596598458674,0.07142857142857142,0.02631578947368421,0.038461538461538464
5,0.05,0.8847736625514403,0.15462064005753326,0.26323844505662686,0.8827160493827161,0.15702781844802344,0.2666252330640149,0.8930041152263375,0.13914716255210002,0.2407766990291262,0.07142857142857142,0.02631578947368421,0.038461538461538464
6,0.06,0.8847736625514403,0.15462064005753326,0.26323844505662686,0.8827160493827161,0.15702781844802344,0.2666252330640149,0.8806584362139918,0.14343163538873996,0.24668587896253602,0.07142857142857142,0.02631578947368421,0.038461538461538464
7,0.07,0.8847736625514403,0.15462064005753326,0.26323844505662686,0.8827160493827161,0.15702781844802344,0.2666252330640149,0.8600823045267489,0.1463073153657683,0.2500747831289261,0.07142857142857142,0.02631578947368421,0.038461538461538464
8,0.08,0.8847736625514403,0.15462064005753326,0.26323844505662686,0.8827160493827161,0.15702781844802344,0.2666252330640149,0.8497942386831275,0.15072992700729926,0.25604463732176064,0.07142857142857142,0.02631578947368421,0.038461538461538464
9,0.09,0.7757201646090535,0.18608094768015795,0.3001592356687898,0.8683127572016461,0.16156202143950996,0.2724338282763073,0.8353909465020576,0.15425531914893617,0.2604233483001924,0.07142857142857142,0.02631578947368421,0.038461538461538464
10,0.1,0.7757201646090535,0.18608094768015795,0.3001592356687898,0.8641975308641975,0.16806722689075632,0.2814070351758794,0.831275720164609,0.1597469355476473,0.2679933665008292,0.07142857142857142,0.02631578947368421,0.038461538461538464
