,filter_abundance,precision_by_num_reads,recall_by_num_reads,F1_by_num_reads,precision_by_nts,recall_by_nts,F1_by_nts,precision_by_mean_cov,recall_by_mean_cov,F1_by_mean_cov,precision_by_med_cov,recall_by_med_cov,F1_by_med_cov
0,0.0,0.7272069464544139,0.31743524952621605,0.4419525065963061,0.8154848046309696,0.23953241232731137,0.3702973550188927,0.8154848046309696,0.23953241232731137,0.3702973550188927,0.012301013024602027,0.11888111888111888,0.022295081967213116
1,0.01,0.7272069464544139,0.31743524952621605,0.4419525065963061,0.7952243125904487,0.2591369959915114,0.3908945402809888,0.7800289435600579,0.25901009130225855,0.38888888888888895,0.0,0.0,0.0
2,0.02,0.7272069464544139,0.31743524952621605,0.4419525065963061,0.723589001447178,0.3215434083601286,0.4452359750667854,0.7633863965267728,0.27211761671395407,0.40121696139950563,0.0,0.0,0.0
3,0.03,0.7272069464544139,0.31743524952621605,0.4419525065963061,0.723589001447178,0.3215434083601286,0.4452359750667854,0.7416787264833574,0.2811300054854635,0.40771678599840894,0.0,0.0,0.0
4,0.04,0.7272069464544139,0.31743524952621605,0.4419525065963061,0.723589001447178,0.3215434083601286,0.4452359750667854,0.7301013024602026,0.2929732868757259,0.41815167840861994,0.0,0.0,0.0
5,0.05,0.7272069464544139,0.31743524952621605,0.4419525065963061,0.723589001447178,0.3215434083601286,0.4452359750667854,0.7141823444283647,0.3022970903522205,0.42479018721755973,0.0,0.0,0.0
6,0.06,0.7272069464544139,0.31743524952621605,0.4419525065963061,0.723589001447178,0.3215434083601286,0.4452359750667854,0.7026049204052098,0.3125201158673962,0.4326130541323235,0.0,0.0,0.0
7,0.07,0.658465991316932,0.37712391214256114,0.47957839262187085,0.7120115774240231,0.3335593220338983,0.45429362880886426,0.691027496382055,0.3223084711441107,0.4395857307249713,0.0,0.0,0.0
8,0.08,0.658465991316932,0.37712391214256114,0.47957839262187085,0.6968162083936325,0.34246088193456614,0.4592274678111588,0.6765557163531114,0.3303886925795053,0.4439696106362774,0.0,0.0,0.0
9,0.09,0.658465991316932,0.37712391214256114,0.47957839262187085,0.6490593342981187,0.38481338481338484,0.48316725020199297,0.6642547033285094,0.3388704318936877,0.4487900268882914,0.0,0.0,0.0
10,0.1,0.658465991316932,0.37712391214256114,0.47957839262187085,0.6490593342981187,0.38481338481338484,0.48316725020199297,0.6548480463096961,0.348747591522158,0.45511692230324363,0.0,0.0,0.0
