,filter_abundance,precision_by_num_reads,recall_by_num_reads,F1_by_num_reads,precision_by_nts,recall_by_nts,F1_by_nts,precision_by_mean_cov,recall_by_mean_cov,F1_by_mean_cov,precision_by_med_cov,recall_by_med_cov,F1_by_med_cov
0,0.0,0.93375,0.20216508795669824,0.33236929922135705,0.9925,0.15480600506921427,0.26783606004385224,0.9925,0.15480600506921427,0.26783606004385224,0.0125,0.06802721088435375,0.021119324181626188
1,0.01,0.93375,0.20216508795669824,0.33236929922135705,0.9325,0.2047762832830085,0.3358091379698402,0.97125,0.1713718570798412,0.29133858267716534,0.043478260869565216,0.017857142857142856,0.02531645569620253
2,0.02,0.93375,0.20216508795669824,0.33236929922135705,0.9325,0.2047762832830085,0.3358091379698402,0.95375,0.18106312292358803,0.30434782608695654,0.043478260869565216,0.017857142857142856,0.02531645569620253
3,0.03,0.93375,0.20216508795669824,0.33236929922135705,0.9325,0.2047762832830085,0.3358091379698402,0.94,0.1902834008097166,0.3164983164983165,0.043478260869565216,0.017857142857142856,0.02531645569620253
4,0.04,0.93375,0.20216508795669824,0.33236929922135705,0.9325,0.2047762832830085,0.3358091379698402,0.9325,0.1999463950683463,0.3292871330832046,0.043478260869565216,0.017857142857142856,0.02531645569620253
5,0.05,0.865,0.24460940261576528,0.381372278864701,0.92125,0.20842760180995476,0.3399446494464945,0.9075,0.20531674208144796,0.33487084870848705,0.043478260869565216,0.017857142857142856,0.02531645569620253
6,0.06,0.865,0.24460940261576528,0.381372278864701,0.9125,0.21784541927782752,0.351722476511684,0.9,0.21415823914336704,0.34598750600672756,0.043478260869565216,0.017857142857142856,0.02531645569620253
7,0.07,0.865,0.24460940261576528,0.381372278864701,0.85875,0.25,0.387260428410372,0.885,0.22069825436408977,0.3532934131736527,0.043478260869565216,0.017857142857142856,0.02531645569620253
8,0.08,0.865,0.24460940261576528,0.381372278864701,0.85875,0.25,0.387260428410372,0.87125,0.22718383311603652,0.36039296794208897,0.043478260869565216,0.017857142857142856,0.02531645569620253
9,0.09,0.865,0.24460940261576528,0.381372278864701,0.85875,0.25,0.387260428410372,0.8575,0.23341272541680844,0.3669430328964964,0.043478260869565216,0.017857142857142856,0.02531645569620253
10,0.1,0.865,0.24460940261576528,0.381372278864701,0.85875,0.25,0.387260428410372,0.84375,0.2393617021276596,0.37292817679558016,0.043478260869565216,0.017857142857142856,0.02531645569620253
