,filter_abundance,precision_by_num_reads,recall_by_num_reads,F1_by_num_reads,precision_by_nts,recall_by_nts,F1_by_nts,precision_by_mean_cov,recall_by_mean_cov,F1_by_mean_cov,precision_by_med_cov,recall_by_med_cov,F1_by_med_cov
0,0.0,0.6256742179072277,0.26715799170888993,0.37443511943189156,0.7551240560949298,0.18913807079167794,0.30250648228176324,0.7551240560949298,0.18913807079167794,0.30250648228176324,0.005393743257820928,0.0625,0.0099304865938431
1,0.01,0.6256742179072277,0.26715799170888993,0.37443511943189156,0.732470334412082,0.20178306092124815,0.31640260950605775,0.7173678532901834,0.19946010797840433,0.3121333020417742,0.0,0.0,0.0
2,0.02,0.6256742179072277,0.26715799170888993,0.37443511943189156,0.7141316073354909,0.2055262340887923,0.3191899710703954,0.7011866235167206,0.20634920634920634,0.31886190826588173,0.0,0.0,0.0
3,0.03,0.6256742179072277,0.26715799170888993,0.37443511943189156,0.6202804746494067,0.27135441245870695,0.37754432042022323,0.6806903991370011,0.21040346782260755,0.32144676515537446,0.0,0.0,0.0
4,0.04,0.6256742179072277,0.26715799170888993,0.37443511943189156,0.6202804746494067,0.27135441245870695,0.37754432042022323,0.6666666666666666,0.21585749214111072,0.32612137203166225,0.0,0.0,0.0
5,0.05,0.6256742179072277,0.26715799170888993,0.37443511943189156,0.6202804746494067,0.27135441245870695,0.37754432042022323,0.6461704422869471,0.21869295363271266,0.3267866884888162,0.0,0.0,0.0
6,0.06,0.6256742179072277,0.26715799170888993,0.37443511943189156,0.6202804746494067,0.27135441245870695,0.37754432042022323,0.6353829557713053,0.2242955064737243,0.3315508021390374,0.0,0.0,0.0
7,0.07,0.6256742179072277,0.26715799170888993,0.37443511943189156,0.6202804746494067,0.27135441245870695,0.37754432042022323,0.6235167206040992,0.22927409758032527,0.3352668213457077,0.0,0.0,0.0
8,0.08,0.6256742179072277,0.26715799170888993,0.37443511943189156,0.6202804746494067,0.27135441245870695,0.37754432042022323,0.6138079827400216,0.23463917525773195,0.33949880668257754,0.0,0.0,0.0
9,0.09,0.6256742179072277,0.26715799170888993,0.37443511943189156,0.6202804746494067,0.27135441245870695,0.37754432042022323,0.6062567421790723,0.24068522483940044,0.34457388105456777,0.0,0.0,0.0
10,0.1,0.6256742179072277,0.26715799170888993,0.37443511943189156,0.6202804746494067,0.27135441245870695,0.37754432042022323,0.5997842502696872,0.247001332741004,0.3499056010069226,0.0,0.0,0.0
