,filter_abundance,precision_by_num_reads,recall_by_num_reads,F1_by_num_reads,precision_by_nts,recall_by_nts,F1_by_nts,precision_by_mean_cov,recall_by_mean_cov,F1_by_mean_cov,precision_by_med_cov,recall_by_med_cov,F1_by_med_cov
0,0.0,0.6802646085997794,0.2755694506476105,0.39224411951684673,0.794928335170893,0.19481221291542827,0.3129340277777778,0.794928335170893,0.19481221291542827,0.3129340277777778,0.007717750826901874,0.1044776119402985,0.01437371663244353
1,0.01,0.6802646085997794,0.2755694506476105,0.39224411951684673,0.7662624035281147,0.20543895950339935,0.32400932400932403,0.7662624035281147,0.20709177592371872,0.32606145906638523,0.0,0.0,0.0
2,0.02,0.6802646085997794,0.2755694506476105,0.39224411951684673,0.7596471885336273,0.21167434715821812,0.3310908217203268,0.7508269018743109,0.21415094339622642,0.33325177391729877,0.0,0.0,0.0
3,0.03,0.6802646085997794,0.2755694506476105,0.39224411951684673,0.6736493936052922,0.2781065088757396,0.3936855670103092,0.7353914002205072,0.2199868073878628,0.3386646356943387,0.0,0.0,0.0
4,0.04,0.6802646085997794,0.2755694506476105,0.39224411951684673,0.6736493936052922,0.2781065088757396,0.3936855670103092,0.7199558985667034,0.2250172294968987,0.34287214491992657,0.0,0.0,0.0
5,0.05,0.6802646085997794,0.2755694506476105,0.39224411951684673,0.6736493936052922,0.2781065088757396,0.3936855670103092,0.7078280044101434,0.23076923076923078,0.3480618053673082,0.0,0.0,0.0
6,0.06,0.6802646085997794,0.2755694506476105,0.39224411951684673,0.6736493936052922,0.2781065088757396,0.3936855670103092,0.6957001102535832,0.23615269461077845,0.3526124615814474,0.0,0.0,0.0
7,0.07,0.6802646085997794,0.2755694506476105,0.39224411951684673,0.6736493936052922,0.2781065088757396,0.3936855670103092,0.681367144432194,0.24056052938886727,0.35558112773302647,0.0,0.0,0.0
8,0.08,0.6802646085997794,0.2755694506476105,0.39224411951684673,0.6736493936052922,0.2781065088757396,0.3936855670103092,0.6714443219404631,0.246160064672595,0.36024844720496896,0.0,0.0,0.0
9,0.09,0.6802646085997794,0.2755694506476105,0.39224411951684673,0.6736493936052922,0.2781065088757396,0.3936855670103092,0.6582138919514884,0.25031446540880503,0.3626974483596598,0.0,0.0,0.0
10,0.1,0.6802646085997794,0.2755694506476105,0.39224411951684673,0.6736493936052922,0.2781065088757396,0.3936855670103092,0.6471885336273429,0.2553284036537625,0.3661883967560824,0.0,0.0,0.0
