,filter_abundance,precision_by_num_reads,recall_by_num_reads,F1_by_num_reads,precision_by_nts,recall_by_nts,F1_by_nts,precision_by_mean_cov,recall_by_mean_cov,F1_by_mean_cov,precision_by_med_cov,recall_by_med_cov,F1_by_med_cov
0,0.0,0.89086859688196,0.14214641080312723,0.24517315353968744,0.9955456570155902,0.10342434058306339,0.18738210018863968,0.9955456570155902,0.10342434058306339,0.18738210018863968,0.011135857461024499,0.052083333333333336,0.01834862385321101
1,0.01,0.89086859688196,0.14214641080312723,0.24517315353968744,0.9844097995545658,0.11266887586031099,0.202195791399817,0.9688195991091314,0.11234504132231404,0.20134228187919462,0.0,0.0,0.0
2,0.02,0.89086859688196,0.14214641080312723,0.24517315353968744,0.888641425389755,0.14409534127843987,0.24798011187072716,0.9465478841870824,0.11672617412798682,0.2078239608801956,0.0,0.0,0.0
3,0.03,0.89086859688196,0.14214641080312723,0.24517315353968744,0.888641425389755,0.14409534127843987,0.24798011187072716,0.9354120267260579,0.12177442737025225,0.21549512570548998,0.0,0.0,0.0
4,0.04,0.89086859688196,0.14214641080312723,0.24517315353968744,0.888641425389755,0.14409534127843987,0.24798011187072716,0.9242761692650334,0.12652439024390244,0.22257978010190402,0.0,0.0,0.0
5,0.05,0.89086859688196,0.14214641080312723,0.24517315353968744,0.888641425389755,0.14409534127843987,0.24798011187072716,0.9086859688195991,0.13043478260869565,0.2281241263628739,0.0,0.0,0.0
6,0.06,0.89086859688196,0.14214641080312723,0.24517315353968744,0.888641425389755,0.14409534127843987,0.24798011187072716,0.8930957683741648,0.13411371237458194,0.23320732771154404,0.0,0.0,0.0
7,0.07,0.89086859688196,0.14214641080312723,0.24517315353968744,0.888641425389755,0.14409534127843987,0.24798011187072716,0.8752783964365256,0.13712491277041172,0.23710407239819,0.0,0.0,0.0
8,0.08,0.89086859688196,0.14214641080312723,0.24517315353968744,0.888641425389755,0.1446700507614213,0.2488306828811974,0.8552338530066815,0.13968715896689704,0.2401500938086304,0.0,0.0,0.0
9,0.09,0.8084632516703786,0.1749397590361446,0.2876386687797148,0.8730512249443207,0.14950419527078565,0.2552914360143276,0.8530066815144766,0.14502082544490724,0.24789644012944986,0.0,0.0,0.0
10,0.1,0.8084632516703786,0.1749397590361446,0.2876386687797148,0.8596881959910914,0.15354017501988862,0.2605467431657104,0.844097995545657,0.1491538764266037,0.2535117056856187,0.0,0.0,0.0
