,filter_abundance,precision_by_num_reads,recall_by_num_reads,F1_by_num_reads,precision_by_nts,recall_by_nts,F1_by_nts,precision_by_mean_cov,recall_by_mean_cov,F1_by_mean_cov,precision_by_med_cov,recall_by_med_cov,F1_by_med_cov
0,0.0,0.9023354564755839,0.15935508061492312,0.2708731676226896,0.9936305732484076,0.11190817790530846,0.20116054158607347,0.9936305732484076,0.11190817790530846,0.20116054158607347,0.016985138004246284,0.09195402298850575,0.02867383512544803
1,0.01,0.9023354564755839,0.15935508061492312,0.2708731676226896,0.9808917197452229,0.12206076618229855,0.21710526315789477,0.9766454352441614,0.1228960726689821,0.2183198860939725,0.0,0.0,0.0
2,0.02,0.9023354564755839,0.15935508061492312,0.2708731676226896,0.9023354564755839,0.16233766233766234,0.2751699579151829,0.9639065817409767,0.12919749573136027,0.22785445420326222,0.0,0.0,0.0
3,0.03,0.9023354564755839,0.15935508061492312,0.2708731676226896,0.9023354564755839,0.16233766233766234,0.2751699579151829,0.9469214437367304,0.13441832429174203,0.23541831617841122,0.0,0.0,0.0
4,0.04,0.9023354564755839,0.15935508061492312,0.2708731676226896,0.9023354564755839,0.16233766233766234,0.2751699579151829,0.9341825902335457,0.13963821009203428,0.24295969077857535,0.0,0.0,0.0
5,0.05,0.9023354564755839,0.15935508061492312,0.2708731676226896,0.9023354564755839,0.16233766233766234,0.2751699579151829,0.9278131634819533,0.14556962025316456,0.25165562913907286,0.0,0.0,0.0
6,0.06,0.9023354564755839,0.15935508061492312,0.2708731676226896,0.9023354564755839,0.16233766233766234,0.2751699579151829,0.9193205944798302,0.150976290097629,0.25935908954776876,0.0,0.0,0.0
7,0.07,0.9023354564755839,0.15935508061492312,0.2708731676226896,0.9023354564755839,0.16233766233766234,0.2751699579151829,0.910828025477707,0.1566265060240964,0.26728971962616827,0.0,0.0,0.0
8,0.08,0.9023354564755839,0.15935508061492312,0.2708731676226896,0.9023354564755839,0.16233766233766234,0.2751699579151829,0.8959660297239915,0.16057838660578386,0.2723459180380768,0.0,0.0,0.0
9,0.09,0.8237791932059448,0.20093215950284826,0.3230641132389675,0.8959660297239915,0.16900280336403684,0.284366576819407,0.8726114649681529,0.1629013079667063,0.2745490981963928,0.0,0.0,0.0
10,0.1,0.8237791932059448,0.20093215950284826,0.3230641132389675,0.8789808917197452,0.173512154233026,0.28981449072453624,0.8577494692144374,0.1665979381443299,0.27900552486187846,0.0,0.0,0.0
