,filter_abundance,precision_by_num_reads,recall_by_num_reads,F1_by_num_reads,precision_by_nts,recall_by_nts,F1_by_nts,precision_by_mean_cov,recall_by_mean_cov,F1_by_mean_cov,precision_by_med_cov,recall_by_med_cov,F1_by_med_cov
0,0.0,0.9082278481012658,0.18379763048350944,0.3057256990679095,0.995253164556962,0.1351235230934479,0.2379421221864952,0.995253164556962,0.1351235230934479,0.2379421221864952,0.01740506329113924,0.10185185185185185,0.029729729729729728
1,0.01,0.9082278481012658,0.18379763048350944,0.3057256990679095,0.9857594936708861,0.1487938858371149,0.25855986719236357,0.9762658227848101,0.1495395055744062,0.2593526691887348,0.0,0.0,0.0
2,0.02,0.9082278481012658,0.18379763048350944,0.3057256990679095,0.9082278481012658,0.18715357026410173,0.3103541497702082,0.9588607594936709,0.15756630265210608,0.270656543099598,0.0,0.0,0.0
3,0.03,0.9082278481012658,0.18379763048350944,0.3057256990679095,0.9082278481012658,0.18715357026410173,0.3103541497702082,0.939873417721519,0.16440631054525326,0.27985865724381626,0.0,0.0,0.0
4,0.04,0.9082278481012658,0.18379763048350944,0.3057256990679095,0.9082278481012658,0.18715357026410173,0.3103541497702082,0.930379746835443,0.17223198594024605,0.2906574394463668,0.0,0.0,0.0
5,0.05,0.9082278481012658,0.18379763048350944,0.3057256990679095,0.9082278481012658,0.18715357026410173,0.3103541497702082,0.9177215189873418,0.17901234567901234,0.29958677685950413,0.0,0.0,0.0
6,0.06,0.9082278481012658,0.18379763048350944,0.3057256990679095,0.9082278481012658,0.18715357026410173,0.3103541497702082,0.9018987341772152,0.18488485241647745,0.306864064602961,0.0,0.0,0.0
7,0.07,0.8575949367088608,0.22966101694915253,0.36229946524064166,0.9018987341772152,0.1955403087478559,0.3213983648153369,0.8860759493670886,0.19028202514441048,0.3132867132867133,0.0,0.0,0.0
8,0.08,0.8575949367088608,0.22966101694915253,0.36229946524064166,0.8924050632911392,0.2033898305084746,0.33127753303964763,0.8765822784810127,0.19680284191829484,0.32143893240498983,0.0,0.0,0.0
9,0.09,0.8575949367088608,0.22966101694915253,0.36229946524064166,0.8560126582278481,0.23696890056942618,0.3711835334476844,0.8670886075949367,0.20318872821653688,0.32922799639531386,0.0,0.0,0.0
10,0.1,0.8575949367088608,0.22966101694915253,0.36229946524064166,0.8560126582278481,0.23696890056942618,0.3711835334476844,0.8560126582278481,0.2090417310664606,0.33602484472049693,0.0,0.0,0.0
