,filter_abundance,precision_by_num_reads,recall_by_num_reads,F1_by_num_reads,precision_by_nts,recall_by_nts,F1_by_nts,precision_by_mean_cov,recall_by_mean_cov,F1_by_mean_cov,precision_by_med_cov,recall_by_med_cov,F1_by_med_cov
0,0.0,0.8571428571428571,0.1375760411792232,0.23709677419354838,0.9941690962099126,0.09281437125748503,0.1697784416231018,0.9941690962099126,0.09281437125748503,0.1697784416231018,0.0029154518950437317,0.014925373134328358,0.004878048780487805
1,0.01,0.8571428571428571,0.1375760411792232,0.23709677419354838,0.9883381924198251,0.10110348941246645,0.18344155844155846,0.9737609329446064,0.10051158591634066,0.18221494817239497,0.0,0.0,0.0
2,0.02,0.8571428571428571,0.1375760411792232,0.23709677419354838,0.9650145772594753,0.10285891858297079,0.1859028362819433,0.9591836734693877,0.10461049284578697,0.1886467889908257,0.0,0.0,0.0
3,0.03,0.8571428571428571,0.1375760411792232,0.23709677419354838,0.8542274052478134,0.14079769341662662,0.24174917491749173,0.9446064139941691,0.10821643286573146,0.1941863949655379,0.0,0.0,0.0
4,0.04,0.8571428571428571,0.1375760411792232,0.23709677419354838,0.8542274052478134,0.14079769341662662,0.24174917491749173,0.9212827988338192,0.11048951048951049,0.1973150171714018,0.0,0.0,0.0
5,0.05,0.8571428571428571,0.1375760411792232,0.23709677419354838,0.8542274052478134,0.14079769341662662,0.24174917491749173,0.9096209912536443,0.11399342345633906,0.20259740259740258,0.0,0.0,0.0
6,0.06,0.8571428571428571,0.1375760411792232,0.23709677419354838,0.8542274052478134,0.14079769341662662,0.24174917491749173,0.892128279883382,0.11661585365853659,0.20626895854398383,0.0,0.0,0.0
7,0.07,0.8571428571428571,0.1375760411792232,0.23709677419354838,0.8542274052478134,0.14079769341662662,0.24174917491749173,0.8833819241982507,0.12023809523809524,0.2116660845267202,0.0,0.0,0.0
8,0.08,0.8571428571428571,0.1375760411792232,0.23709677419354838,0.8542274052478134,0.14079769341662662,0.24174917491749173,0.8688046647230321,0.12298803136607511,0.21547360809833693,0.0,0.0,0.0
9,0.09,0.8571428571428571,0.1375760411792232,0.23709677419354838,0.8542274052478134,0.14079769341662662,0.24174917491749173,0.8542274052478134,0.1257510729613734,0.21922933034044148,0.0,0.0,0.0
10,0.1,0.8571428571428571,0.1375760411792232,0.23709677419354838,0.8542274052478134,0.14079769341662662,0.24174917491749173,0.8483965014577259,0.12956366874443456,0.2247972190034763,0.0,0.0,0.0
