,filter_abundance,precision_by_num_reads,recall_by_num_reads,F1_by_num_reads,precision_by_nts,recall_by_nts,F1_by_nts,precision_by_mean_cov,recall_by_mean_cov,F1_by_mean_cov,precision_by_med_cov,recall_by_med_cov,F1_by_med_cov
0,0.0,0.8753709198813057,0.1418951418951419,0.24420529801324506,0.9881305637982196,0.09283523836074714,0.16972477064220184,0.9881305637982196,0.09283523836074714,0.16972477064220184,0.01483679525222552,0.0684931506849315,0.024390243902439025
1,0.01,0.8753709198813057,0.1418951418951419,0.24420529801324506,0.9762611275964391,0.10070400979491889,0.1825749167591565,0.9703264094955489,0.10086366440468847,0.18273260687342838,0.0,0.0,0.0
2,0.02,0.8753709198813057,0.1418951418951419,0.24420529801324506,0.9703264094955489,0.10450623202301054,0.18869013271783036,0.9525222551928784,0.10476501305483028,0.18876800940899735,0.0,0.0,0.0
3,0.03,0.8753709198813057,0.1418951418951419,0.24420529801324506,0.8724035608308606,0.14497041420118342,0.2486257928118393,0.9376854599406528,0.10833047651696949,0.19422249539028885,0.0,0.0,0.0
4,0.04,0.8753709198813057,0.1418951418951419,0.24420529801324506,0.8724035608308606,0.14497041420118342,0.2486257928118393,0.9287833827893175,0.11242816091954023,0.20057673822492791,0.0,0.0,0.0
5,0.05,0.8753709198813057,0.1418951418951419,0.24420529801324506,0.8724035608308606,0.14497041420118342,0.2486257928118393,0.9169139465875371,0.1159039759939985,0.20579420579420582,0.0,0.0,0.0
6,0.06,0.8753709198813057,0.1418951418951419,0.24420529801324506,0.8724035608308606,0.14497041420118342,0.2486257928118393,0.9020771513353115,0.11912225705329153,0.2104534440983039,0.0,0.0,0.0
7,0.07,0.8753709198813057,0.1418951418951419,0.24420529801324506,0.8724035608308606,0.14497041420118342,0.2486257928118393,0.8991097922848664,0.1234718826405868,0.21712647796488713,0.0,0.0,0.0
8,0.08,0.8753709198813057,0.1418951418951419,0.24420529801324506,0.8724035608308606,0.14497041420118342,0.2486257928118393,0.8931750741839762,0.12743437764606266,0.2230455724342349,0.0,0.0,0.0
9,0.09,0.8753709198813057,0.1418951418951419,0.24420529801324506,0.8724035608308606,0.14497041420118342,0.2486257928118393,0.8931750741839762,0.13236587510993844,0.23056300268096516,0.0,0.0,0.0
10,0.1,0.8753709198813057,0.1418951418951419,0.24420529801324506,0.8724035608308606,0.14497041420118342,0.2486257928118393,0.884272997032641,0.13613522156235724,0.23594615993665877,0.0,0.0,0.0
