,filter_abundance,precision_by_num_reads,recall_by_num_reads,F1_by_num_reads,precision_by_nts,recall_by_nts,F1_by_nts,precision_by_mean_cov,recall_by_mean_cov,F1_by_mean_cov,precision_by_med_cov,recall_by_med_cov,F1_by_med_cov
0,0.0,0.7,0.2981344596972897,0.4181683534929647,0.8016528925619835,0.2236053480866759,0.34967555875991346,0.8016528925619835,0.2236053480866759,0.34967555875991346,0.00909090909090909,0.10679611650485436,0.016755521706016754
1,0.01,0.7,0.2981344596972897,0.4181683534929647,0.7760330578512397,0.23844591163026918,0.36480186480186483,0.7669421487603306,0.23868312757201646,0.3640643389564535,0.0,0.0,0.0
2,0.02,0.7,0.2981344596972897,0.4181683534929647,0.6975206611570248,0.3026174256005737,0.42210552638159543,0.7537190082644628,0.24952120383036935,0.37492291880781087,0.0,0.0,0.0
3,0.03,0.7,0.2981344596972897,0.4181683534929647,0.6975206611570248,0.3026174256005737,0.42210552638159543,0.7413223140495868,0.2593984962406015,0.3843187660668381,0.0,0.0,0.0
4,0.04,0.7,0.2981344596972897,0.4181683534929647,0.6975206611570248,0.3026174256005737,0.42210552638159543,0.7181818181818181,0.26421404682274247,0.3863080684596577,0.0,0.0,0.0
5,0.05,0.7,0.2981344596972897,0.4181683534929647,0.6975206611570248,0.3026174256005737,0.42210552638159543,0.7049586776859504,0.2721761327377154,0.3927255985267036,0.0,0.0,0.0
6,0.06,0.7,0.2981344596972897,0.4181683534929647,0.6975206611570248,0.3026174256005737,0.42210552638159543,0.6900826446280992,0.27907754010695185,0.3974297953355545,0.0,0.0,0.0
7,0.07,0.7,0.2981344596972897,0.4181683534929647,0.6975206611570248,0.3026174256005737,0.42210552638159543,0.6727272727272727,0.2839204743634461,0.3993132205052734,0.0,0.0,0.0
8,0.08,0.6190082644628099,0.36805896805896804,0.461633281972265,0.6958677685950413,0.30320489737126394,0.4223727113117632,0.6636363636363637,0.292,0.40555555555555556,0.0,0.0,0.0
9,0.09,0.6190082644628099,0.36805896805896804,0.461633281972265,0.6851239669421487,0.31425322213798335,0.4308731808731809,0.6487603305785123,0.29779969650986343,0.4082163286531461,0.0,0.0,0.0
10,0.1,0.6190082644628099,0.36805896805896804,0.461633281972265,0.6735537190082644,0.3227722772277228,0.43641231593038826,0.6429752066115703,0.3062992125984252,0.4149333333333334,0.0,0.0,0.0
