,filter_abundance,precision_by_num_reads,recall_by_num_reads,F1_by_num_reads,precision_by_nts,recall_by_nts,F1_by_nts,precision_by_mean_cov,recall_by_mean_cov,F1_by_mean_cov,precision_by_med_cov,recall_by_med_cov,F1_by_med_cov
0,0.0,0.941031941031941,0.21218836565096952,0.34629294755877027,0.9914004914004914,0.15798747063429913,0.2725430597771023,0.9914004914004914,0.15798747063429913,0.2725430597771023,0.018427518427518427,0.10344827586206896,0.03128258602711158
1,0.01,0.941031941031941,0.21218836565096952,0.34629294755877027,0.9398034398034398,0.21434575511347717,0.3490759753593429,0.9717444717444718,0.17527143806780413,0.29697766097240474,0.0,0.0,0.0
2,0.02,0.941031941031941,0.21218836565096952,0.34629294755877027,0.9398034398034398,0.21434575511347717,0.3490759753593429,0.9631449631449631,0.1868891537544696,0.3130365342383709,0.0,0.0,0.0
3,0.03,0.941031941031941,0.21218836565096952,0.34629294755877027,0.9398034398034398,0.21434575511347717,0.3490759753593429,0.9434889434889435,0.19497334348819498,0.3231643172733011,0.0,0.0,0.0
4,0.04,0.941031941031941,0.21218836565096952,0.34629294755877027,0.9398034398034398,0.21434575511347717,0.3490759753593429,0.9312039312039312,0.20381823070717936,0.3344363556143834,0.0,0.0,0.0
5,0.05,0.8746928746928747,0.25713253882267967,0.3974323192855149,0.9398034398034398,0.21807297605473205,0.35400277649236467,0.9201474201474201,0.21260289525972184,0.34540004611482594,0.0,0.0,0.0
6,0.06,0.8746928746928747,0.25713253882267967,0.3974323192855149,0.9287469287469288,0.22874432677760967,0.36707938820101965,0.9004914004914005,0.21887130486712453,0.3521498919048763,0.0,0.0,0.0
7,0.07,0.8746928746928747,0.25713253882267967,0.3974323192855149,0.9164619164619164,0.23735284759783645,0.37705332322466517,0.8882063882063882,0.22657474146035725,0.3610486891385768,0.0,0.0,0.0
8,0.08,0.8746928746928747,0.25713253882267967,0.3974323192855149,0.8697788697788698,0.26497005988023953,0.4061962134251291,0.8722358722358723,0.23293963254593175,0.36768513723459345,0.0,0.0,0.0
9,0.09,0.8746928746928747,0.25713253882267967,0.3974323192855149,0.8697788697788698,0.26497005988023953,0.4061962134251291,0.8636363636363636,0.24108367626886146,0.37694369973190345,0.0,0.0,0.0
10,0.1,0.8746928746928747,0.25713253882267967,0.3974323192855149,0.8697788697788698,0.26497005988023953,0.4061962134251291,0.8488943488943489,0.24749283667621777,0.38325013865779256,0.0,0.0,0.0
