,filter_abundance,precision_by_num_reads,recall_by_num_reads,F1_by_num_reads,precision_by_nts,recall_by_nts,F1_by_nts,precision_by_mean_cov,recall_by_mean_cov,F1_by_mean_cov,precision_by_med_cov,recall_by_med_cov,F1_by_med_cov
0,0.0,0.8737373737373737,0.15937356057116536,0.2695753798208025,0.9974747474747475,0.10672791137530398,0.19282401757383452,0.9974747474747475,0.10672791137530398,0.19282401757383452,0.015151515151515152,0.075,0.025210084033613446
1,0.01,0.8737373737373737,0.15937356057116536,0.2695753798208025,0.98989898989899,0.11649331352154532,0.20845519808561552,0.9646464646464646,0.11457708458308338,0.20482573726541553,0.0,0.0,0.0
2,0.02,0.8737373737373737,0.15937356057116536,0.2695753798208025,0.9823232323232324,0.12076994722135982,0.2150953829140171,0.9494949494949495,0.11936507936507937,0.21206993795826284,0.0,0.0,0.0
3,0.03,0.8737373737373737,0.15937356057116536,0.2695753798208025,0.8712121212121212,0.16281264747522417,0.27435387673956263,0.9166666666666666,0.12104034678226075,0.21384388807069216,0.0,0.0,0.0
4,0.04,0.8737373737373737,0.15937356057116536,0.2695753798208025,0.8712121212121212,0.16281264747522417,0.27435387673956263,0.9090909090909091,0.12574222843171498,0.22092666462104937,0.0,0.0,0.0
5,0.05,0.8737373737373737,0.15937356057116536,0.2695753798208025,0.8712121212121212,0.16281264747522417,0.27435387673956263,0.898989898989899,0.12997444322745527,0.22711323763955343,0.0,0.0,0.0
6,0.06,0.8737373737373737,0.15937356057116536,0.2695753798208025,0.8712121212121212,0.16281264747522417,0.27435387673956263,0.8888888888888888,0.13404417364813404,0.2329583057577763,0.0,0.0,0.0
7,0.07,0.8737373737373737,0.15937356057116536,0.2695753798208025,0.8712121212121212,0.16281264747522417,0.27435387673956263,0.8762626262626263,0.13764379214597383,0.23791566678093934,0.0,0.0,0.0
8,0.08,0.8737373737373737,0.15937356057116536,0.2695753798208025,0.8712121212121212,0.16281264747522417,0.27435387673956263,0.8661616161616161,0.14144329896907218,0.24317617866004962,0.0,0.0,0.0
9,0.09,0.8737373737373737,0.15937356057116536,0.2695753798208025,0.8712121212121212,0.16281264747522417,0.27435387673956263,0.8611111111111112,0.14603854389721627,0.2497253753203955,0.0,0.0,0.0
10,0.1,0.8737373737373737,0.15937356057116536,0.2695753798208025,0.8712121212121212,0.16281264747522417,0.27435387673956263,0.8484848484848485,0.14926699244780098,0.2538723082735172,0.0,0.0,0.0
