,filter_abundance,precision_by_num_reads,recall_by_num_reads,F1_by_num_reads,precision_by_nts,recall_by_nts,F1_by_nts,precision_by_mean_cov,recall_by_mean_cov,F1_by_mean_cov,precision_by_med_cov,recall_by_med_cov,F1_by_med_cov
0,0.0,0.7223382045929019,0.32296204107031734,0.4463556224467856,0.8128044537230341,0.24625764284208307,0.3779935275080906,0.8128044537230341,0.24625764284208307,0.3779935275080906,0.009742519137091163,0.1206896551724138,0.018029620090148104
1,0.01,0.7223382045929019,0.32296204107031734,0.4463556224467856,0.7849686847599165,0.26441631504922647,0.3955812730142031,0.7800974251913709,0.2657027731689974,0.3963932107496464,0.0,0.0,0.0
2,0.02,0.7223382045929019,0.32296204107031734,0.4463556224467856,0.7195546276965901,0.3273187717632162,0.4499564838990426,0.7585247042449548,0.276790248857288,0.40558139534883725,0.0,0.0,0.0
3,0.03,0.7223382045929019,0.32296204107031734,0.4463556224467856,0.7195546276965901,0.3273187717632162,0.4499564838990426,0.7425191370911621,0.2880669546436285,0.4150943396226415,0.0,0.0,0.0
4,0.04,0.7223382045929019,0.32296204107031734,0.4463556224467856,0.7195546276965901,0.3273187717632162,0.4499564838990426,0.7279053583855254,0.29877177949157385,0.42365330093155124,0.0,0.0,0.0
5,0.05,0.7223382045929019,0.32296204107031734,0.4463556224467856,0.7195546276965901,0.3273187717632162,0.4499564838990426,0.7160751565762005,0.30938063740228505,0.4320806214570649,0.0,0.0,0.0
6,0.06,0.7223382045929019,0.32296204107031734,0.4463556224467856,0.7195546276965901,0.3273187717632162,0.4499564838990426,0.697286012526096,0.316387748658036,0.43527367506516074,0.0,0.0,0.0
7,0.07,0.6638830897703549,0.3950310559006211,0.49532710280373826,0.7049408489909533,0.3397048960429242,0.4584747680470695,0.6875434933890049,0.32682765464770097,0.4430493273542601,0.0,0.0,0.0
8,0.08,0.6638830897703549,0.3950310559006211,0.49532710280373826,0.6903270702853166,0.3484369511766772,0.4631185807656396,0.6798886569241476,0.33794534763057765,0.45147874306839186,0.0,0.0,0.0
9,0.09,0.6638830897703549,0.3950310559006211,0.49532710280373826,0.651356993736952,0.40120017145306475,0.496551724137931,0.6645789839944328,0.345014450867052,0.45422116527942924,0.0,0.0,0.0
10,0.1,0.6638830897703549,0.3950310559006211,0.49532710280373826,0.651356993736952,0.40120017145306475,0.496551724137931,0.6562282533054976,0.35504518072289154,0.46078670901539215,0.0,0.0,0.0
