,filter_abundance,precision_by_num_reads,recall_by_num_reads,F1_by_num_reads,precision_by_nts,recall_by_nts,F1_by_nts,precision_by_mean_cov,recall_by_mean_cov,F1_by_mean_cov,precision_by_med_cov,recall_by_med_cov,F1_by_med_cov
0,0.0,0.71733561058924,0.29850746268656714,0.42158092848180684,0.8138343296327925,0.22049976862563628,0.34698707445840166,0.8138343296327925,0.22049976862563628,0.34698707445840166,0.009393680614859094,0.11458333333333333,0.017363851617995262
1,0.01,0.71733561058924,0.29850746268656714,0.42158092848180684,0.7882152006831767,0.2352791231200612,0.3623871221044366,0.7856532877882152,0.23760330578512398,0.36486218520721797,0.0,0.0,0.0
2,0.02,0.71733561058924,0.29850746268656714,0.42158092848180684,0.7164816396242528,0.3029974720115565,0.42588832487309647,0.7634500426985482,0.24553694040098875,0.371571072319202,0.0,0.0,0.0
3,0.03,0.71733561058924,0.29850746268656714,0.42158092848180684,0.7164816396242528,0.3029974720115565,0.42588832487309647,0.7472245943637916,0.25369672368802554,0.37878787878787884,0.0,0.0,0.0
4,0.04,0.71733561058924,0.29850746268656714,0.42158092848180684,0.7164816396242528,0.3029974720115565,0.42588832487309647,0.7327070879590094,0.26158536585365855,0.38553134127162436,0.0,0.0,0.0
5,0.05,0.71733561058924,0.29850746268656714,0.42158092848180684,0.7164816396242528,0.3029974720115565,0.42588832487309647,0.7224594363791631,0.270460358056266,0.39357990230286116,0.0,0.0,0.0
6,0.06,0.71733561058924,0.29850746268656714,0.42158092848180684,0.7164816396242528,0.3029974720115565,0.42588832487309647,0.7070879590093937,0.27692307692307694,0.39798125450612837,0.0,0.0,0.0
7,0.07,0.71733561058924,0.29850746268656714,0.42158092848180684,0.7164816396242528,0.3029974720115565,0.42588832487309647,0.6994022203245089,0.28576413119330074,0.40574684171414416,0.0,0.0,0.0
8,0.08,0.71733561058924,0.29850746268656714,0.42158092848180684,0.7156276686592656,0.30384336475707036,0.42657164672944775,0.6874466268146883,0.2928337577300837,0.4107142857142857,0.0,0.0,0.0
9,0.09,0.6396242527754057,0.36096385542168674,0.46149106592729516,0.695132365499573,0.3104500381388253,0.4292117057737938,0.6780529461998293,0.3006436955698599,0.41657922350472193,0.0,0.0,0.0
10,0.1,0.6396242527754057,0.36096385542168674,0.46149106592729516,0.6831767719897524,0.31821797931583135,0.4341926729986431,0.6652433817250214,0.30657221566312476,0.41971982758620696,0.0,0.0,0.0
