,filter_abundance,precision_by_num_reads,recall_by_num_reads,F1_by_num_reads,precision_by_nts,recall_by_nts,F1_by_nts,precision_by_mean_cov,recall_by_mean_cov,F1_by_mean_cov,precision_by_med_cov,recall_by_med_cov,F1_by_med_cov
0,0.0,0.8815261044176707,0.15836940836940838,0.2685015290519878,0.9859437751004017,0.11466604390471742,0.20543933054393307,0.9859437751004017,0.11466604390471742,0.20543933054393307,0.010040160642570281,0.05319148936170213,0.016891891891891893
1,0.01,0.8815261044176707,0.15836940836940838,0.2685015290519878,0.9718875502008032,0.12445358704037028,0.2206519261454297,0.9598393574297188,0.12434963579604578,0.22017503454629206,0.0,0.0,0.0
2,0.02,0.8815261044176707,0.15836940836940838,0.2685015290519878,0.8815261044176707,0.161337743476663,0.2727555141348245,0.9417670682730924,0.1297013274336283,0.22800194457948467,0.0,0.0,0.0
3,0.03,0.8815261044176707,0.15836940836940838,0.2685015290519878,0.8815261044176707,0.161337743476663,0.2727555141348245,0.9236947791164659,0.13438504236050247,0.2346340219331803,0.0,0.0,0.0
4,0.04,0.8815261044176707,0.15836940836940838,0.2685015290519878,0.8815261044176707,0.161337743476663,0.2727555141348245,0.8975903614457831,0.1374116200430372,0.238336443615036,0.0,0.0,0.0
5,0.05,0.8815261044176707,0.15836940836940838,0.2685015290519878,0.8815261044176707,0.161337743476663,0.2727555141348245,0.8835341365461847,0.1419812842852533,0.24464831804281342,0.0,0.0,0.0
6,0.06,0.8815261044176707,0.15836940836940838,0.2685015290519878,0.8815261044176707,0.161337743476663,0.2727555141348245,0.8795180722891566,0.14807302231237324,0.2534722222222222,0.0,0.0,0.0
7,0.07,0.8815261044176707,0.15836940836940838,0.2685015290519878,0.8815261044176707,0.161337743476663,0.2727555141348245,0.8674698795180723,0.1528121683763707,0.2598496240601504,0.0,0.0,0.0
8,0.08,0.8815261044176707,0.15836940836940838,0.2685015290519878,0.8815261044176707,0.161337743476663,0.2727555141348245,0.8534136546184738,0.1567687200295094,0.2648800249298847,0.0,0.0,0.0
9,0.09,0.7871485943775101,0.19989801121876594,0.31882879219194793,0.8674698795180723,0.16731216111541442,0.28051948051948056,0.8453815261044176,0.16204772902232487,0.2719638242894057,0.0,0.0,0.0
10,0.1,0.7871485943775101,0.19989801121876594,0.31882879219194793,0.8614457831325302,0.17389541953790028,0.2893760539629005,0.8353413654618473,0.16666666666666666,0.2778891115564462,0.0,0.0,0.0
