,filter_abundance,precision_by_num_reads,recall_by_num_reads,F1_by_num_reads,precision_by_nts,recall_by_nts,F1_by_nts,precision_by_mean_cov,recall_by_mean_cov,F1_by_mean_cov,precision_by_med_cov,recall_by_med_cov,F1_by_med_cov
0,0.0,0.8991596638655462,0.15563636363636363,0.2653440793552387,0.9894957983193278,0.10948396094839609,0.19715362076182502,0.9894957983193278,0.10948396094839609,0.19715362076182502,0.018907563025210083,0.0891089108910891,0.031195840554592718
1,0.01,0.8991596638655462,0.15563636363636363,0.2653440793552387,0.9852941176470589,0.12001023541453429,0.21395985401459852,0.9642857142857143,0.11872736678737714,0.21142330723169048,0.0,0.0,0.0
2,0.02,0.8991596638655462,0.15563636363636363,0.2653440793552387,0.8991596638655462,0.15834258231594525,0.269267065114816,0.9495798319327731,0.12427825130602145,0.21979090688062242,0.0,0.0,0.0
3,0.03,0.8991596638655462,0.15563636363636363,0.2653440793552387,0.8991596638655462,0.15834258231594525,0.269267065114816,0.9411764705882353,0.13019471083987214,0.22874648966045444,0.0,0.0,0.0
4,0.04,0.8991596638655462,0.15563636363636363,0.2653440793552387,0.8991596638655462,0.15834258231594525,0.269267065114816,0.9285714285714286,0.13512687251605013,0.23592207099012544,0.0,0.0,0.0
5,0.05,0.8991596638655462,0.15563636363636363,0.2653440793552387,0.8991596638655462,0.15834258231594525,0.269267065114816,0.9054621848739496,0.1383183568677792,0.23997772828507796,0.0,0.0,0.0
6,0.06,0.8991596638655462,0.15563636363636363,0.2653440793552387,0.8991596638655462,0.15834258231594525,0.269267065114816,0.8928571428571429,0.14276116896204233,0.24616275702287865,0.0,0.0,0.0
7,0.07,0.8991596638655462,0.15563636363636363,0.2653440793552387,0.8991596638655462,0.15834258231594525,0.269267065114816,0.8802521008403361,0.14706914706914706,0.2520300751879699,0.0,0.0,0.0
8,0.08,0.8991596638655462,0.15563636363636363,0.2653440793552387,0.8991596638655462,0.15834258231594525,0.269267065114816,0.865546218487395,0.1509710516672774,0.25709828393135725,0.0,0.0,0.0
9,0.09,0.7962184873949579,0.18959479739869936,0.3062626262626263,0.8886554621848739,0.16231772831926325,0.2744970798182998,0.8571428571428571,0.15572519083969466,0.2635658914728682,0.0,0.0,0.0
10,0.1,0.7962184873949579,0.18959479739869936,0.3062626262626263,0.8760504201680672,0.16740264953833803,0.2810920121334682,0.8361344537815126,0.15812475168851808,0.2659538924156365,0.0,0.0,0.0
