,filter_abundance,precision_by_num_reads,recall_by_num_reads,F1_by_num_reads,precision_by_nts,recall_by_nts,F1_by_nts,precision_by_mean_cov,recall_by_mean_cov,F1_by_mean_cov,precision_by_med_cov,recall_by_med_cov,F1_by_med_cov
0,0.0,0.7393501805054151,0.32788984950368233,0.45430346051464066,0.8288808664259928,0.24661654135338346,0.38013245033112586,0.8288808664259928,0.24661654135338346,0.38013245033112586,0.004332129963898917,0.05555555555555555,0.008037508372404554
1,0.01,0.7393501805054151,0.32788984950368233,0.45430346051464066,0.8057761732851986,0.26653928827322665,0.4005743000717875,0.7898916967509025,0.2651478429471643,0.3970241335510797,0.0,0.0,0.0
2,0.02,0.7393501805054151,0.32788984950368233,0.45430346051464066,0.7342960288808664,0.3315943919139224,0.4568733153638814,0.7725631768953068,0.2782111284451378,0.4090995985471229,0.0,0.0,0.0
3,0.03,0.7393501805054151,0.32788984950368233,0.45430346051464066,0.7342960288808664,0.3315943919139224,0.4568733153638814,0.7530685920577618,0.28867976750622754,0.4173669467787115,0.0,0.0,0.0
4,0.04,0.7393501805054151,0.32788984950368233,0.45430346051464066,0.7342960288808664,0.3315943919139224,0.4568733153638814,0.7379061371841156,0.29935559461042766,0.42592206709731195,0.0,0.0,0.0
5,0.05,0.7393501805054151,0.32788984950368233,0.45430346051464066,0.7342960288808664,0.3315943919139224,0.4568733153638814,0.7241877256317689,0.3095679012345679,0.43372972972972973,0.0,0.0,0.0
6,0.06,0.7393501805054151,0.32788984950368233,0.45430346051464066,0.7342960288808664,0.3315943919139224,0.4568733153638814,0.7126353790613719,0.32014271813168993,0.4418084153983886,0.0,0.0,0.0
7,0.07,0.6635379061371841,0.38940677966101694,0.49078771695594126,0.7169675090252707,0.34065180102915954,0.46186046511627904,0.6938628158844765,0.32653754672103297,0.4440850277264325,0.0,0.0,0.0
8,0.08,0.6635379061371841,0.38940677966101694,0.49078771695594126,0.7003610108303249,0.34980165885322756,0.4665704665704666,0.683754512635379,0.3364120781527531,0.4509523809523809,0.0,0.0,0.0
9,0.09,0.6635379061371841,0.38940677966101694,0.49078771695594126,0.6498194945848376,0.39421813403416556,0.4907306434023992,0.672202166064982,0.3451983685576567,0.45614894659480654,0.0,0.0,0.0
10,0.1,0.6635379061371841,0.38940677966101694,0.49078771695594126,0.6498194945848376,0.39421813403416556,0.4907306434023992,0.6613718411552346,0.35394126738794435,0.46111250943871135,0.0,0.0,0.0
