,filter_abundance,precision_by_num_reads,recall_by_num_reads,F1_by_num_reads,precision_by_nts,recall_by_nts,F1_by_nts,precision_by_mean_cov,recall_by_mean_cov,F1_by_mean_cov,precision_by_med_cov,recall_by_med_cov,F1_by_med_cov
0,0.0,0.878419452887538,0.13311837862736067,0.2312,0.9969604863221885,0.08862469602810051,0.16277915632754344,0.9969604863221885,0.08862469602810051,0.16277915632754344,0.0121580547112462,0.05,0.019559902200488997
1,0.01,0.878419452887538,0.13311837862736067,0.2312,0.9908814589665653,0.09687964338781575,0.17650243638332433,0.9787234042553191,0.09658068386322735,0.1758121758121758,0.1,0.034482758620689655,0.05128205128205128
2,0.02,0.878419452887538,0.13311837862736067,0.2312,0.9878419452887538,0.10090034150884819,0.1830985915492958,0.9604863221884499,0.10031746031746032,0.18166139695314745,0.1,0.034482758620689655,0.05128205128205128
3,0.03,0.878419452887538,0.13311837862736067,0.2312,0.8753799392097265,0.13591316658801322,0.23529411764705882,0.9544072948328267,0.10470156718906302,0.1887019230769231,0.1,0.034482758620689655,0.05128205128205128
4,0.04,0.878419452887538,0.13311837862736067,0.2312,0.8753799392097265,0.13591316658801322,0.23529411764705882,0.9452887537993921,0.10862731400628711,0.1948621553884712,0.1,0.034482758620689655,0.05128205128205128
5,0.05,0.878419452887538,0.13311837862736067,0.2312,0.8753799392097265,0.13591316658801322,0.23529411764705882,0.9300911854103343,0.11171960569550932,0.19947848761408082,0.1,0.034482758620689655,0.05128205128205128
6,0.06,0.878419452887538,0.13311837862736067,0.2312,0.8753799392097265,0.13591316658801322,0.23529411764705882,0.9209726443768997,0.11538461538461539,0.20507614213197972,0.1,0.034482758620689655,0.05128205128205128
7,0.07,0.878419452887538,0.13311837862736067,0.2312,0.8753799392097265,0.13591316658801322,0.23529411764705882,0.9179331306990881,0.11979373264577549,0.21192982456140355,0.1,0.034482758620689655,0.05128205128205128
8,0.08,0.878419452887538,0.13311837862736067,0.2312,0.8753799392097265,0.13591316658801322,0.23529411764705882,0.9057750759878419,0.12288659793814433,0.21641249092229484,0.1,0.034482758620689655,0.05128205128205128
9,0.09,0.878419452887538,0.13311837862736067,0.2312,0.8753799392097265,0.13591316658801322,0.23529411764705882,0.8936170212765957,0.1259100642398287,0.22072072072072071,0.1,0.034482758620689655,0.05128205128205128
10,0.1,0.878419452887538,0.13311837862736067,0.2312,0.8753799392097265,0.13591316658801322,0.23529411764705882,0.8844984802431611,0.12927587738782764,0.22558139534883725,0.1,0.034482758620689655,0.05128205128205128
