,filter_abundance,precision_by_num_reads,recall_by_num_reads,F1_by_num_reads,precision_by_nts,recall_by_nts,F1_by_nts,precision_by_mean_cov,recall_by_mean_cov,F1_by_mean_cov,precision_by_med_cov,recall_by_med_cov,F1_by_med_cov
0,0.0,0.9142011834319527,0.1865378810745548,0.3098520932564553,0.9896449704142012,0.13978269954032596,0.2449652142072501,0.9896449704142012,0.13978269954032596,0.2449652142072501,0.008875739644970414,0.04878048780487805,0.015018773466833543
1,0.01,0.9142011834319527,0.1865378810745548,0.3098520932564553,0.9689349112426036,0.15120036934441367,0.2615814696485623,0.9659763313609467,0.15314258911819886,0.2643724696356275,0.08333333333333333,0.021739130434782608,0.034482758620689655
2,0.02,0.9142011834319527,0.1865378810745548,0.3098520932564553,0.9127218934911243,0.1890897946674839,0.3132774815943133,0.9541420118343196,0.1617757712565839,0.2766459360926442,0.08333333333333333,0.021739130434782608,0.034482758620689655
3,0.03,0.9142011834319527,0.1865378810745548,0.3098520932564553,0.9127218934911243,0.1890897946674839,0.3132774815943133,0.9393491124260355,0.16901783337769496,0.28648770584254457,0.08333333333333333,0.021739130434782608,0.034482758620689655
4,0.04,0.9142011834319527,0.1865378810745548,0.3098520932564553,0.9127218934911243,0.1890897946674839,0.3132774815943133,0.9230769230769231,0.17537942664418213,0.2947567312234294,0.08333333333333333,0.021739130434782608,0.034482758620689655
5,0.05,0.9142011834319527,0.1865378810745548,0.3098520932564553,0.9127218934911243,0.1890897946674839,0.3132774815943133,0.908284023668639,0.18149571386343483,0.3025375708302538,0.08333333333333333,0.021739130434782608,0.034482758620689655
6,0.06,0.849112426035503,0.2325769854132901,0.3651399491094147,0.9112426035502958,0.19012345679012346,0.3146067415730337,0.8964497041420119,0.18790697674418605,0.3106895667777493,0.08333333333333333,0.021739130434782608,0.034482758620689655
7,0.07,0.849112426035503,0.2325769854132901,0.3651399491094147,0.8979289940828402,0.19856068040562644,0.325207607822127,0.886094674556213,0.19454368301396557,0.31904127829560586,0.08333333333333333,0.021739130434782608,0.034482758620689655
8,0.08,0.849112426035503,0.2325769854132901,0.3651399491094147,0.8875739644970414,0.20540910647038685,0.3336113427856547,0.8772189349112426,0.2012215812690872,0.32735302235716257,0.08333333333333333,0.021739130434782608,0.034482758620689655
9,0.09,0.849112426035503,0.2325769854132901,0.3651399491094147,0.8357988165680473,0.23769457299116534,0.37012774320340647,0.8594674556213018,0.20573654390934845,0.33199999999999996,0.08333333333333333,0.021739130434782608,0.034482758620689655
10,0.1,0.849112426035503,0.2325769854132901,0.3651399491094147,0.8357988165680473,0.23769457299116534,0.37012774320340647,0.8461538461538461,0.21099225378089265,0.33776203129613225,0.08333333333333333,0.021739130434782608,0.034482758620689655
