,filter_abundance,precision_by_num_reads,recall_by_num_reads,F1_by_num_reads,precision_by_nts,recall_by_nts,F1_by_nts,precision_by_mean_cov,recall_by_mean_cov,F1_by_mean_cov,precision_by_med_cov,recall_by_med_cov,F1_by_med_cov
0,0.0,0.8891089108910891,0.1595593461265103,0.270563422717686,0.996039603960396,0.11638130495141139,0.20841102133830536,0.996039603960396,0.11638130495141139,0.20841102133830536,0.007920792079207921,0.041666666666666664,0.013311148086522463
1,0.01,0.8891089108910891,0.1595593461265103,0.270563422717686,0.9762376237623762,0.12566913076726996,0.22267389340560073,0.9623762376237623,0.12551652892561985,0.22206991089787526,0.0,0.0,0.0
2,0.02,0.8891089108910891,0.1595593461265103,0.270563422717686,0.8891089108910891,0.1621524015890213,0.274282223579719,0.9504950495049505,0.1318319143092557,0.23154848046309698,0.0,0.0,0.0
3,0.03,0.8891089108910891,0.1595593461265103,0.270563422717686,0.8891089108910891,0.1621524015890213,0.274282223579719,0.9326732673267327,0.1365613221223543,0.23823975720789076,0.0,0.0,0.0
4,0.04,0.8891089108910891,0.1595593461265103,0.270563422717686,0.8891089108910891,0.1621524015890213,0.274282223579719,0.9267326732673268,0.14268292682926828,0.24729194187582562,0.0,0.0,0.0
5,0.05,0.8891089108910891,0.1595593461265103,0.270563422717686,0.8891089108910891,0.1621524015890213,0.274282223579719,0.904950495049505,0.1460997442455243,0.2515827140104597,0.0,0.0,0.0
6,0.06,0.8891089108910891,0.1595593461265103,0.270563422717686,0.8891089108910891,0.1621524015890213,0.274282223579719,0.8871287128712871,0.14983277591973243,0.2563662374821173,0.0,0.0,0.0
7,0.07,0.8891089108910891,0.1595593461265103,0.270563422717686,0.8891089108910891,0.1621524015890213,0.274282223579719,0.8792079207920792,0.15491974877878575,0.2634233165232869,0.0,0.0,0.0
8,0.08,0.8891089108910891,0.1595593461265103,0.270563422717686,0.8891089108910891,0.16279912980420594,0.2752068648482991,0.8574257425742574,0.15751182248090215,0.2661339889366933,0.0,0.0,0.0
9,0.09,0.7960396039603961,0.19373493975903613,0.3116279069767442,0.8811881188118812,0.16971777269260108,0.28461784457946915,0.8435643564356435,0.16130253691783417,0.2708200890019072,0.0,0.0,0.0
10,0.1,0.7960396039603961,0.19373493975903613,0.3116279069767442,0.8732673267326733,0.17541766109785203,0.29214971844981785,0.8336633663366336,0.1656828020464384,0.2764281024294156,0.0,0.0,0.0
