,filter_abundance,precision_by_num_reads,recall_by_num_reads,F1_by_num_reads,precision_by_nts,recall_by_nts,F1_by_nts,precision_by_mean_cov,recall_by_mean_cov,F1_by_mean_cov,precision_by_med_cov,recall_by_med_cov,F1_by_med_cov
0,0.0,0.9,0.14945848375451262,0.2563467492260062,1.0,0.10621103671207573,0.19202671676059274,1.0,0.10621103671207573,0.19202671676059274,0.006521739130434782,0.03125,0.010791366906474819
1,0.01,0.9,0.14945848375451262,0.2563467492260062,0.991304347826087,0.11597151576805696,0.20765027322404372,0.9826086956521739,0.11628505273990224,0.2079595123073384,0.0,0.0,0.0
2,0.02,0.9,0.14945848375451262,0.2563467492260062,0.8956521739130435,0.15169366715758467,0.2594458438287154,0.967391304347826,0.12168444079846868,0.21617682778722372,0.0,0.0,0.0
3,0.03,0.9,0.14945848375451262,0.2563467492260062,0.8956521739130435,0.15169366715758467,0.2594458438287154,0.9543478260869566,0.1268053148469093,0.22386537480877103,0.0,0.0,0.0
4,0.04,0.9,0.14945848375451262,0.2563467492260062,0.8956521739130435,0.15169366715758467,0.2594458438287154,0.9391304347826087,0.13130699088145897,0.2304,0.0,0.0,0.0
5,0.05,0.9,0.14945848375451262,0.2563467492260062,0.8956521739130435,0.15169366715758467,0.2594458438287154,0.9260869565217391,0.13558243157224698,0.2365352581898945,0.0,0.0,0.0
6,0.06,0.9,0.14945848375451262,0.2563467492260062,0.8956521739130435,0.15169366715758467,0.2594458438287154,0.9,0.13786213786213786,0.23909904706901527,0.0,0.0,0.0
7,0.07,0.9,0.14945848375451262,0.2563467492260062,0.8956521739130435,0.15169366715758467,0.2594458438287154,0.8869565217391304,0.14181438998957246,0.2445310158825292,0.0,0.0,0.0
8,0.08,0.9,0.14945848375451262,0.2563467492260062,0.8956521739130435,0.15169366715758467,0.2594458438287154,0.8804347826086957,0.14663287472845765,0.25139664804469275,0.0,0.0,0.0
9,0.09,0.8108695652173913,0.18943626206196038,0.30712227254013996,0.8826086956521739,0.15490270888973673,0.26355079519636476,0.8739130434782608,0.1515837104072398,0.2583547557840617,0.0,0.0,0.0
10,0.1,0.8108695652173913,0.18943626206196038,0.30712227254013996,0.8717391304347826,0.16027178257394084,0.27076299797434167,0.8608695652173913,0.15535504119262455,0.26321036889332006,0.0,0.0,0.0
