,filter_abundance,precision_by_num_reads,recall_by_num_reads,F1_by_num_reads,precision_by_nts,recall_by_nts,F1_by_nts,precision_by_mean_cov,recall_by_mean_cov,F1_by_mean_cov,precision_by_med_cov,recall_by_med_cov,F1_by_med_cov
0,0.0,0.92336217552534,0.20947840717891195,0.3414857142857143,0.9938195302843016,0.15826771653543306,0.2730514518593989,0.9938195302843016,0.15826771653543306,0.2730514518593989,0.024721878862793572,0.145985401459854,0.04228329809725158
1,0.01,0.92336217552534,0.20947840717891195,0.3414857142857143,0.92336217552534,0.21257825839499148,0.34559333795975017,0.965389369592089,0.1736713364465199,0.29438371654730494,0.0,0.0,0.0
2,0.02,0.92336217552534,0.20947840717891195,0.3414857142857143,0.92336217552534,0.21257825839499148,0.34559333795975017,0.9480840543881335,0.1839328537170264,0.3080939947780679,0.0,0.0,0.0
3,0.03,0.92336217552534,0.20947840717891195,0.3414857142857143,0.92336217552534,0.21257825839499148,0.34559333795975017,0.9332509270704573,0.19299591002044988,0.3198474899385723,0.0,0.0,0.0
4,0.04,0.92336217552534,0.20947840717891195,0.3414857142857143,0.92336217552534,0.21257825839499148,0.34559333795975017,0.9159456118665018,0.20097640358014646,0.3296263345195729,0.0,0.0,0.0
5,0.05,0.8665018541409147,0.2547238372093023,0.3937096321258073,0.9208899876390606,0.21383467278989668,0.3470766363848125,0.9085290482076638,0.21042084168336672,0.3417015341701534,0.0,0.0,0.0
6,0.06,0.8665018541409147,0.2547238372093023,0.3937096321258073,0.907292954264524,0.22405372405372406,0.35936352509179925,0.8949320148331273,0.218335343787696,0.351030303030303,0.0,0.0,0.0
7,0.07,0.8665018541409147,0.2547238372093023,0.3937096321258073,0.8974042027194067,0.23314065510597304,0.3701249044098904,0.8813349814585909,0.22584732340829902,0.35955622793746844,0.0,0.0,0.0
8,0.08,0.8665018541409147,0.2547238372093023,0.3937096321258073,0.8640296662546354,0.2613084112149533,0.4012629161882894,0.8665018541409147,0.23273572377158033,0.36691965454069614,0.0,0.0,0.0
9,0.09,0.8665018541409147,0.2547238372093023,0.3937096321258073,0.8640296662546354,0.2613084112149533,0.4012629161882894,0.861557478368356,0.24184594031922277,0.3776754267136278,0.0,0.0,0.0
10,0.1,0.8665018541409147,0.2547238372093023,0.3937096321258073,0.8640296662546354,0.2613084112149533,0.4012629161882894,0.8516687268232386,0.24954726548352046,0.38599439775910366,0.0,0.0,0.0
