,filter_abundance,precision_by_num_reads,recall_by_num_reads,F1_by_num_reads,precision_by_nts,recall_by_nts,F1_by_nts,precision_by_mean_cov,recall_by_mean_cov,F1_by_mean_cov,precision_by_med_cov,recall_by_med_cov,F1_by_med_cov
0,0.0,0.9360393603936039,0.2117417918753478,0.3453596550941684,0.996309963099631,0.1601423487544484,0.2759325498211549,0.996309963099631,0.1601423487544484,0.2759325498211549,0.020910209102091022,0.11805555555555555,0.035527690700104496
1,0.01,0.9360393603936039,0.2117417918753478,0.3453596550941684,0.9348093480934809,0.21474992935857587,0.3492647058823529,0.977859778597786,0.17853132719514933,0.3019369540448158,0.0,0.0,0.0
2,0.02,0.9360393603936039,0.2117417918753478,0.3453596550941684,0.9348093480934809,0.21474992935857587,0.3492647058823529,0.949569495694957,0.18706081899685,0.3125506072874494,0.0,0.0,0.0
3,0.03,0.9360393603936039,0.2117417918753478,0.3453596550941684,0.9348093480934809,0.21474992935857587,0.3492647058823529,0.9274292742927429,0.19538740606374708,0.3227739726027397,0.0,0.0,0.0
4,0.04,0.9360393603936039,0.2117417918753478,0.3453596550941684,0.9348093480934809,0.21474992935857587,0.3492647058823529,0.915129151291513,0.2044517724649629,0.33423180592991913,0.0,0.0,0.0
5,0.05,0.8745387453874539,0.26158940397350994,0.4027187765505522,0.9298892988929889,0.21887666473653736,0.3543473166158894,0.9040590405904059,0.21347661922741795,0.3453947368421052,0.0,0.0,0.0
6,0.06,0.8745387453874539,0.26158940397350994,0.4027187765505522,0.9114391143911439,0.22709163346613545,0.36359175662414134,0.8892988929889298,0.22116855307433467,0.3542381185693288,0.0,0.0,0.0
7,0.07,0.8745387453874539,0.26158940397350994,0.4027187765505522,0.9028290282902829,0.23608877452557092,0.3742988271290158,0.8794587945879458,0.22968197879858657,0.36423841059602646,0.0,0.0,0.0
8,0.08,0.8745387453874539,0.26158940397350994,0.4027187765505522,0.8708487084870848,0.2692015209125475,0.41126924194016845,0.8683886838868389,0.23755047106325708,0.37305151915455753,0.0,0.0,0.0
9,0.09,0.8745387453874539,0.26158940397350994,0.4027187765505522,0.8708487084870848,0.2692015209125475,0.41126924194016845,0.8511685116851169,0.24349049964813513,0.3786593707250342,0.0,0.0,0.0
10,0.1,0.8745387453874539,0.26158940397350994,0.4027187765505522,0.8708487084870848,0.2692015209125475,0.41126924194016845,0.8450184501845018,0.2523879500367377,0.3886845827439887,0.0,0.0,0.0
