,filter_abundance,precision_by_num_reads,recall_by_num_reads,F1_by_num_reads,precision_by_nts,recall_by_nts,F1_by_nts,precision_by_mean_cov,recall_by_mean_cov,F1_by_mean_cov,precision_by_med_cov,recall_by_med_cov,F1_by_med_cov
0,0.0,0.7072368421052632,0.30561478322672353,0.4267990074441687,0.7993421052631579,0.22510421491431218,0.3512829779544633,0.7993421052631579,0.22510421491431218,0.3512829779544633,0.009046052631578948,0.12790697674418605,0.016897081413210446
1,0.01,0.7072368421052632,0.30561478322672353,0.4267990074441687,0.7763157894736842,0.24155578300921188,0.36846213895394225,0.7639802631578947,0.2396182615424297,0.36481445120753975,0.0,0.0,0.0
2,0.02,0.7072368421052632,0.30561478322672353,0.4267990074441687,0.7006578947368421,0.31004366812227074,0.4298688193743693,0.7475328947368421,0.24904109589041096,0.37361282367447596,0.0,0.0,0.0
3,0.03,0.7072368421052632,0.30561478322672353,0.4267990074441687,0.7006578947368421,0.31004366812227074,0.4298688193743693,0.7376644736842105,0.2592485549132948,0.38366124893071,0.0,0.0,0.0
4,0.04,0.7072368421052632,0.30561478322672353,0.4267990074441687,0.7006578947368421,0.31004366812227074,0.4298688193743693,0.7261513157894737,0.26814454904342544,0.39166112220004434,0.0,0.0,0.0
5,0.05,0.7072368421052632,0.30561478322672353,0.4267990074441687,0.7006578947368421,0.31004366812227074,0.4298688193743693,0.7162828947368421,0.27721196690006367,0.39972464433226257,0.0,0.0,0.0
6,0.06,0.7072368421052632,0.30561478322672353,0.4267990074441687,0.7006578947368421,0.31004366812227074,0.4298688193743693,0.7023026315789473,0.28428761651131823,0.40473933649289096,0.0,0.0,0.0
7,0.07,0.7072368421052632,0.30561478322672353,0.4267990074441687,0.7006578947368421,0.31004366812227074,0.4298688193743693,0.6916118421052632,0.29231838720889813,0.4109455167358906,0.0,0.0,0.0
8,0.08,0.6365131578947368,0.3799705449189985,0.47586842914233013,0.7006578947368421,0.31197363603075795,0.4317202938940968,0.6792763157894737,0.2993838347227256,0.41559748427672955,0.0,0.0,0.0
9,0.09,0.6365131578947368,0.3799705449189985,0.47586842914233013,0.6907894736842105,0.3235747303543914,0.4407135362014691,0.6661184210526315,0.3057757644394111,0.41914618369987067,0.0,0.0,0.0
10,0.1,0.6365131578947368,0.3799705449189985,0.47586842914233013,0.6842105263157895,0.3345396059509449,0.44936537942209015,0.6570723684210527,0.31382560879811466,0.42477405635300364,0.0,0.0,0.0
