,filter_abundance,precision_by_num_reads,recall_by_num_reads,F1_by_num_reads,precision_by_nts,recall_by_nts,F1_by_nts,precision_by_mean_cov,recall_by_mean_cov,F1_by_mean_cov,precision_by_med_cov,recall_by_med_cov,F1_by_med_cov
0,0.0,0.7298578199052133,0.33499067743940336,0.45921192758253465,0.8232904536222072,0.25659421818949146,0.3912483912483913,0.8232904536222072,0.25659421818949146,0.3912483912483913,0.012863913337846988,0.15702479338842976,0.02377972465581978
1,0.01,0.7298578199052133,0.33499067743940336,0.45921192758253465,0.7968855788761002,0.27461502566495566,0.40846781190352244,0.7901150981719702,0.2762784090909091,0.40940185932292583,0.0,0.0,0.0
2,0.02,0.7298578199052133,0.33499067743940336,0.45921192758253465,0.7278266756939743,0.3389029003783102,0.46246504624650464,0.7718348002708192,0.2889733840304182,0.4205090372556252,0.0,0.0,0.0
3,0.03,0.7298578199052133,0.33499067743940336,0.45921192758253465,0.7278266756939743,0.3389029003783102,0.46246504624650464,0.7522004062288422,0.29929956896551724,0.42821352861823087,0.0,0.0,0.0
4,0.04,0.7298578199052133,0.33499067743940336,0.45921192758253465,0.7278266756939743,0.3389029003783102,0.46246504624650464,0.7345971563981043,0.30876494023904383,0.4347826086956522,0.0,0.0,0.0
5,0.05,0.7298578199052133,0.33499067743940336,0.45921192758253465,0.7278266756939743,0.3389029003783102,0.46246504624650464,0.7169939065673663,0.3173509139946059,0.4399667636061487,0.0,0.0,0.0
6,0.06,0.7298578199052133,0.33499067743940336,0.45921192758253465,0.7278266756939743,0.3389029003783102,0.46246504624650464,0.7054840893703453,0.3277760301981755,0.4475945017182131,0.0,0.0,0.0
7,0.07,0.6472579553148273,0.3939019365471776,0.48975409836065575,0.7088693297224103,0.34760956175298807,0.4664736021385609,0.6960054163845633,0.3391619927416694,0.4560780834072759,0.0,0.0,0.0
8,0.08,0.6472579553148273,0.3939019365471776,0.48975409836065575,0.6993906567366283,0.3599303135888502,0.4752703013572579,0.6838185511171293,0.34803583735354926,0.4612925325416761,0.0,0.0,0.0
9,0.09,0.6472579553148273,0.3939019365471776,0.48975409836065575,0.6384563303994584,0.4040274207369323,0.4948832327473104,0.6682464454976303,0.35516372795969775,0.46381578947368424,0.0,0.0,0.0
10,0.1,0.6472579553148273,0.3939019365471776,0.48975409836065575,0.6384563303994584,0.4040274207369323,0.4948832327473104,0.6533513879485443,0.36155863619333084,0.4655089242643512,0.0,0.0,0.0
