,filter_abundance,precision_by_num_reads,recall_by_num_reads,F1_by_num_reads,precision_by_nts,recall_by_nts,F1_by_nts,precision_by_mean_cov,recall_by_mean_cov,F1_by_mean_cov,precision_by_med_cov,recall_by_med_cov,F1_by_med_cov
0,0.0,0.7422248803827751,0.3490857946554149,0.47484216567820936,0.8074162679425837,0.26465398941384044,0.3986416654362912,0.8074162679425837,0.26465398941384044,0.3986416654362912,0.01076555023923445,0.12080536912751678,0.019769357495881386
1,0.01,0.7422248803827751,0.3490857946554149,0.47484216567820936,0.7416267942583732,0.35357855717137154,0.47885692218575016,0.7793062200956937,0.28981316725978645,0.42250324254215305,0.0,0.0,0.0
2,0.02,0.7422248803827751,0.3490857946554149,0.47484216567820936,0.7416267942583732,0.35357855717137154,0.47885692218575016,0.7619617224880383,0.3058823529411765,0.4365256124721604,0.0,0.0,0.0
3,0.03,0.7422248803827751,0.3490857946554149,0.47484216567820936,0.7416267942583732,0.35357855717137154,0.47885692218575016,0.7458133971291866,0.3199076449461262,0.4477558348294435,0.0,0.0,0.0
4,0.04,0.7422248803827751,0.3490857946554149,0.47484216567820936,0.7416267942583732,0.35357855717137154,0.47885692218575016,0.7254784688995215,0.3302477538796624,0.45388213283442463,0.0,0.0,0.0
5,0.05,0.6788277511961722,0.4109341057204924,0.5119530897609382,0.7410287081339713,0.35491263248352906,0.4799535153980244,0.7099282296650717,0.3415827338129496,0.46123955702350883,0.0,0.0,0.0
6,0.06,0.6788277511961722,0.4109341057204924,0.5119530897609382,0.7254784688995215,0.37004270896888347,0.4901010101010101,0.6961722488038278,0.35262041805513483,0.46812789060929016,0.0,0.0,0.0
7,0.07,0.6788277511961722,0.4109341057204924,0.5119530897609382,0.7129186602870813,0.3819288689522589,0.49739203004381394,0.6860047846889952,0.36470588235294116,0.47623001868382814,0.0,0.0,0.0
8,0.08,0.6788277511961722,0.4109341057204924,0.5119530897609382,0.6716507177033493,0.42075683776695394,0.5173923059202948,0.6710526315789473,0.37350199733688416,0.4798973481608212,0.0,0.0,0.0
9,0.09,0.6788277511961722,0.4109341057204924,0.5119530897609382,0.6716507177033493,0.42075683776695394,0.5173923059202948,0.6572966507177034,0.3821279554937413,0.4832893579595427,0.0,0.0,0.0
10,0.1,0.6100478468899522,0.45698924731182794,0.5225409836065573,0.6716507177033493,0.42075683776695394,0.5173923059202948,0.6441387559808612,0.39078374455732945,0.48644986449864497,0.0,0.0,0.0
