,filter_abundance,precision_by_num_reads,recall_by_num_reads,F1_by_num_reads,precision_by_nts,recall_by_nts,F1_by_nts,precision_by_mean_cov,recall_by_mean_cov,F1_by_mean_cov,precision_by_med_cov,recall_by_med_cov,F1_by_med_cov
0,0.0,0.9117043121149897,0.15778251599147122,0.269009391093608,0.997946611909651,0.11255210745715609,0.20228928199791885,0.997946611909651,0.11255210745715609,0.20228928199791885,0.018480492813141684,0.10465116279069768,0.031413612565445025
1,0.01,0.9117043121149897,0.15778251599147122,0.269009391093608,0.9835728952772074,0.12256908904810644,0.2179749715585893,0.9753593429158111,0.1225174103688419,0.2176901924839597,0.0,0.0,0.0
2,0.02,0.9117043121149897,0.15778251599147122,0.269009391093608,0.9096509240246407,0.16120815138282388,0.27387944358578054,0.9507186858316222,0.12684931506849315,0.22383369591491417,0.0,0.0,0.0
3,0.03,0.9117043121149897,0.15778251599147122,0.269009391093608,0.9096509240246407,0.16120815138282388,0.27387944358578054,0.9383983572895277,0.13208092485549133,0.2315682797061059,0.0,0.0,0.0
4,0.04,0.9117043121149897,0.15778251599147122,0.269009391093608,0.9096509240246407,0.16120815138282388,0.27387944358578054,0.9260780287474333,0.13695718190100212,0.23862433862433863,0.0,0.0,0.0
5,0.05,0.9117043121149897,0.15778251599147122,0.269009391093608,0.9096509240246407,0.16120815138282388,0.27387944358578054,0.9096509240246407,0.1409929980903883,0.24414439239459906,0.0,0.0,0.0
6,0.06,0.9117043121149897,0.15778251599147122,0.269009391093608,0.9096509240246407,0.16120815138282388,0.27387944358578054,0.8952772073921971,0.14513981358189082,0.24978516184474364,0.0,0.0,0.0
7,0.07,0.9117043121149897,0.15778251599147122,0.269009391093608,0.9096509240246407,0.16120815138282388,0.27387944358578054,0.8829568788501027,0.1494612443517553,0.2556480380499406,0.0,0.0,0.0
8,0.08,0.8213552361396304,0.19636720667648502,0.31695721077654515,0.9055441478439425,0.16147931160746978,0.27408328154133,0.8726899383983573,0.1540413193185937,0.26186075169439305,0.0,0.0,0.0
9,0.09,0.8213552361396304,0.19636720667648502,0.31695721077654515,0.8993839835728953,0.1687211093990755,0.28413882581900746,0.8624229979466119,0.15855039637599094,0.26785714285714285,0.0,0.0,0.0
10,0.1,0.8213552361396304,0.19636720667648502,0.31695721077654515,0.8952772073921971,0.1753116204262163,0.2932078009414929,0.8562628336755647,0.16378633150039276,0.27497527200791294,0.0,0.0,0.0
