,filter_abundance,precision_by_num_reads,recall_by_num_reads,F1_by_num_reads,precision_by_nts,recall_by_nts,F1_by_nts,precision_by_mean_cov,recall_by_mean_cov,F1_by_mean_cov,precision_by_med_cov,recall_by_med_cov,F1_by_med_cov
0,0.0,0.8943396226415095,0.1711191335740072,0.2872727272727273,0.9867924528301887,0.12075733087046871,0.21518206130425835,0.9867924528301887,0.12075733087046871,0.21518206130425835,0.01509433962264151,0.08333333333333333,0.025559105431309903
1,0.01,0.8943396226415095,0.1711191335740072,0.2872727272727273,0.9716981132075472,0.1309766022380468,0.23083818915284626,0.9641509433962264,0.13146385387188061,0.23137876386687795,0.0,0.0,0.0
2,0.02,0.8943396226415095,0.1711191335740072,0.2872727272727273,0.8924528301886793,0.17415316642120765,0.2914356130622304,0.9471698113207547,0.13727098714793545,0.23978982565082396,0.0,0.0,0.0
3,0.03,0.8943396226415095,0.1711191335740072,0.2872727272727273,0.8924528301886793,0.17415316642120765,0.2914356130622304,0.9377358490566038,0.14355863662622761,0.24899799599198397,0.0,0.0,0.0
4,0.04,0.8943396226415095,0.1711191335740072,0.2872727272727273,0.8924528301886793,0.17415316642120765,0.2914356130622304,0.9226415094339623,0.14863221884498481,0.25602094240837703,0.0,0.0,0.0
5,0.05,0.8943396226415095,0.1711191335740072,0.2872727272727273,0.8924528301886793,0.17415316642120765,0.2914356130622304,0.9113207547169812,0.15372374283895607,0.2630718954248366,0.0,0.0,0.0
6,0.06,0.8943396226415095,0.1711191335740072,0.2872727272727273,0.8924528301886793,0.17415316642120765,0.2914356130622304,0.8962264150943396,0.15817515817515818,0.268893291819983,0.0,0.0,0.0
7,0.07,0.8943396226415095,0.1711191335740072,0.2872727272727273,0.8924528301886793,0.17415316642120765,0.2914356130622304,0.8830188679245283,0.16266944734098018,0.2747285001467567,0.0,0.0,0.0
8,0.08,0.8943396226415095,0.1711191335740072,0.2872727272727273,0.8924528301886793,0.17415316642120765,0.2914356130622304,0.869811320754717,0.166908037653874,0.2800729040097205,0.0,0.0,0.0
9,0.09,0.7962264150943397,0.2143219908583037,0.33773509403761504,0.8886792452830189,0.17970240366272416,0.29895271342430974,0.8584905660377359,0.1715686274509804,0.28598365807668136,0.0,0.0,0.0
10,0.1,0.7962264150943397,0.2143219908583037,0.33773509403761504,0.8716981132075472,0.18465227817745802,0.3047493403693931,0.8433962264150944,0.1753628874068262,0.29035401104254627,0.0,0.0,0.0
