,filter_abundance,precision_by_num_reads,recall_by_num_reads,F1_by_num_reads,precision_by_nts,recall_by_nts,F1_by_nts,precision_by_mean_cov,recall_by_mean_cov,F1_by_mean_cov,precision_by_med_cov,recall_by_med_cov,F1_by_med_cov
0,0.0,0.8240469208211144,0.13149274684136641,0.22679580306698954,0.9824046920821115,0.09118127381600435,0.16687422166874222,0.9824046920821115,0.09118127381600435,0.16687422166874222,0.002932551319648094,0.014925373134328358,0.004901960784313725
1,0.01,0.8240469208211144,0.13149274684136641,0.22679580306698954,0.9736070381231672,0.09901580674023262,0.1797509474824039,0.9560117302052786,0.09810412278061992,0.1779475982532751,0.0,0.0,0.0
2,0.02,0.8240469208211144,0.13149274684136641,0.22679580306698954,0.9618768328445748,0.1019266625233064,0.1843214386063501,0.9413489736070382,0.10206677265500795,0.18416523235800344,0.0,0.0,0.0
3,0.03,0.8240469208211144,0.13149274684136641,0.22679580306698954,0.8240469208211144,0.13503123498318118,0.23203963666391417,0.9120234604105572,0.10387441549766199,0.18650674662668668,0.0,0.0,0.0
4,0.04,0.8240469208211144,0.13149274684136641,0.22679580306698954,0.8240469208211144,0.13503123498318118,0.23203963666391417,0.9002932551319648,0.10734265734265734,0.19181505779443925,0.0,0.0,0.0
5,0.05,0.8240469208211144,0.13149274684136641,0.22679580306698954,0.8240469208211144,0.13503123498318118,0.23203963666391417,0.8914956011730205,0.11107051516258677,0.19753086419753085,0.0,0.0,0.0
6,0.06,0.8240469208211144,0.13149274684136641,0.22679580306698954,0.8240469208211144,0.13503123498318118,0.23203963666391417,0.8709677419354839,0.1131859756097561,0.2003372681281619,0.0,0.0,0.0
7,0.07,0.8240469208211144,0.13149274684136641,0.22679580306698954,0.8240469208211144,0.13503123498318118,0.23203963666391417,0.8592375366568915,0.11626984126984127,0.2048234882908074,0.0,0.0,0.0
8,0.08,0.8240469208211144,0.13149274684136641,0.22679580306698954,0.8240469208211144,0.13503123498318118,0.23203963666391417,0.844574780058651,0.11886091621956253,0.2083936324167873,0.0,0.0,0.0
9,0.09,0.8240469208211144,0.13149274684136641,0.22679580306698954,0.8240469208211144,0.13503123498318118,0.23203963666391417,0.8357771260997068,0.1223175965665236,0.21340321976787718,0.0,0.0,0.0
10,0.1,0.8240469208211144,0.13149274684136641,0.22679580306698954,0.8240469208211144,0.13503123498318118,0.23203963666391417,0.8181818181818182,0.12422083704363313,0.2156938538848087,0.0,0.0,0.0
