,filter_abundance,precision_by_num_reads,recall_by_num_reads,F1_by_num_reads,precision_by_nts,recall_by_nts,F1_by_nts,precision_by_mean_cov,recall_by_mean_cov,F1_by_mean_cov,precision_by_med_cov,recall_by_med_cov,F1_by_med_cov
0,0.0,0.8575757575757575,0.1288120163859809,0.22398100514444005,0.990909090909091,0.08685258964143426,0.1597069597069597,0.990909090909091,0.08685258964143426,0.1597069597069597,0.012121212121212121,0.04597701149425287,0.019184652278177457
1,0.01,0.8575757575757575,0.1288120163859809,0.22398100514444005,0.9878787878787879,0.09515469935785172,0.1735889243876464,0.9787878787878788,0.09491625036732294,0.17305116528261452,0.0,0.0,0.0
2,0.02,0.8575757575757575,0.1288120163859809,0.22398100514444005,0.9818181818181818,0.09866017052375152,0.1793027116768124,0.9696969696969697,0.09937888198757763,0.18028169014084508,0.0,0.0,0.0
3,0.03,0.8575757575757575,0.1288120163859809,0.22398100514444005,0.8575757575757575,0.13113994439295645,0.22749196141479103,0.9606060606060606,0.10322370563334418,0.18641576007056745,0.0,0.0,0.0
4,0.04,0.8575757575757575,0.1288120163859809,0.22398100514444005,0.8575757575757575,0.13113994439295645,0.22749196141479103,0.9393939393939394,0.10554988083077971,0.18977655341291705,0.0,0.0,0.0
5,0.05,0.8575757575757575,0.1288120163859809,0.22398100514444005,0.8575757575757575,0.13113994439295645,0.22749196141479103,0.9303030303030303,0.10913615357269818,0.19535475660197263,0.0,0.0,0.0
6,0.06,0.8575757575757575,0.1288120163859809,0.22398100514444005,0.8575757575757575,0.13113994439295645,0.22749196141479103,0.9090909090909091,0.11094674556213018,0.1977587343441002,0.0,0.0,0.0
7,0.07,0.8575757575757575,0.1288120163859809,0.22398100514444005,0.8575757575757575,0.13113994439295645,0.22749196141479103,0.8909090909090909,0.113120430934975,0.200751109593718,0.0,0.0,0.0
8,0.08,0.8575757575757575,0.1288120163859809,0.22398100514444005,0.8575757575757575,0.13113994439295645,0.22749196141479103,0.8909090909090909,0.11750599520383694,0.2076271186440678,0.0,0.0,0.0
9,0.09,0.8575757575757575,0.1288120163859809,0.22398100514444005,0.8575757575757575,0.13113994439295645,0.22749196141479103,0.8696969696969697,0.11908713692946057,0.20948905109489055,0.0,0.0,0.0
10,0.1,0.8575757575757575,0.1288120163859809,0.22398100514444005,0.8575757575757575,0.13113994439295645,0.22749196141479103,0.8484848484848485,0.12043010752688173,0.21092278719397362,0.0,0.0,0.0
