,filter_abundance,precision_by_num_reads,recall_by_num_reads,F1_by_num_reads,precision_by_nts,recall_by_nts,F1_by_nts,precision_by_mean_cov,recall_by_mean_cov,F1_by_mean_cov,precision_by_med_cov,recall_by_med_cov,F1_by_med_cov
0,0.0,0.8556701030927835,0.15194508009153318,0.25806451612903225,0.9845360824742269,0.10506050605060506,0.18986083499005965,0.9845360824742269,0.10506050605060506,0.18986083499005965,0.01804123711340206,0.10144927536231885,0.030634573304157545
1,0.01,0.8556701030927835,0.15194508009153318,0.25806451612903225,0.9742268041237113,0.11347943560492345,0.20328045173433718,0.9742268041237113,0.11454545454545455,0.20498915401301518,0.0,0.0,0.0
2,0.02,0.8556701030927835,0.15194508009153318,0.25806451612903225,0.9639175257731959,0.11702127659574468,0.20870535714285715,0.9510309278350515,0.11800447713463383,0.2099573257467994,0.0,0.0,0.0
3,0.03,0.8556701030927835,0.15194508009153318,0.25806451612903225,0.8556701030927835,0.15492300513299112,0.262346898459107,0.9407216494845361,0.12244213351224421,0.21668150786583557,0.0,0.0,0.0
4,0.04,0.8556701030927835,0.15194508009153318,0.25806451612903225,0.8556701030927835,0.15492300513299112,0.262346898459107,0.9226804123711341,0.12556997544721152,0.22105588144489044,0.0,0.0,0.0
5,0.05,0.8556701030927835,0.15194508009153318,0.25806451612903225,0.8556701030927835,0.15492300513299112,0.262346898459107,0.9123711340206185,0.1296228487733431,0.2269958319974351,0.0,0.0,0.0
6,0.06,0.8556701030927835,0.15194508009153318,0.25806451612903225,0.8556701030927835,0.15492300513299112,0.262346898459107,0.9020618556701031,0.13348588863463004,0.2325581395348837,0.0,0.0,0.0
7,0.07,0.8556701030927835,0.15194508009153318,0.25806451612903225,0.8556701030927835,0.15492300513299112,0.262346898459107,0.8891752577319587,0.13685045616818722,0.23719491234101064,0.0,0.0,0.0
8,0.08,0.8556701030927835,0.15194508009153318,0.25806451612903225,0.8556701030927835,0.15492300513299112,0.262346898459107,0.8737113402061856,0.1397938144329897,0.24102381798791328,0.0,0.0,0.0
9,0.09,0.8556701030927835,0.15194508009153318,0.25806451612903225,0.8556701030927835,0.15492300513299112,0.262346898459107,0.865979381443299,0.14383561643835616,0.24669603524229072,0.0,0.0,0.0
10,0.1,0.8556701030927835,0.15194508009153318,0.25806451612903225,0.8556701030927835,0.15492300513299112,0.262346898459107,0.8582474226804123,0.14786856127886322,0.25227272727272726,0.0,0.0,0.0
