,filter_abundance,precision_by_num_reads,recall_by_num_reads,F1_by_num_reads,precision_by_nts,recall_by_nts,F1_by_nts,precision_by_mean_cov,recall_by_mean_cov,F1_by_mean_cov,precision_by_med_cov,recall_by_med_cov,F1_by_med_cov
0,0.0,0.7340797760671799,0.32237246465888136,0.448003416613282,0.8187543736878936,0.24415692821368948,0.3761453142581579,0.8187543736878936,0.24415692821368948,0.3761453142581579,0.006298110566829951,0.07627118644067797,0.011635423400129283
1,0.01,0.7340797760671799,0.32237246465888136,0.448003416613282,0.7928621413575927,0.2617232617232617,0.39353942341090653,0.780965710286914,0.26141953619114544,0.3917163917163917,0.03571428571428571,0.023255813953488372,0.028169014084507043
2,0.02,0.7340797760671799,0.32237246465888136,0.448003416613282,0.7305808257522743,0.32645403377110693,0.4512643181326994,0.7592722183344996,0.27186168879979955,0.4003690036900369,0.03571428571428571,0.023255813953488372,0.028169014084507043
3,0.03,0.7340797760671799,0.32237246465888136,0.448003416613282,0.7305808257522743,0.32645403377110693,0.4512643181326994,0.7375787263820853,0.2802446157936719,0.40616570327552987,0.03571428571428571,0.023255813953488372,0.028169014084507043
4,0.04,0.7340797760671799,0.32237246465888136,0.448003416613282,0.7305808257522743,0.32645403377110693,0.4512643181326994,0.7256822953114066,0.29104687061465057,0.41546474358974356,0.03571428571428571,0.023255813953488372,0.028169014084507043
5,0.05,0.7340797760671799,0.32237246465888136,0.448003416613282,0.7305808257522743,0.32645403377110693,0.4512643181326994,0.7095871238628412,0.29929161747343563,0.42100892671787415,0.03571428571428571,0.023255813953488372,0.028169014084507043
6,0.06,0.7340797760671799,0.32237246465888136,0.448003416613282,0.7305808257522743,0.32645403377110693,0.4512643181326994,0.6920923722883136,0.30628677609166927,0.42464577071704596,0.03571428571428571,0.023255813953488372,0.028169014084507043
7,0.07,0.6438068579426172,0.38190120381901205,0.4794163626889005,0.7130860741777467,0.3348669076569175,0.45572450805008946,0.6822953114065781,0.3163530175210902,0.4322766570605187,0.03571428571428571,0.023255813953488372,0.028169014084507043
8,0.08,0.6438068579426172,0.38190120381901205,0.4794163626889005,0.6997900629811057,0.3453038674033149,0.4624277456647399,0.6696990902729181,0.3246268656716418,0.437285812200137,0.03571428571428571,0.023255813953488372,0.028169014084507043
9,0.09,0.6438068579426172,0.38190120381901205,0.4794163626889005,0.6864940517844647,0.3535135135135135,0.466698382492864,0.6564030790762772,0.3320353982300885,0.44099670897978377,0.03571428571428571,0.023255813953488372,0.028169014084507043
10,0.1,0.6438068579426172,0.38190120381901205,0.4794163626889005,0.6375087473757872,0.3914911903738719,0.48509052183173584,0.6501049685094472,0.34255162241887904,0.4486838927795218,0.03571428571428571,0.023255813953488372,0.028169014084507043
