,filter_abundance,precision_by_num_reads,recall_by_num_reads,F1_by_num_reads,precision_by_nts,recall_by_nts,F1_by_nts,precision_by_mean_cov,recall_by_mean_cov,F1_by_mean_cov,precision_by_med_cov,recall_by_med_cov,F1_by_med_cov
0,0.0,0.7496871088861077,0.3387051173310715,0.46660175267770193,0.8260325406758448,0.2615415098078066,0.3972911963882618,0.8260325406758448,0.2615415098078066,0.3972911963882618,0.015018773466833541,0.14201183431952663,0.027164685908319185
1,0.01,0.7496871088861077,0.3387051173310715,0.46660175267770193,0.7471839799749687,0.3431034482758621,0.47026388341866876,0.7972465581977471,0.287260428410372,0.4223437758992209,0.020833333333333332,0.015625,0.017857142857142856
2,0.02,0.7496871088861077,0.3387051173310715,0.46660175267770193,0.7471839799749687,0.3431034482758621,0.47026388341866876,0.7778473091364205,0.30265400535670806,0.4357581069237511,0.020833333333333332,0.015625,0.017857142857142856
3,0.03,0.7496871088861077,0.3387051173310715,0.46660175267770193,0.7471839799749687,0.3431034482758621,0.47026388341866876,0.7553191489361702,0.3141592920353982,0.44375,0.020833333333333332,0.015625,0.017857142857142856
4,0.04,0.7496871088861077,0.3387051173310715,0.46660175267770193,0.7471839799749687,0.3431034482758621,0.47026388341866876,0.7409261576971214,0.32725262576008846,0.4539877300613497,0.020833333333333332,0.015625,0.017857142857142856
5,0.05,0.6808510638297872,0.39897323065639895,0.503121387283237,0.7421777221526908,0.34547043402272065,0.4714768435698668,0.7240300375469336,0.3381063705435418,0.4609561752988048,0.020833333333333332,0.015625,0.017857142857142856
6,0.06,0.6808510638297872,0.39897323065639895,0.503121387283237,0.7259073842302879,0.3595784252944823,0.4809286898839137,0.7096370463078848,0.34924545734524176,0.46811145510835916,0.020833333333333332,0.015625,0.017857142857142856
7,0.07,0.6808510638297872,0.39897323065639895,0.503121387283237,0.7158948685857321,0.37215354586857513,0.48972602739726023,0.6971214017521903,0.3605177993527508,0.47525597269624575,0.020833333333333332,0.015625,0.017857142857142856
8,0.08,0.6808510638297872,0.39897323065639895,0.503121387283237,0.6758448060075094,0.4073934364390796,0.5083549070369499,0.6846057571964956,0.3713509843856076,0.4815140845070422,0.020833333333333332,0.015625,0.017857142857142856
9,0.09,0.6808510638297872,0.39897323065639895,0.503121387283237,0.6758448060075094,0.4073934364390796,0.5083549070369499,0.6708385481852316,0.38095238095238093,0.48594741613780607,0.020833333333333332,0.015625,0.017857142857142856
10,0.1,0.6257822277847309,0.4476275738585497,0.5219206680584552,0.6758448060075094,0.4073934364390796,0.5083549070369499,0.6576971214017522,0.3902710731526179,0.48986250291307387,0.020833333333333332,0.015625,0.017857142857142856
