,filter_abundance,precision_by_num_reads,recall_by_num_reads,F1_by_num_reads,precision_by_nts,recall_by_nts,F1_by_nts,precision_by_mean_cov,recall_by_mean_cov,F1_by_mean_cov,precision_by_med_cov,recall_by_med_cov,F1_by_med_cov
0,0.0,0.7258741258741259,0.31820968730839977,0.4424552429667519,0.8125874125874126,0.24613429358186825,0.37782474394407417,0.8125874125874126,0.24613429358186825,0.37782474394407417,0.009790209790209791,0.125,0.018158236057068743
1,0.01,0.7258741258741259,0.31820968730839977,0.4424552429667519,0.7881118881118881,0.26561395239217533,0.39732064163581876,0.7762237762237763,0.26409707351891504,0.39410616012781824,0.04,0.023255813953488372,0.029411764705882353
2,0.02,0.7258741258741259,0.31820968730839977,0.4424552429667519,0.7195804195804196,0.3223684210526316,0.44526179143228045,0.7559440559440559,0.2754841997961264,0.40381023533806504,0.04,0.023255813953488372,0.029411764705882353
3,0.03,0.7258741258741259,0.31820968730839977,0.4424552429667519,0.7195804195804196,0.3223684210526316,0.44526179143228045,0.7398601398601399,0.28602324952689917,0.4125560538116592,0.04,0.023255813953488372,0.029411764705882353
4,0.04,0.7258741258741259,0.31820968730839977,0.4424552429667519,0.7195804195804196,0.3223684210526316,0.44526179143228045,0.7286713286713287,0.29754426042261567,0.4225466342254664,0.04,0.023255813953488372,0.029411764705882353
5,0.05,0.7258741258741259,0.31820968730839977,0.4424552429667519,0.7195804195804196,0.3223684210526316,0.44526179143228045,0.7125874125874125,0.30646616541353383,0.4286014721345951,0.04,0.023255813953488372,0.029411764705882353
6,0.06,0.6615384615384615,0.38643790849673204,0.48788035069623514,0.7160839160839161,0.32611464968152865,0.44814004376367617,0.6951048951048951,0.3135646687697161,0.4321739130434783,0.04,0.023255813953488372,0.029411764705882353
7,0.07,0.6615384615384615,0.38643790849673204,0.48788035069623514,0.7034965034965035,0.3382649630127774,0.4568574023614896,0.6867132867132867,0.32462809917355373,0.4408529741863076,0.04,0.023255813953488372,0.029411764705882353
8,0.08,0.6615384615384615,0.38643790849673204,0.48788035069623514,0.6979020979020979,0.35116115411681914,0.4672284644194757,0.6741258741258741,0.33367947386638974,0.4463996295438759,0.04,0.023255813953488372,0.029411764705882353
9,0.09,0.6615384615384615,0.38643790849673204,0.48788035069623514,0.6566433566433566,0.3953684210526316,0.49356110381077534,0.6629370629370629,0.34211476001443525,0.4513211140204713,0.04,0.023255813953488372,0.029411764705882353
10,0.1,0.6615384615384615,0.38643790849673204,0.48788035069623514,0.6566433566433566,0.3953684210526316,0.49356110381077534,0.6524475524475525,0.35088379089883415,0.45634629493763756,0.04,0.023255813953488372,0.029411764705882353
