,filter_abundance,precision_by_num_reads,recall_by_num_reads,F1_by_num_reads,precision_by_nts,recall_by_nts,F1_by_nts,precision_by_mean_cov,recall_by_mean_cov,F1_by_mean_cov,precision_by_med_cov,recall_by_med_cov,F1_by_med_cov
0,0.0,0.8520710059171598,0.13217072051399725,0.2288438617401669,0.9940828402366864,0.09020134228187919,0.1653950283042087,0.9940828402366864,0.09020134228187919,0.1653950283042087,0.011834319526627219,0.05,0.019138755980861243
1,0.01,0.8520710059171598,0.13217072051399725,0.2288438617401669,0.9911242603550295,0.09879091713358891,0.17967283454009117,0.9792899408284024,0.09804502369668247,0.1782444803446419,0.0,0.0,0.0
2,0.02,0.8520710059171598,0.13217072051399725,0.2288438617401669,0.9733727810650887,0.10119963088280529,0.18333797715241013,0.9585798816568047,0.10137672090112641,0.18336162988115448,0.0,0.0,0.0
3,0.03,0.8520710059171598,0.13217072051399725,0.2288438617401669,0.8520710059171598,0.1350844277673546,0.23319838056680162,0.9349112426035503,0.10374261326329613,0.18676122931442082,0.0,0.0,0.0
4,0.04,0.8520710059171598,0.13217072051399725,0.2288438617401669,0.8520710059171598,0.1350844277673546,0.23319838056680162,0.9201183431952663,0.10683613878392305,0.19144352108341028,0.0,0.0,0.0
5,0.05,0.8520710059171598,0.13217072051399725,0.2288438617401669,0.8520710059171598,0.1350844277673546,0.23319838056680162,0.9112426035502958,0.11051309651955507,0.19712,0.0,0.0,0.0
6,0.06,0.8520710059171598,0.13217072051399725,0.2288438617401669,0.8520710059171598,0.1350844277673546,0.23319838056680162,0.8964497041420119,0.1132286995515695,0.2010617120106171,0.0,0.0,0.0
7,0.07,0.8520710059171598,0.13217072051399725,0.2288438617401669,0.8520710059171598,0.1350844277673546,0.23319838056680162,0.878698224852071,0.11547433903576983,0.20412371134020615,0.0,0.0,0.0
8,0.08,0.8520710059171598,0.13217072051399725,0.2288438617401669,0.8520710059171598,0.1350844277673546,0.23319838056680162,0.8668639053254438,0.11838383838383838,0.20831852115179522,0.0,0.0,0.0
9,0.09,0.8520710059171598,0.13217072051399725,0.2288438617401669,0.8520710059171598,0.1350844277673546,0.23319838056680162,0.8520710059171598,0.12075471698113208,0.2115313991920676,0.0,0.0,0.0
10,0.1,0.8520710059171598,0.13217072051399725,0.2288438617401669,0.8520710059171598,0.1350844277673546,0.23319838056680162,0.834319526627219,0.12260869565217392,0.21379833206974985,0.0,0.0,0.0
