,filter_abundance,precision_by_num_reads,recall_by_num_reads,F1_by_num_reads,precision_by_nts,recall_by_nts,F1_by_nts,precision_by_mean_cov,recall_by_mean_cov,F1_by_mean_cov,precision_by_med_cov,recall_by_med_cov,F1_by_med_cov
0,0.0,0.8856624319419237,0.17745454545454545,0.29566797940018175,0.9891107078039928,0.12668526266852626,0.22460333814135583,0.9891107078039928,0.12668526266852626,0.22460333814135583,0.019963702359346643,0.10891089108910891,0.03374233128834356
1,0.01,0.8856624319419237,0.17745454545454545,0.29566797940018175,0.969147005444646,0.13664278403275332,0.2395155864543619,0.9582577132486388,0.13657527159855148,0.23907629612859407,0.0,0.0,0.0
2,0.02,0.8856624319419237,0.17745454545454545,0.29566797940018175,0.8838475499092558,0.18017018128005918,0.29932390903503375,0.9473684210526315,0.14352488314544953,0.24928366762177648,0.0,0.0,0.0
3,0.03,0.8856624319419237,0.17745454545454545,0.29566797940018175,0.8838475499092558,0.18017018128005918,0.29932390903503375,0.9328493647912885,0.14937518163324615,0.2575150300601202,0.0,0.0,0.0
4,0.04,0.8856624319419237,0.17745454545454545,0.29566797940018175,0.8838475499092558,0.18017018128005918,0.29932390903503375,0.9201451905626135,0.15499847141546927,0.2653061224489796,0.0,0.0,0.0
5,0.05,0.8856624319419237,0.17745454545454545,0.29566797940018175,0.8838475499092558,0.18017018128005918,0.29932390903503375,0.9056261343012704,0.16014120667522463,0.2721570766293973,0.0,0.0,0.0
6,0.06,0.8856624319419237,0.17745454545454545,0.29566797940018175,0.8838475499092558,0.18017018128005918,0.29932390903503375,0.8911070780399274,0.16493113873026538,0.27834467120181405,0.0,0.0,0.0
7,0.07,0.8856624319419237,0.17745454545454545,0.29566797940018175,0.8838475499092558,0.18017018128005918,0.29932390903503375,0.8820326678765881,0.1705861705861706,0.2858823529411765,0.0,0.0,0.0
8,0.08,0.8856624319419237,0.17745454545454545,0.29566797940018175,0.8838475499092558,0.18017018128005918,0.29932390903503375,0.8765880217785844,0.17698790765848296,0.2945121951219512,0.0,0.0,0.0
9,0.09,0.8058076225045372,0.2221110555277639,0.34823529411764703,0.8747731397459165,0.1849577897160399,0.3053531834019639,0.8602540834845736,0.18091603053435115,0.29895931882686855,0.0,0.0,0.0
10,0.1,0.8058076225045372,0.2221110555277639,0.34823529411764703,0.867513611615245,0.1918908069048575,0.31426692965154507,0.8493647912885662,0.18593563766388557,0.30508474576271183,0.0,0.0,0.0
