,filter_abundance,precision_by_num_reads,recall_by_num_reads,F1_by_num_reads,precision_by_nts,recall_by_nts,F1_by_nts,precision_by_mean_cov,recall_by_mean_cov,F1_by_mean_cov,precision_by_med_cov,recall_by_med_cov,F1_by_med_cov
0,0.0,0.9100418410041841,0.15636232925952553,0.2668711656441718,0.997907949790795,0.10988251554941257,0.19796638306702635,0.997907949790795,0.10988251554941257,0.19796638306702635,0.014644351464435146,0.0673076923076923,0.024054982817869414
1,0.01,0.9100418410041841,0.15636232925952553,0.2668711656441718,0.9937238493723849,0.12114256567202245,0.21595817231188907,0.9728033472803347,0.12009297520661157,0.21379310344827585,0.058823529411764705,0.020833333333333332,0.03076923076923077
2,0.02,0.9100418410041841,0.15636232925952553,0.2668711656441718,0.9100418410041841,0.15951595159515952,0.2714508580343214,0.9665271966527197,0.1271326362135388,0.22470817120622563,0.058823529411764705,0.020833333333333332,0.03076923076923077
3,0.03,0.9100418410041841,0.15636232925952553,0.2668711656441718,0.9100418410041841,0.15951595159515952,0.2714508580343214,0.9623430962343096,0.13407169921305742,0.235354310565362,0.058823529411764705,0.020833333333333332,0.03076923076923077
4,0.04,0.9100418410041841,0.15636232925952553,0.2668711656441718,0.9100418410041841,0.15951595159515952,0.2714508580343214,0.9435146443514645,0.13855606758832564,0.24162871684971873,0.058823529411764705,0.020833333333333332,0.03076923076923077
5,0.05,0.9100418410041841,0.15636232925952553,0.2668711656441718,0.9100418410041841,0.15951595159515952,0.2714508580343214,0.9372384937238494,0.14451612903225808,0.2504192286193404,0.058823529411764705,0.020833333333333332,0.03076923076923077
6,0.06,0.9100418410041841,0.15636232925952553,0.2668711656441718,0.9100418410041841,0.15951595159515952,0.2714508580343214,0.9184100418410042,0.14831081081081082,0.25538103548574753,0.058823529411764705,0.020833333333333332,0.03076923076923077
7,0.07,0.9100418410041841,0.15636232925952553,0.2668711656441718,0.9100418410041841,0.15951595159515952,0.2714508580343214,0.9037656903765691,0.1524347212420607,0.2608695652173913,0.058823529411764705,0.020833333333333332,0.03076923076923077
8,0.08,0.9100418410041841,0.15636232925952553,0.2668711656441718,0.9100418410041841,0.15951595159515952,0.2714508580343214,0.8891213389121339,0.156480117820324,0.2661239824671259,0.058823529411764705,0.020833333333333332,0.03076923076923077
9,0.09,0.8158995815899581,0.19877675840978593,0.319672131147541,0.9037656903765691,0.16539050535987748,0.27961165048543685,0.8807531380753139,0.16148830072880707,0.2729335494327391,0.058823529411764705,0.020833333333333332,0.03076923076923077
10,0.1,0.8158995815899581,0.19877675840978593,0.319672131147541,0.895397489539749,0.17113154738104758,0.287344746559248,0.8661087866108786,0.16520351157222665,0.2774798927613941,0.058823529411764705,0.020833333333333332,0.03076923076923077
