,filter_abundance,precision_by_num_reads,recall_by_num_reads,F1_by_num_reads,precision_by_nts,recall_by_nts,F1_by_nts,precision_by_mean_cov,recall_by_mean_cov,F1_by_mean_cov,precision_by_med_cov,recall_by_med_cov,F1_by_med_cov
0,0.0,0.8868421052631579,0.15465810004589262,0.26338413442751074,0.9973684210526316,0.10174496644295301,0.18465286236297196,0.9973684210526316,0.10174496644295301,0.18465286236297196,0.015789473684210527,0.075,0.026086956521739132
1,0.01,0.8868421052631579,0.15465810004589262,0.26338413442751074,0.9947368421052631,0.11147154231790032,0.20047732696897375,0.9815789473684211,0.11048578199052132,0.19861554845580404,0.0,0.0,0.0
2,0.02,0.8868421052631579,0.15465810004589262,0.26338413442751074,0.9868421052631579,0.11534912334666257,0.20655466813549989,0.9631578947368421,0.11451814768460576,0.2046979865771812,0.0,0.0,0.0
3,0.03,0.8868421052631579,0.15465810004589262,0.26338413442751074,0.8868421052631579,0.15806754221388367,0.268312101910828,0.9526315789473684,0.11884438608010506,0.21132516053706946,0.0,0.0,0.0
4,0.04,0.8868421052631579,0.15465810004589262,0.26338413442751074,0.8868421052631579,0.15806754221388367,0.268312101910828,0.9447368421052632,0.12332531776021985,0.2181707687632938,0.0,0.0,0.0
5,0.05,0.8868421052631579,0.15465810004589262,0.26338413442751074,0.8868421052631579,0.15806754221388367,0.268312101910828,0.9368421052631579,0.12773591675636886,0.22481844016419322,0.0,0.0,0.0
6,0.06,0.8868421052631579,0.15465810004589262,0.26338413442751074,0.8868421052631579,0.15806754221388367,0.268312101910828,0.9263157894736842,0.13153961136023917,0.23036649214659685,0.0,0.0,0.0
7,0.07,0.8868421052631579,0.15465810004589262,0.26338413442751074,0.8868421052631579,0.15806754221388367,0.268312101910828,0.9157894736842105,0.13530326594090203,0.23577235772357724,0.0,0.0,0.0
8,0.08,0.8868421052631579,0.15465810004589262,0.26338413442751074,0.8868421052631579,0.15806754221388367,0.268312101910828,0.9052631578947369,0.138989898989899,0.24098073555166377,0.0,0.0,0.0
9,0.09,0.8868421052631579,0.15465810004589262,0.26338413442751074,0.8868421052631579,0.15806754221388367,0.268312101910828,0.8842105263157894,0.14088050314465408,0.24303797468354432,0.0,0.0,0.0
10,0.1,0.8868421052631579,0.15465810004589262,0.26338413442751074,0.8868421052631579,0.15806754221388367,0.268312101910828,0.8789473684210526,0.14521739130434783,0.2492537313432836,0.0,0.0,0.0
