,filter_abundance,precision_by_num_reads,recall_by_num_reads,F1_by_num_reads,precision_by_nts,recall_by_nts,F1_by_nts,precision_by_mean_cov,recall_by_mean_cov,F1_by_mean_cov,precision_by_med_cov,recall_by_med_cov,F1_by_med_cov
0,0.0,0.8649350649350649,0.16017316017316016,0.2702922077922078,0.9974025974025974,0.10705324783942013,0.19335347432024172,0.9974025974025974,0.10705324783942013,0.19335347432024172,0.015584415584415584,0.0821917808219178,0.02620087336244541
1,0.01,0.8649350649350649,0.16017316017316016,0.2702922077922078,0.9922077922077922,0.11692684419957147,0.20920043811610078,0.9844155844155844,0.11690314620604565,0.20898814447201544,0.0,0.0,0.0
2,0.02,0.8649350649350649,0.16017316017316016,0.2702922077922078,0.987012987012987,0.12144455097475232,0.21627774615822423,0.9766233766233766,0.1227154046997389,0.2180342128153088,0.0,0.0,0.0
3,0.03,0.8649350649350649,0.16017316017316016,0.2702922077922078,0.8649350649350649,0.16420118343195267,0.2760049730625777,0.9636363636363636,0.12718546451834076,0.22471229557843733,0.0,0.0,0.0
4,0.04,0.8649350649350649,0.16017316017316016,0.2702922077922078,0.8649350649350649,0.16420118343195267,0.2760049730625777,0.9532467532467532,0.13182471264367815,0.2316188071946986,0.0,0.0,0.0
5,0.05,0.8649350649350649,0.16017316017316016,0.2702922077922078,0.8649350649350649,0.16420118343195267,0.2760049730625777,0.9298701298701298,0.1342835708927232,0.2346771550311373,0.0,0.0,0.0
6,0.06,0.8649350649350649,0.16017316017316016,0.2702922077922078,0.8649350649350649,0.16420118343195267,0.2760049730625777,0.9142857142857143,0.13793103448275862,0.2397003745318352,0.0,0.0,0.0
7,0.07,0.8649350649350649,0.16017316017316016,0.2702922077922078,0.8649350649350649,0.16420118343195267,0.2760049730625777,0.9012987012987013,0.14140179299103506,0.2444522719267348,0.0,0.0,0.0
8,0.08,0.8649350649350649,0.16017316017316016,0.2702922077922078,0.8649350649350649,0.16420118343195267,0.2760049730625777,0.8883116883116883,0.14479254868755292,0.24899890789952672,0.0,0.0,0.0
9,0.09,0.8649350649350649,0.16017316017316016,0.2702922077922078,0.8649350649350649,0.16420118343195267,0.2760049730625777,0.8753246753246753,0.14819700967458224,0.2534787514103046,0.0,0.0,0.0
10,0.1,0.8649350649350649,0.16017316017316016,0.2702922077922078,0.8649350649350649,0.16420118343195267,0.2760049730625777,0.8623376623376623,0.1516674280493376,0.257964257964258,0.0,0.0,0.0
