,filter_abundance,precision_by_num_reads,recall_by_num_reads,F1_by_num_reads,precision_by_nts,recall_by_nts,F1_by_nts,precision_by_mean_cov,recall_by_mean_cov,F1_by_mean_cov,precision_by_med_cov,recall_by_med_cov,F1_by_med_cov
0,0.0,0.6919900908340215,0.3023088023088023,0.42078835048958074,0.8034682080924855,0.2272302662307333,0.35426906972510464,0.8034682080924855,0.2272302662307333,0.35426906972510464,0.008257638315441783,0.10638297872340426,0.01532567049808429
1,0.01,0.6919900908340215,0.3023088023088023,0.42078835048958074,0.781998348472337,0.2435073283620468,0.3713725490196078,0.7737407101568952,0.24375650364203955,0.37072205736894165,0.0,0.0,0.0
2,0.02,0.6919900908340215,0.3023088023088023,0.42078835048958074,0.6862097440132122,0.3054024255788313,0.42268565615462866,0.7481420313790256,0.25055309734513276,0.3753884400248602,0.0,0.0,0.0
3,0.03,0.6919900908340215,0.3023088023088023,0.42078835048958074,0.6862097440132122,0.3054024255788313,0.42268565615462866,0.7291494632535095,0.2579608530528776,0.3810962451445835,0.0,0.0,0.0
4,0.04,0.6919900908340215,0.3023088023088023,0.42078835048958074,0.6862097440132122,0.3054024255788313,0.42268565615462866,0.7151114781172585,0.2662158007992622,0.3879928315412186,0.0,0.0,0.0
5,0.05,0.6919900908340215,0.3023088023088023,0.42078835048958074,0.6862097440132122,0.3054024255788313,0.42268565615462866,0.6977704376548307,0.27266860277508875,0.39211136890951276,0.0,0.0,0.0
6,0.06,0.6919900908340215,0.3023088023088023,0.42078835048958074,0.6862097440132122,0.3054024255788313,0.42268565615462866,0.6829066886870355,0.2795807978363759,0.39673782681698244,0.0,0.0,0.0
7,0.07,0.6919900908340215,0.3023088023088023,0.42078835048958074,0.6862097440132122,0.3054024255788313,0.42268565615462866,0.671345995045417,0.28758401131941985,0.4026745913818722,0.0,0.0,0.0
8,0.08,0.6919900908340215,0.3023088023088023,0.42078835048958074,0.6862097440132122,0.3054024255788313,0.42268565615462866,0.6597853014037985,0.29472519365547767,0.40744518103008665,0.0,0.0,0.0
9,0.09,0.6069364161849711,0.3748087710351861,0.46343001261034045,0.6729975227085053,0.31564678543764524,0.42973899288162404,0.6424442609413707,0.29946112394149343,0.40850616959831976,0.0,0.0,0.0
10,0.1,0.6069364161849711,0.3748087710351861,0.46343001261034045,0.6589595375722543,0.32346980137819215,0.433931484502447,0.6366639141205616,0.3088942307692308,0.41596978688966824,0.0,0.0,0.0
