,filter_abundance,precision_by_num_reads,recall_by_num_reads,F1_by_num_reads,precision_by_nts,recall_by_nts,F1_by_nts,precision_by_mean_cov,recall_by_mean_cov,F1_by_mean_cov,precision_by_med_cov,recall_by_med_cov,F1_by_med_cov
0,0.0,0.9331259720062208,0.18668326073428748,0.31112263417163594,0.9984447900466563,0.13535736875395318,0.23839584106943928,0.9984447900466563,0.13535736875395318,0.23839584106943928,0.01088646967340591,0.0603448275862069,0.018445322793148883
1,0.01,0.9331259720062208,0.18668326073428748,0.31112263417163594,0.9860031104199067,0.14861697140178154,0.2583010796496232,0.9782270606531882,0.14908746148376392,0.25874125874125875,0.0,0.0,0.0
2,0.02,0.9331259720062208,0.18668326073428748,0.31112263417163594,0.9300155520995335,0.18930041152263374,0.3145712782745923,0.9626749611197511,0.15718638902996446,0.27024667103252564,0.0,0.0,0.0
3,0.03,0.9331259720062208,0.18668326073428748,0.31112263417163594,0.9300155520995335,0.18930041152263374,0.3145712782745923,0.9440124416796267,0.1638768898488121,0.27927306188175754,0.0,0.0,0.0
4,0.04,0.9331259720062208,0.18668326073428748,0.31112263417163594,0.9300155520995335,0.18930041152263374,0.3145712782745923,0.9346811819595645,0.17166523850328477,0.29005791505791506,0.0,0.0,0.0
5,0.05,0.9331259720062208,0.18668326073428748,0.31112263417163594,0.9300155520995335,0.18930041152263374,0.3145712782745923,0.9253499222395023,0.1788935658448587,0.29982363315696653,0.0,0.0,0.0
6,0.06,0.9331259720062208,0.18668326073428748,0.31112263417163594,0.9300155520995335,0.18930041152263374,0.3145712782745923,0.911353032659409,0.1850331544047995,0.30761154855643047,0.0,0.0,0.0
7,0.07,0.8584758942457231,0.22857142857142856,0.36102027468933945,0.9160186625194401,0.19751844399731724,0.3249655172413793,0.8911353032659409,0.18954680780681443,0.3126022913256956,0.0,0.0,0.0
8,0.08,0.8584758942457231,0.22857142857142856,0.36102027468933945,0.9020217729393468,0.20372321742184757,0.332378223495702,0.8755832037325039,0.19474230370114148,0.3186191284663271,0.0,0.0,0.0
9,0.09,0.8584758942457231,0.22857142857142856,0.36102027468933945,0.8538102643856921,0.23531933133304758,0.36895161290322576,0.8569206842923794,0.1990606936416185,0.32307241278217524,0.0,0.0,0.0
10,0.1,0.8584758942457231,0.22857142857142856,0.36102027468933945,0.8538102643856921,0.23531933133304758,0.36895161290322576,0.8460342146189735,0.20481927710843373,0.32979690815398605,0.0,0.0,0.0
