,filter_abundance,precision_by_num_reads,recall_by_num_reads,F1_by_num_reads,precision_by_nts,recall_by_nts,F1_by_nts,precision_by_mean_cov,recall_by_mean_cov,F1_by_mean_cov,precision_by_med_cov,recall_by_med_cov,F1_by_med_cov
0,0.0,0.9198767334360555,0.18234575442883322,0.3043589089982156,0.9969183359013868,0.13535564853556487,0.23834960397863328,0.9969183359013868,0.13535564853556487,0.23834960397863328,0.01078582434514638,0.05737704918032787,0.018158236057068743
1,0.01,0.9198767334360555,0.18234575442883322,0.3043589089982156,0.9815100154083205,0.14738546968995836,0.2562864614765641,0.963020030816641,0.14702422959303693,0.25510204081632654,0.0,0.0,0.0
2,0.02,0.9198767334360555,0.18234575442883322,0.3043589089982156,0.9183359013867488,0.1843489019486545,0.30705821741370426,0.9506933744221879,0.15549395161290322,0.26727312107429063,0.0,0.0,0.0
3,0.03,0.9198767334360555,0.18234575442883322,0.3043589089982156,0.9183359013867488,0.1843489019486545,0.30705821741370426,0.9445300462249615,0.16399143927233814,0.2794620469569181,0.0,0.0,0.0
4,0.04,0.9198767334360555,0.18234575442883322,0.3043589089982156,0.9183359013867488,0.1843489019486545,0.30705821741370426,0.9198767334360555,0.16888260254596887,0.2853728489483747,0.0,0.0,0.0
5,0.05,0.9198767334360555,0.18234575442883322,0.3043589089982156,0.9183359013867488,0.1843489019486545,0.30705821741370426,0.9121725731895224,0.17613805415055042,0.29526184538653366,0.0,0.0,0.0
6,0.06,0.8412942989214176,0.22123176661264182,0.3503368623676612,0.9183359013867488,0.18561195889131113,0.3088082901554404,0.8952234206471494,0.18144909431605247,0.30173980784211896,0.0,0.0,0.0
7,0.07,0.8412942989214176,0.22123176661264182,0.3503368623676612,0.9106317411402157,0.19466403162055335,0.3207598371777476,0.8798151001540832,0.1867844291789336,0.3081489476524555,0.0,0.0,0.0
8,0.08,0.8412942989214176,0.22123176661264182,0.3503368623676612,0.8967642526964561,0.20075888237323214,0.3280721533258174,0.8690292758089369,0.19275461380724537,0.31552447552447555,0.0,0.0,0.0
9,0.09,0.8412942989214176,0.22123176661264182,0.3503368623676612,0.8412942989214176,0.22826086956521738,0.35909240381453467,0.8613251155624037,0.19928698752228163,0.3236826867400116,0.0,0.0,0.0
10,0.1,0.8412942989214176,0.22123176661264182,0.3503368623676612,0.8412942989214176,0.22826086956521738,0.35909240381453467,0.8489984591679507,0.2046045302636465,0.32974266906044286,0.0,0.0,0.0
