,filter_abundance,precision_by_num_reads,recall_by_num_reads,F1_by_num_reads,precision_by_nts,recall_by_nts,F1_by_nts,precision_by_mean_cov,recall_by_mean_cov,F1_by_mean_cov,precision_by_med_cov,recall_by_med_cov,F1_by_med_cov
0,0.0,0.9352428393524284,0.2151246061300487,0.3497904052165812,0.9987546699875467,0.16068924063313966,0.2768381083879876,0.9987546699875467,0.16068924063313966,0.2768381083879876,0.0224159402241594,0.13533834586466165,0.038461538461538464
1,0.01,0.9352428393524284,0.2151246061300487,0.3497904052165812,0.9912826899128269,0.1779964221824687,0.3018009478672986,0.9763387297633873,0.17822232325528528,0.3014225297962322,0.0,0.0,0.0
2,0.02,0.9352428393524284,0.2151246061300487,0.3497904052165812,0.9352428393524284,0.21818710052295176,0.3538280329799764,0.962640099626401,0.18946078431372548,0.31660864222813845,0.0,0.0,0.0
3,0.03,0.9352428393524284,0.2151246061300487,0.3497904052165812,0.9352428393524284,0.21818710052295176,0.3538280329799764,0.9476961394769614,0.19921465968586388,0.3292234479775038,0.0,0.0,0.0
4,0.04,0.9352428393524284,0.2151246061300487,0.3497904052165812,0.9352428393524284,0.21818710052295176,0.3538280329799764,0.9315068493150684,0.20772007775617884,0.33969118982742963,0.0,0.0,0.0
5,0.05,0.8642590286425903,0.25741839762611274,0.39668476707630757,0.9327521793275217,0.22068355922215674,0.3569216106742912,0.9153175591531756,0.2154793315743184,0.3488372093023256,0.0,0.0,0.0
6,0.06,0.8642590286425903,0.25741839762611274,0.39668476707630757,0.9090909090909091,0.22862511744440964,0.36536536536536535,0.9028642590286425,0.22376543209876543,0.3586445708632204,0.0,0.0,0.0
7,0.07,0.8642590286425903,0.25741839762611274,0.39668476707630757,0.8567870485678705,0.26249523082792825,0.40186915887850466,0.8866749688667497,0.23056994818652848,0.36597275764584936,0.0,0.0,0.0
8,0.08,0.8642590286425903,0.25741839762611274,0.39668476707630757,0.8567870485678705,0.26249523082792825,0.40186915887850466,0.8617683686176837,0.23465581553068837,0.3688699360341152,0.0,0.0,0.0
9,0.09,0.8642590286425903,0.25741839762611274,0.39668476707630757,0.8567870485678705,0.26249523082792825,0.40186915887850466,0.8455790784557908,0.24078014184397162,0.3748274910295335,0.0,0.0,0.0
10,0.1,0.8642590286425903,0.25741839762611274,0.39668476707630757,0.8567870485678705,0.26249523082792825,0.40186915887850466,0.8356164383561644,0.2484265087004813,0.3829908675799087,0.0,0.0,0.0
