,filter_abundance,precision_by_num_reads,recall_by_num_reads,F1_by_num_reads,precision_by_nts,recall_by_nts,F1_by_nts,precision_by_mean_cov,recall_by_mean_cov,F1_by_mean_cov,precision_by_med_cov,recall_by_med_cov,F1_by_med_cov
0,0.0,0.6871880199667221,0.29690869877785764,0.41465863453815255,0.7878535773710482,0.21815249942409584,0.34169222442720554,0.7878535773710482,0.21815249942409584,0.34169222442720554,0.0074875207986688855,0.08653846153846154,0.013782542113323127
1,0.01,0.6871880199667221,0.29690869877785764,0.41465863453815255,0.7687188019966722,0.23565416985462892,0.3607261370290845,0.7487520798668885,0.23243801652892562,0.35474970437524633,0.0,0.0,0.0
2,0.02,0.6871880199667221,0.29690869877785764,0.41465863453815255,0.6830282861896838,0.30106343967730104,0.41791804530414856,0.7237936772046589,0.23940561364887178,0.3598014888337469,0.0,0.0,0.0
3,0.03,0.6871880199667221,0.29690869877785764,0.41465863453815255,0.6830282861896838,0.30106343967730104,0.41791804530414856,0.7071547420965059,0.24774118332847567,0.3669328728685517,0.0,0.0,0.0
4,0.04,0.6871880199667221,0.29690869877785764,0.41465863453815255,0.6830282861896838,0.30106343967730104,0.41791804530414856,0.6938435940099834,0.25622119815668204,0.37424276419116,0.0,0.0,0.0
5,0.05,0.6871880199667221,0.29690869877785764,0.41465863453815255,0.6830282861896838,0.30106343967730104,0.41791804530414856,0.6830282861896838,0.26483870967741935,0.3816829381682938,0.0,0.0,0.0
6,0.06,0.6871880199667221,0.29690869877785764,0.41465863453815255,0.6830282861896838,0.30106343967730104,0.41791804530414856,0.6755407653910149,0.2743243243243243,0.39019702066314266,0.0,0.0,0.0
7,0.07,0.6871880199667221,0.29690869877785764,0.41465863453815255,0.6830282861896838,0.30106343967730104,0.41791804530414856,0.6647254575707154,0.2819336626676076,0.3959365708622398,0.0,0.0,0.0
8,0.08,0.6871880199667221,0.29690869877785764,0.41465863453815255,0.6830282861896838,0.30106343967730104,0.41791804530414856,0.6472545757071547,0.2864506627393225,0.39714139867279225,0.0,0.0,0.0
9,0.09,0.5990016638935108,0.3669724770642202,0.4551201011378003,0.673044925124792,0.30972434915773356,0.42422653382275827,0.6364392678868552,0.29344073647871116,0.40168023103176687,0.0,0.0,0.0
10,0.1,0.5990016638935108,0.3669724770642202,0.4551201011378003,0.653910149750416,0.3142742902838864,0.42452065892519575,0.6231281198003328,0.2988826815642458,0.4039913700107875,0.0,0.0,0.0
