,filter_abundance,precision_by_num_reads,recall_by_num_reads,F1_by_num_reads,precision_by_nts,recall_by_nts,F1_by_nts,precision_by_mean_cov,recall_by_mean_cov,F1_by_mean_cov,precision_by_med_cov,recall_by_med_cov,F1_by_med_cov
0,0.0,0.8585858585858586,0.15777262180974477,0.26656213249705996,0.9949494949494949,0.10856985395425738,0.19577639751552794,0.9949494949494949,0.10856985395425738,0.19577639751552794,0.017676767676767676,0.08235294117647059,0.029106029106029104
1,0.01,0.8585858585858586,0.15777262180974477,0.26656213249705996,0.9924242424242424,0.11823104693140794,0.21129032258064517,0.9696969696969697,0.11682385153635534,0.2085256584306272,0.0,0.0,0.0
2,0.02,0.8585858585858586,0.15777262180974477,0.26656213249705996,0.9873737373737373,0.1226474278544542,0.2181919642857143,0.9494949494949495,0.12074502247912652,0.21424501424501427,0.0,0.0,0.0
3,0.03,0.8585858585858586,0.15777262180974477,0.26656213249705996,0.8585858585858586,0.16106110847939364,0.27124052652572794,0.9267676767676768,0.12369396697000337,0.21825750817722273,0.0,0.0,0.0
4,0.04,0.8585858585858586,0.15777262180974477,0.26656213249705996,0.8585858585858586,0.16106110847939364,0.27124052652572794,0.9191919191919192,0.12834978843441466,0.22524752475247523,0.0,0.0,0.0
5,0.05,0.8585858585858586,0.15777262180974477,0.26656213249705996,0.8585858585858586,0.16106110847939364,0.27124052652572794,0.9065656565656566,0.13217967599410899,0.23071979434447304,0.0,0.0,0.0
6,0.06,0.8585858585858586,0.15777262180974477,0.26656213249705996,0.8585858585858586,0.16106110847939364,0.27124052652572794,0.898989898989899,0.13666026871401152,0.2372542485838054,0.0,0.0,0.0
7,0.07,0.8585858585858586,0.15777262180974477,0.26656213249705996,0.8585858585858586,0.16106110847939364,0.27124052652572794,0.8888888888888888,0.1407437025189924,0.2430100103555402,0.0,0.0,0.0
8,0.08,0.8585858585858586,0.15777262180974477,0.26656213249705996,0.8585858585858586,0.16106110847939364,0.27124052652572794,0.8737373737373737,0.14374740340673037,0.24687834463075276,0.0,0.0,0.0
9,0.09,0.8585858585858586,0.15777262180974477,0.26656213249705996,0.8585858585858586,0.16106110847939364,0.27124052652572794,0.8611111111111112,0.1471095772217429,0.2512896094325719,0.0,0.0,0.0
10,0.1,0.8585858585858586,0.15777262180974477,0.26656213249705996,0.8585858585858586,0.16106110847939364,0.27124052652572794,0.8434343434343434,0.1495076096687556,0.2539923954372624,0.0,0.0,0.0
