,filter_abundance,precision_by_num_reads,recall_by_num_reads,F1_by_num_reads,precision_by_nts,recall_by_nts,F1_by_nts,precision_by_mean_cov,recall_by_mean_cov,F1_by_mean_cov,precision_by_med_cov,recall_by_med_cov,F1_by_med_cov
0,0.0,0.6517094017094017,0.2799449288664525,0.39165329052969505,0.7767094017094017,0.19516778523489933,0.3119502252735465,0.7767094017094017,0.19516778523489933,0.3119502252735465,0.005341880341880342,0.0625,0.00984251968503937
1,0.01,0.6517094017094017,0.2799449288664525,0.39165329052969505,0.7532051282051282,0.20790327337068712,0.32586087358446963,0.7467948717948718,0.20704976303317535,0.3242115027829313,0.0,0.0,0.0
2,0.02,0.6517094017094017,0.2799449288664525,0.39165329052969505,0.7478632478632479,0.2153183635804368,0.33436828278003344,0.7297008547008547,0.21370463078848562,0.3305905130687319,0.0,0.0,0.0
3,0.03,0.6517094017094017,0.2799449288664525,0.39165329052969505,0.6452991452991453,0.28330206378986866,0.39374185136897005,0.7136752136752137,0.21930400525279053,0.33550979407333,0.0,0.0,0.0
4,0.04,0.6517094017094017,0.2799449288664525,0.39165329052969505,0.6452991452991453,0.28330206378986866,0.39374185136897005,0.7008547008547008,0.22535211267605634,0.3410449701065766,0.0,0.0,0.0
5,0.05,0.6517094017094017,0.2799449288664525,0.39165329052969505,0.6452991452991453,0.28330206378986866,0.39374185136897005,0.6901709401709402,0.23179045568711876,0.3470319634703196,0.0,0.0,0.0
6,0.06,0.6517094017094017,0.2799449288664525,0.39165329052969505,0.6452991452991453,0.28330206378986866,0.39374185136897005,0.6794871794871795,0.23766816143497757,0.35215946843853824,0.0,0.0,0.0
7,0.07,0.6517094017094017,0.2799449288664525,0.39165329052969505,0.6452991452991453,0.28330206378986866,0.39374185136897005,0.6688034188034188,0.24339035769828926,0.3568985176738882,0.0,0.0,0.0
8,0.08,0.6517094017094017,0.2799449288664525,0.39165329052969505,0.6452991452991453,0.28330206378986866,0.39374185136897005,0.6581196581196581,0.24888888888888888,0.3611844034007622,0.0,0.0,0.0
9,0.09,0.6517094017094017,0.2799449288664525,0.39165329052969505,0.6452991452991453,0.28330206378986866,0.39374185136897005,0.6431623931623932,0.2524109014675052,0.3625414031918097,0.0,0.0,0.0
10,0.1,0.6517094017094017,0.2799449288664525,0.39165329052969505,0.6452991452991453,0.28330206378986866,0.39374185136897005,0.6292735042735043,0.25608695652173913,0.36402966625463534,0.0,0.0,0.0
