,filter_abundance,precision_by_num_reads,recall_by_num_reads,F1_by_num_reads,precision_by_nts,recall_by_nts,F1_by_nts,precision_by_mean_cov,recall_by_mean_cov,F1_by_mean_cov,precision_by_med_cov,recall_by_med_cov,F1_by_med_cov
0,0.0,0.6988727858293076,0.31563636363636366,0.4348697394789579,0.8003220611916264,0.2310553231055323,0.35858585858585856,0.8003220611916264,0.2310553231055323,0.35858585858585856,0.012077294685990338,0.1485148514851485,0.022338049143708117
1,0.01,0.6988727858293076,0.31563636363636366,0.4348697394789579,0.7761674718196457,0.24667349027635618,0.374368932038835,0.7657004830917874,0.24599068804966373,0.37235708692247454,0.0,0.0,0.0
2,0.02,0.6988727858293076,0.31563636363636366,0.4348697394789579,0.6964573268921095,0.32001479837217905,0.43852978453738906,0.7463768115942029,0.2548803959307121,0.3799959007993441,0.0,0.0,0.0
3,0.03,0.6988727858293076,0.31563636363636366,0.4348697394789579,0.6964573268921095,0.32001479837217905,0.43852978453738906,0.7351046698872786,0.26532984597500725,0.3899209908178518,0.0,0.0,0.0
4,0.04,0.6988727858293076,0.31563636363636366,0.4348697394789579,0.6964573268921095,0.32001479837217905,0.43852978453738906,0.7206119162640902,0.2736166309996943,0.39663195213826724,0.0,0.0,0.0
5,0.05,0.6988727858293076,0.31563636363636366,0.4348697394789579,0.6964573268921095,0.32001479837217905,0.43852978453738906,0.7028985507246377,0.28016688061617456,0.4006424965580542,0.0,0.0,0.0
6,0.06,0.6988727858293076,0.31563636363636366,0.4348697394789579,0.6964573268921095,0.32001479837217905,0.43852978453738906,0.6908212560386473,0.28820960698689957,0.40673145295093627,0.0,0.0,0.0
7,0.07,0.6988727858293076,0.31563636363636366,0.4348697394789579,0.6964573268921095,0.32001479837217905,0.43852978453738906,0.678743961352657,0.2958932958932959,0.41212417501833293,0.0,0.0,0.0
8,0.08,0.6988727858293076,0.31563636363636366,0.4348697394789579,0.6964573268921095,0.32001479837217905,0.43852978453738906,0.6618357487922706,0.3012092341517039,0.41400151095441956,0.0,0.0,0.0
9,0.09,0.6103059581320451,0.3791895947973987,0.46775686516507253,0.6843800322061192,0.3261703760552571,0.4417879417879418,0.6553945249597424,0.31068702290076333,0.42154324184360437,0.0,0.0,0.0
10,0.1,0.6103059581320451,0.3791895947973987,0.46775686516507253,0.6755233494363929,0.33681252509032517,0.4495044200375033,0.642512077294686,0.3170441001191895,0.4245810055865921,0.0,0.0,0.0
