,filter_abundance,precision_by_num_reads,recall_by_num_reads,F1_by_num_reads,precision_by_nts,recall_by_nts,F1_by_nts,precision_by_mean_cov,recall_by_mean_cov,F1_by_mean_cov,precision_by_med_cov,recall_by_med_cov,F1_by_med_cov
0,0.0,0.9001996007984032,0.1626984126984127,0.27558814543232507,0.998003992015968,0.11676786548341897,0.2090738030524775,0.998003992015968,0.11676786548341897,0.2090738030524775,0.005988023952095809,0.031914893617021274,0.010084033613445377
1,0.01,0.9001996007984032,0.1626984126984127,0.27558814543232507,0.9860279441117764,0.12702494214451016,0.22505694760820041,0.9720558882235529,0.12669094693028096,0.2241657077100115,0.0,0.0,0.0
2,0.02,0.9001996007984032,0.1626984126984127,0.27558814543232507,0.8982035928143712,0.16538037486218302,0.27932960893854747,0.9580838323353293,0.13274336283185842,0.23317949963565707,0.0,0.0,0.0
3,0.03,0.9001996007984032,0.1626984126984127,0.27558814543232507,0.8982035928143712,0.16538037486218302,0.27932960893854747,0.9441117764471058,0.13818288051416885,0.24108053007135574,0.0,0.0,0.0
4,0.04,0.9001996007984032,0.1626984126984127,0.27558814543232507,0.8982035928143712,0.16538037486218302,0.27932960893854747,0.9261477045908184,0.142637565324316,0.24720298348428346,0.0,0.0,0.0
5,0.05,0.9001996007984032,0.1626984126984127,0.27558814543232507,0.8982035928143712,0.16538037486218302,0.27932960893854747,0.9161676646706587,0.14811229428848016,0.255,0.0,0.0,0.0
6,0.06,0.9001996007984032,0.1626984126984127,0.27558814543232507,0.8982035928143712,0.16538037486218302,0.27932960893854747,0.8962075848303394,0.1517917511832319,0.2596126047990749,0.0,0.0,0.0
7,0.07,0.9001996007984032,0.1626984126984127,0.27558814543232507,0.8982035928143712,0.16538037486218302,0.27932960893854747,0.8822355289421158,0.1563494870887867,0.265625,0.0,0.0,0.0
8,0.08,0.9001996007984032,0.1626984126984127,0.27558814543232507,0.8982035928143712,0.16538037486218302,0.27932960893854747,0.8682634730538922,0.16045739579490964,0.2708592777085928,0.0,0.0,0.0
9,0.09,0.7984031936127745,0.2039775624681285,0.32493907392363935,0.8882235528942116,0.1723470178156468,0.28867985728186835,0.8562874251497006,0.1651270207852194,0.27686350435624396,0.0,0.0,0.0
10,0.1,0.7984031936127745,0.2039775624681285,0.32493907392363935,0.8802395209580839,0.17875962707742196,0.2971698113207547,0.8363273453093812,0.16786858974358973,0.2796129462796129,0.0,0.0,0.0
