,filter_abundance,precision_by_num_reads,recall_by_num_reads,F1_by_num_reads,precision_by_nts,recall_by_nts,F1_by_nts,precision_by_mean_cov,recall_by_mean_cov,F1_by_mean_cov,precision_by_med_cov,recall_by_med_cov,F1_by_med_cov
0,0.0,0.9273021001615509,0.1732568668880169,0.29196337741607326,0.9951534733441034,0.1287087338069369,0.22793709528214615,0.9951534733441034,0.1287087338069369,0.22793709528214615,0.014539579967689823,0.07317073170731707,0.02425876010781671
1,0.01,0.9273021001615509,0.1732568668880169,0.29196337741607326,0.9838449111470113,0.14058171745152354,0.24601090688749747,0.9838449111470113,0.1428236397748593,0.24943682162604958,0.0,0.0,0.0
2,0.02,0.9273021001615509,0.1732568668880169,0.29196337741607326,0.925686591276252,0.1756052712228011,0.2952086553323029,0.9644588045234249,0.14973664409330323,0.2592270950933565,0.0,0.0,0.0
3,0.03,0.9273021001615509,0.1732568668880169,0.29196337741607326,0.925686591276252,0.1756052712228011,0.2952086553323029,0.9466882067851373,0.15597551237689647,0.26782449725776963,0.0,0.0,0.0
4,0.04,0.9273021001615509,0.1732568668880169,0.29196337741607326,0.925686591276252,0.1756052712228011,0.2952086553323029,0.9369951534733441,0.16301292861157954,0.2777112760354321,0.0,0.0,0.0
5,0.05,0.9273021001615509,0.1732568668880169,0.29196337741607326,0.925686591276252,0.1756052712228011,0.2952086553323029,0.9159935379644588,0.1676027194797517,0.2833583208395802,0.0,0.0,0.0
6,0.06,0.8449111470113085,0.21191247974068073,0.3388402980239715,0.9240710823909531,0.1765432098765432,0.29644985747603003,0.9030694668820679,0.17333333333333334,0.29084287200832465,0.0,0.0,0.0
7,0.07,0.8449111470113085,0.21191247974068073,0.3388402980239715,0.9159935379644588,0.18547595682041218,0.30848748639825896,0.8917609046849758,0.1792789866839883,0.298539751216874,0.0,0.0,0.0
8,0.08,0.8449111470113085,0.21191247974068073,0.3388402980239715,0.9030694668820679,0.19137281752824375,0.315819209039548,0.8820678513731826,0.18527315914489312,0.306225462703309,0.0,0.0,0.0
9,0.09,0.8449111470113085,0.21191247974068073,0.3388402980239715,0.8416801292407108,0.2191838451830038,0.3477970627503338,0.8659127625201939,0.18980169971671387,0.31135637525413884,0.0,0.0,0.0
10,0.1,0.8449111470113085,0.21191247974068073,0.3388402980239715,0.8416801292407108,0.2191838451830038,0.3477970627503338,0.8594507269789984,0.19623755071929178,0.3195195195195195,0.0,0.0,0.0
