,filter_abundance,precision_by_num_reads,recall_by_num_reads,F1_by_num_reads,precision_by_nts,recall_by_nts,F1_by_nts,precision_by_mean_cov,recall_by_mean_cov,F1_by_mean_cov,precision_by_med_cov,recall_by_med_cov,F1_by_med_cov
0,0.0,0.9413369713506139,0.19187986651835373,0.3187803187803188,0.9959072305593452,0.14387071344107213,0.2514206991561908,0.9959072305593452,0.14387071344107213,0.2514206991561908,0.020463847203274217,0.10714285714285714,0.03436426116838488
1,0.01,0.9413369713506139,0.19187986651835373,0.3187803187803188,0.9413369713506139,0.19508057675996607,0.3231850117096019,0.975443383356071,0.159384752563531,0.2739988503544741,0.0,0.0,0.0
2,0.02,0.9413369713506139,0.19187986651835373,0.3187803187803188,0.9413369713506139,0.19508057675996607,0.3231850117096019,0.9604365620736699,0.1689464842812575,0.2873469387755102,0.0,0.0,0.0
3,0.03,0.9413369713506139,0.19187986651835373,0.3187803187803188,0.9413369713506139,0.19508057675996607,0.3231850117096019,0.9427012278308322,0.1769073220686124,0.29790903211899117,0.0,0.0,0.0
4,0.04,0.9413369713506139,0.19187986651835373,0.3187803187803188,0.9413369713506139,0.19508057675996607,0.3231850117096019,0.927694406548431,0.18453188602442333,0.30783159800814847,0.0,0.0,0.0
5,0.05,0.8744884038199181,0.22860199714693294,0.3624540571105456,0.9386084583901774,0.19959384972439803,0.3291866028708134,0.9113233287858117,0.19140401146131805,0.3163627752782382,0.0,0.0,0.0
6,0.06,0.8744884038199181,0.22860199714693294,0.3624540571105456,0.9263301500682128,0.20847405587964385,0.34035087719298246,0.9045020463847203,0.2,0.3275691699604743,0.0,0.0,0.0
7,0.07,0.8744884038199181,0.22860199714693294,0.3624540571105456,0.869031377899045,0.2342773078337624,0.36906141367323286,0.8963165075034106,0.2081089642065252,0.3377892030848329,0.0,0.0,0.0
8,0.08,0.8744884038199181,0.22860199714693294,0.3624540571105456,0.869031377899045,0.2342773078337624,0.36906141367323286,0.878581173260573,0.21374045801526717,0.34383342231713826,0.0,0.0,0.0
9,0.09,0.8744884038199181,0.22860199714693294,0.3624540571105456,0.869031377899045,0.2342773078337624,0.36906141367323286,0.8649386084583902,0.21998612074947954,0.3507607192254495,0.0,0.0,0.0
10,0.1,0.819918144611187,0.265929203539823,0.4016037420648179,0.869031377899045,0.2362759643916914,0.37153689122193057,0.8526603001364257,0.2263672582397682,0.3577561534058386,0.0,0.0,0.0
