,filter_abundance,precision_by_num_reads,recall_by_num_reads,F1_by_num_reads,precision_by_nts,recall_by_nts,F1_by_nts,precision_by_mean_cov,recall_by_mean_cov,F1_by_mean_cov,precision_by_med_cov,recall_by_med_cov,F1_by_med_cov
0,0.0,0.9067930489731437,0.17792932424054556,0.29748639543923294,0.995260663507109,0.13213087248322147,0.23329013145713756,0.995260663507109,0.13213087248322147,0.23329013145713756,0.020537124802527645,0.09848484848484848,0.03398692810457516
1,0.01,0.9067930489731437,0.17792932424054556,0.29748639543923294,0.981042654028436,0.1438498957609451,0.25090909090909086,0.9636650868878357,0.14352941176470588,0.2498464058980135,0.043478260869565216,0.022222222222222223,0.029411764705882353
2,0.02,0.9067930489731437,0.17792932424054556,0.29748639543923294,0.9052132701421801,0.18035882908404155,0.30078740157480316,0.943127962085308,0.15060544904137235,0.259734609527953,0.043478260869565216,0.022222222222222223,0.029411764705882353
3,0.03,0.9067930489731437,0.17792932424054556,0.29748639543923294,0.9052132701421801,0.18035882908404155,0.30078740157480316,0.9289099526066351,0.15751406375569246,0.2693540998625744,0.043478260869565216,0.022222222222222223,0.029411764705882353
4,0.04,0.9067930489731437,0.17792932424054556,0.29748639543923294,0.9052132701421801,0.18035882908404155,0.30078740157480316,0.9131121642969984,0.16373937677053824,0.27768436223877013,0.043478260869565216,0.022222222222222223,0.029411764705882353
5,0.05,0.9067930489731437,0.17792932424054556,0.29748639543923294,0.9052132701421801,0.18035882908404155,0.30078740157480316,0.8988941548183255,0.1697494033412888,0.28557089084065246,0.043478260869565216,0.022222222222222223,0.029411764705882353
6,0.06,0.9067930489731437,0.17792932424054556,0.29748639543923294,0.9052132701421801,0.18035882908404155,0.30078740157480316,0.8862559241706162,0.17580695706675023,0.29341004184100417,0.043478260869565216,0.022222222222222223,0.029411764705882353
7,0.07,0.8278041074249605,0.21661843737081438,0.3433813892529488,0.8957345971563981,0.18774834437086094,0.3104297837393923,0.8767772511848341,0.18220617202889033,0.30171242185376457,0.043478260869565216,0.022222222222222223,0.029411764705882353
8,0.08,0.8278041074249605,0.21661843737081438,0.3433813892529488,0.8894154818325435,0.1952826916406521,0.3202502844141069,0.8657187993680885,0.1880576527110501,0.30899351564702565,0.043478260869565216,0.022222222222222223,0.029411764705882353
9,0.09,0.8278041074249605,0.21661843737081438,0.3433813892529488,0.8783570300157978,0.20108499095840868,0.3272513243084167,0.8451816745655608,0.1916189111747851,0.3124087591240876,0.043478260869565216,0.022222222222222223,0.029411764705882353
10,0.1,0.8278041074249605,0.21661843737081438,0.3433813892529488,0.8262243285939969,0.22388698630136986,0.3523071741327046,0.8278041074249605,0.19574150168098617,0.31661631419939573,0.043478260869565216,0.022222222222222223,0.029411764705882353
