,filter_abundance,precision_by_num_reads,recall_by_num_reads,F1_by_num_reads,precision_by_nts,recall_by_nts,F1_by_nts,precision_by_mean_cov,recall_by_mean_cov,F1_by_mean_cov,precision_by_med_cov,recall_by_med_cov,F1_by_med_cov
0,0.0,0.9315263908701854,0.20129469790382243,0.3310519645120405,0.9957203994293866,0.1474128827877508,0.2568064753495217,0.9957203994293866,0.1474128827877508,0.2568064753495217,0.019971469329529243,0.112,0.033898305084745756
1,0.01,0.9315263908701854,0.20129469790382243,0.3310519645120405,0.9843081312410842,0.16170611670963206,0.2777777777777778,0.9757489300998573,0.16285714285714287,0.2791267088349317,0.0,0.0,0.0
2,0.02,0.9315263908701854,0.20129469790382243,0.3310519645120405,0.9300998573466477,0.20470957613814755,0.3355635615028307,0.9543509272467903,0.1707939749808527,0.28973581637072326,0.0,0.0,0.0
3,0.03,0.9315263908701854,0.20129469790382243,0.3310519645120405,0.9300998573466477,0.20470957613814755,0.3355635615028307,0.9329529243937232,0.17762085822922324,0.298425735797399,0.0,0.0,0.0
4,0.04,0.9315263908701854,0.20129469790382243,0.3310519645120405,0.9300998573466477,0.20470957613814755,0.3355635615028307,0.9087018544935807,0.1829933927032462,0.3046389287422286,0.0,0.0,0.0
5,0.05,0.9315263908701854,0.20129469790382243,0.3310519645120405,0.9300998573466477,0.20470957613814755,0.3355635615028307,0.8972895863052782,0.19054831869130567,0.3143428285857071,0.0,0.0,0.0
6,0.06,0.8459343794579173,0.2506339814032122,0.38669709814150643,0.927246790299572,0.20504731861198738,0.3358305347455438,0.8801711840228246,0.19630925867006044,0.3210197710718002,0.0,0.0,0.0
7,0.07,0.8459343794579173,0.2506339814032122,0.38669709814150643,0.9158345221112696,0.21442885771543085,0.3474966170500676,0.8673323823109843,0.2028018679119413,0.32873749662070834,0.0,0.0,0.0
8,0.08,0.8459343794579173,0.2506339814032122,0.38669709814150643,0.9029957203994294,0.22171628721541156,0.3560179977502812,0.8587731811697575,0.2101221640488656,0.33763320246775097,0.0,0.0,0.0
9,0.09,0.8459343794579173,0.2506339814032122,0.38669709814150643,0.891583452211127,0.22818546914932458,0.36337209302325585,0.8530670470756063,0.21800947867298578,0.3472706155632985,0.0,0.0,0.0
10,0.1,0.8459343794579173,0.2506339814032122,0.38669709814150643,0.8416547788873039,0.25911286780852,0.39623908663532575,0.8388017118402282,0.22365918600228224,0.35315315315315315,0.0,0.0,0.0
