,filter_abundance,precision_by_num_reads,recall_by_num_reads,F1_by_num_reads,precision_by_nts,recall_by_nts,F1_by_nts,precision_by_mean_cov,recall_by_mean_cov,F1_by_mean_cov,precision_by_med_cov,recall_by_med_cov,F1_by_med_cov
0,0.0,0.8764705882352941,0.13459801264679314,0.23335943617854343,0.9970588235294118,0.09167117360735533,0.16790490341753345,0.9970588235294118,0.09167117360735533,0.16790490341753345,0.008823529411764706,0.046153846153846156,0.014814814814814815
1,0.01,0.8764705882352941,0.13459801264679314,0.23335943617854343,0.9941176470588236,0.10056530794406426,0.18265333693596325,0.9823529411764705,0.09955290611028315,0.1807848443843031,0.0,0.0,0.0
2,0.02,0.8764705882352941,0.13459801264679314,0.23335943617854343,0.9764705882352941,0.10297766749379653,0.18630751964085296,0.961764705882353,0.10289490245437383,0.18590108015918136,0.0,0.0,0.0
3,0.03,0.8764705882352941,0.13459801264679314,0.23335943617854343,0.8764705882352941,0.13783533765032377,0.23820943245403678,0.9382352941176471,0.10528052805280529,0.18931750741839765,0.0,0.0,0.0
4,0.04,0.8764705882352941,0.13459801264679314,0.23335943617854343,0.8764705882352941,0.13783533765032377,0.23820943245403678,0.9205882352941176,0.1081174438687392,0.19350850077279752,0.0,0.0,0.0
5,0.05,0.8764705882352941,0.13459801264679314,0.23335943617854343,0.8764705882352941,0.13783533765032377,0.23820943245403678,0.9088235294117647,0.11135135135135135,0.19839486356340288,0.0,0.0,0.0
6,0.06,0.8764705882352941,0.13459801264679314,0.23335943617854343,0.8764705882352941,0.13783533765032377,0.23820943245403678,0.9029411764705882,0.1151106111736033,0.20419022281343532,0.0,0.0,0.0
7,0.07,0.8764705882352941,0.13459801264679314,0.23335943617854343,0.8764705882352941,0.13783533765032377,0.23820943245403678,0.8852941176470588,0.11730319563522992,0.20715760495526497,0.0,0.0,0.0
8,0.08,0.8764705882352941,0.13459801264679314,0.23335943617854343,0.8764705882352941,0.13783533765032377,0.23820943245403678,0.8794117647058823,0.12105263157894737,0.2128113879003559,0.0,0.0,0.0
9,0.09,0.8764705882352941,0.13459801264679314,0.23335943617854343,0.8764705882352941,0.13783533765032377,0.23820943245403678,0.8676470588235294,0.12394957983193278,0.21691176470588236,0.0,0.0,0.0
10,0.1,0.8764705882352941,0.13459801264679314,0.23335943617854343,0.8764705882352941,0.13783533765032377,0.23820943245403678,0.8558823529411764,0.12668698302133216,0.22070534698521047,0.0,0.0,0.0
