,filter_abundance,precision_by_num_reads,recall_by_num_reads,F1_by_num_reads,precision_by_nts,recall_by_nts,F1_by_nts,precision_by_mean_cov,recall_by_mean_cov,F1_by_mean_cov,precision_by_med_cov,recall_by_med_cov,F1_by_med_cov
0,0.0,0.8529411764705882,0.14519799726900318,0.24815246985608713,0.9786096256684492,0.09721115537848606,0.17685431263590237,0.9786096256684492,0.09721115537848606,0.17685431263590237,0.0106951871657754,0.04597701149425287,0.01735357917570499
1,0.01,0.8529411764705882,0.14519799726900318,0.24815246985608713,0.9652406417112299,0.10537069468768243,0.19000000000000003,0.9598930481283422,0.10549515133705555,0.1900979613449828,0.0,0.0,0.0
2,0.02,0.8529411764705882,0.14519799726900318,0.24815246985608713,0.9572192513368984,0.10901339829476249,0.1957353745215965,0.946524064171123,0.10993788819875776,0.19699499165275458,0.0,0.0,0.0
3,0.03,0.8529411764705882,0.14519799726900318,0.24815246985608713,0.8502673796791443,0.14735866543095458,0.25118483412322273,0.9278074866310161,0.11299251058287203,0.20145137880986938,0.0,0.0,0.0
4,0.04,0.8529411764705882,0.14519799726900318,0.24815246985608713,0.8502673796791443,0.14735866543095458,0.25118483412322273,0.9197860962566845,0.11712631937351038,0.2077922077922078,0.0,0.0,0.0
5,0.05,0.8529411764705882,0.14519799726900318,0.24815246985608713,0.8502673796791443,0.14735866543095458,0.25118483412322273,0.9010695187165776,0.11980092428012798,0.21148415437715723,0.0,0.0,0.0
6,0.06,0.8529411764705882,0.14519799726900318,0.24815246985608713,0.8502673796791443,0.14735866543095458,0.25118483412322273,0.8903743315508021,0.1231508875739645,0.21637426900584794,0.0,0.0,0.0
7,0.07,0.8529411764705882,0.14519799726900318,0.24815246985608713,0.8502673796791443,0.14735866543095458,0.25118483412322273,0.8770053475935828,0.12620238553289725,0.22065253952236796,0.0,0.0,0.0
8,0.08,0.8529411764705882,0.14519799726900318,0.24815246985608713,0.8502673796791443,0.14735866543095458,0.25118483412322273,0.8716577540106952,0.13029576338928858,0.2267037552155772,0.0,0.0,0.0
9,0.09,0.8529411764705882,0.14519799726900318,0.24815246985608713,0.8502673796791443,0.14735866543095458,0.25118483412322273,0.8636363636363636,0.13402489626556016,0.23204022988505746,0.0,0.0,0.0
10,0.1,0.8529411764705882,0.14519799726900318,0.24815246985608713,0.8502673796791443,0.14735866543095458,0.25118483412322273,0.8368983957219251,0.13462365591397848,0.23193775472397182,0.0,0.0,0.0
