,filter_abundance,precision_by_num_reads,recall_by_num_reads,F1_by_num_reads,precision_by_nts,recall_by_nts,F1_by_nts,precision_by_mean_cov,recall_by_mean_cov,F1_by_mean_cov,precision_by_med_cov,recall_by_med_cov,F1_by_med_cov
0,0.0,0.9295977011494253,0.17922437673130193,0.30051091500232235,0.9942528735632183,0.13547376664056382,0.23845623707787733,0.9942528735632183,0.13547376664056382,0.23845623707787733,0.017241379310344827,0.08275862068965517,0.028537455410225922
1,0.01,0.9295977011494253,0.17922437673130193,0.30051091500232235,0.9281609195402298,0.18100308209582516,0.3029308323563892,0.9712643678160919,0.1497894970086417,0.25955077750047995,0.0,0.0,0.0
2,0.02,0.9295977011494253,0.17922437673130193,0.30051091500232235,0.9281609195402298,0.18100308209582516,0.3029308323563892,0.9583333333333334,0.15899880810488676,0.27274585974238397,0.0,0.0,0.0
3,0.03,0.9295977011494253,0.17922437673130193,0.30051091500232235,0.9281609195402298,0.18100308209582516,0.3029308323563892,0.9468390804597702,0.1673013455191673,0.28435814455231934,0.0,0.0,0.0
4,0.04,0.9295977011494253,0.17922437673130193,0.30051091500232235,0.9281609195402298,0.18100308209582516,0.3029308323563892,0.9295977011494253,0.17397149771443937,0.2930917327293318,0.0,0.0,0.0
5,0.05,0.860632183908046,0.2163235825207656,0.3457431457431458,0.9252873563218391,0.18358038768529075,0.30637488106565175,0.9166666666666666,0.18109565711041725,0.30244133680967056,0.0,0.0,0.0
6,0.06,0.860632183908046,0.2163235825207656,0.3457431457431458,0.9166666666666666,0.19304084720121029,0.3189202699325169,0.9022988505747126,0.18751866228724992,0.3105067985166872,0.0,0.0,0.0
7,0.07,0.860632183908046,0.2163235825207656,0.3457431457431458,0.8994252873563219,0.1991727648743239,0.3261265954675697,0.8908045977011494,0.19429645879034785,0.3190120915873424,0.0,0.0,0.0
8,0.08,0.860632183908046,0.2163235825207656,0.3457431457431458,0.8520114942528736,0.2219311377245509,0.3521377672209026,0.8663793103448276,0.19783464566929135,0.3221153846153846,0.0,0.0,0.0
9,0.09,0.860632183908046,0.2163235825207656,0.3457431457431458,0.8520114942528736,0.2219311377245509,0.3521377672209026,0.8577586206896551,0.20473251028806586,0.3305647840531562,0.0,0.0,0.0
10,0.1,0.860632183908046,0.2163235825207656,0.3457431457431458,0.8520114942528736,0.2219311377245509,0.3521377672209026,0.8405172413793104,0.2095272206303725,0.33543577981651373,0.0,0.0,0.0
