,filter_abundance,precision_by_num_reads,recall_by_num_reads,F1_by_num_reads,precision_by_nts,recall_by_nts,F1_by_nts,precision_by_mean_cov,recall_by_mean_cov,F1_by_mean_cov,precision_by_med_cov,recall_by_med_cov,F1_by_med_cov
0,0.0,0.7057291666666666,0.2973664959765911,0.41842511580030883,0.8098958333333334,0.21855235418130708,0.34421693414499166,0.8098958333333334,0.21855235418130708,0.34421693414499166,0.010416666666666666,0.10256410256410256,0.018912529550827423
1,0.01,0.7057291666666666,0.2973664959765911,0.41842511580030883,0.7864583333333334,0.23422957600827302,0.3609561752988048,0.7760416666666666,0.23403141361256544,0.35961383748994363,0.0,0.0,0.0
2,0.02,0.7057291666666666,0.2973664959765911,0.41842511580030883,0.7005208333333334,0.3012318029115342,0.4212999216914644,0.7569444444444444,0.24310008363534988,0.3680101287191391,0.0,0.0,0.0
3,0.03,0.7057291666666666,0.2973664959765911,0.41842511580030883,0.7005208333333334,0.3012318029115342,0.4212999216914644,0.7404513888888888,0.2515482158655264,0.37552278230244335,0.0,0.0,0.0
4,0.04,0.7057291666666666,0.2973664959765911,0.41842511580030883,0.7005208333333334,0.3012318029115342,0.4212999216914644,0.7213541666666666,0.25823492852703545,0.38032036613272313,0.0,0.0,0.0
5,0.05,0.7057291666666666,0.2973664959765911,0.41842511580030883,0.7005208333333334,0.3012318029115342,0.4212999216914644,0.7057291666666666,0.2654260528893242,0.38576512455516015,0.0,0.0,0.0
6,0.06,0.7057291666666666,0.2973664959765911,0.41842511580030883,0.7005208333333334,0.3012318029115342,0.4212999216914644,0.6996527777777778,0.2758384668035592,0.39567992145311737,0.0,0.0,0.0
7,0.07,0.7057291666666666,0.2973664959765911,0.41842511580030883,0.7005208333333334,0.3012318029115342,0.4212999216914644,0.6857638888888888,0.2828499820981024,0.4005069708491762,0.0,0.0,0.0
8,0.08,0.7057291666666666,0.2973664959765911,0.41842511580030883,0.7005208333333334,0.3012318029115342,0.4212999216914644,0.6736111111111112,0.28998505231689087,0.4054336468129571,0.0,0.0,0.0
9,0.09,0.6163194444444444,0.3548225887056472,0.4503647320012687,0.6901041666666666,0.3106682297772567,0.4284559417946645,0.6666666666666666,0.2988326848249027,0.4126813541106932,0.0,0.0,0.0
10,0.1,0.6163194444444444,0.3548225887056472,0.4503647320012687,0.6788194444444444,0.31931400571661905,0.4343237989447376,0.65625,0.30619684082624543,0.41756420878210443,0.0,0.0,0.0
