,filter_abundance,precision_by_num_reads,recall_by_num_reads,F1_by_num_reads,precision_by_nts,recall_by_nts,F1_by_nts,precision_by_mean_cov,recall_by_mean_cov,F1_by_mean_cov,precision_by_med_cov,recall_by_med_cov,F1_by_med_cov
0,0.0,0.7329992841803865,0.3127672571777642,0.43845001070434597,0.8103078024337866,0.23682008368200838,0.36652096486967783,0.8103078024337866,0.23682008368200838,0.36652096486967783,0.010737294201861132,0.12295081967213115,0.019749835418038184
1,0.01,0.7329992841803865,0.3127672571777642,0.43845001070434597,0.7895490336435218,0.25520592318371127,0.38573177128868685,0.7802433786685755,0.2564102564102564,0.3859773371104816,0.0,0.0,0.0
2,0.02,0.7329992841803865,0.3127672571777642,0.43845001070434597,0.7315676449534717,0.31611506340859885,0.44146868250539956,0.7630637079455977,0.2686491935483871,0.3973904939422181,0.0,0.0,0.0
3,0.03,0.7329992841803865,0.3127672571777642,0.43845001070434597,0.7315676449534717,0.31611506340859885,0.44146868250539956,0.7480314960629921,0.2795612627073301,0.40701071080817913,0.0,0.0,0.0
4,0.04,0.7329992841803865,0.3127672571777642,0.43845001070434597,0.7315676449534717,0.31611506340859885,0.44146868250539956,0.7351467430207588,0.2905233380480905,0.416463909164639,0.0,0.0,0.0
5,0.05,0.7329992841803865,0.3127672571777642,0.43845001070434597,0.7315676449534717,0.31611506340859885,0.44146868250539956,0.7208303507516106,0.2996132103540613,0.423287095418243,0.0,0.0,0.0
6,0.06,0.6599856836077308,0.373581847649919,0.47710219922380337,0.7308518253400144,0.3179694799127997,0.4431423611111111,0.7108088761632069,0.31011867582760777,0.4318330071754729,0.0,0.0,0.0
7,0.07,0.6599856836077308,0.373581847649919,0.47710219922380337,0.7108088761632069,0.32707509881422925,0.4480036092939319,0.698639942734431,0.319267255479228,0.4382577458464301,0.0,0.0,0.0
8,0.08,0.6599856836077308,0.373581847649919,0.47710219922380337,0.7015032211882606,0.33804760262159367,0.4562383612662942,0.6836077308518254,0.32638414217361583,0.44182280823502196,0.0,0.0,0.0
9,0.09,0.6599856836077308,0.373581847649919,0.47710219922380337,0.6521116678596993,0.38085284280936454,0.48086566376352596,0.6714387974230493,0.3344028520499109,0.44645406949071864,0.0,0.0,0.0
10,0.1,0.6599856836077308,0.373581847649919,0.47710219922380337,0.6521116678596993,0.38085284280936454,0.48086566376352596,0.6571224051539012,0.3408837727441515,0.4488997555012225,0.0,0.0,0.0
