,filter_abundance,precision_by_num_reads,recall_by_num_reads,F1_by_num_reads,precision_by_nts,recall_by_nts,F1_by_nts,precision_by_mean_cov,recall_by_mean_cov,F1_by_mean_cov,precision_by_med_cov,recall_by_med_cov,F1_by_med_cov
0,0.0,0.9162393162393162,0.16472034419176398,0.2792393852565772,0.9948717948717949,0.12145242070116861,0.21647758973405246,0.9948717948717949,0.12145242070116861,0.21647758973405246,0.008547008547008548,0.0423728813559322,0.01422475106685633
1,0.01,0.9162393162393162,0.16472034419176398,0.2792393852565772,0.9846153846153847,0.13305613305613306,0.23443223443223443,0.9743589743589743,0.13352073085031624,0.23485784919653896,0.0,0.0,0.0
2,0.02,0.9162393162393162,0.16472034419176398,0.2792393852565772,0.9111111111111111,0.16666666666666666,0.281786941580756,0.9606837606837607,0.1408168378852418,0.24562937062937062,0.0,0.0,0.0
3,0.03,0.9162393162393162,0.16472034419176398,0.2792393852565772,0.9111111111111111,0.16666666666666666,0.281786941580756,0.9435897435897436,0.14676947620313746,0.25402669121030835,0.0,0.0,0.0
4,0.04,0.9162393162393162,0.16472034419176398,0.2792393852565772,0.9111111111111111,0.16666666666666666,0.281786941580756,0.9316239316239316,0.15296098793151838,0.26277724204435876,0.0,0.0,0.0
5,0.05,0.9162393162393162,0.16472034419176398,0.2792393852565772,0.9111111111111111,0.16666666666666666,0.281786941580756,0.9179487179487179,0.15850059031877214,0.27032469166876416,0.0,0.0,0.0
6,0.06,0.9162393162393162,0.16472034419176398,0.2792393852565772,0.9111111111111111,0.16666666666666666,0.281786941580756,0.9025641025641026,0.16351811706410654,0.27687467226009443,0.0,0.0,0.0
7,0.07,0.8341880341880342,0.2025736820257368,0.3259853039412157,0.9042735042735043,0.17384160368057838,0.2916207276736494,0.8957264957264958,0.1700194678780013,0.28579220070902644,0.0,0.0,0.0
8,0.08,0.8341880341880342,0.2025736820257368,0.3259853039412157,0.8974358974358975,0.18128453038674033,0.30163746049985635,0.8786324786324786,0.17435549525101765,0.2909708463062553,0.0,0.0,0.0
9,0.09,0.8341880341880342,0.2025736820257368,0.3259853039412157,0.8854700854700854,0.18666666666666668,0.30833333333333335,0.8683760683760684,0.17982300884955751,0.2979472140762463,0.0,0.0,0.0
10,0.1,0.8341880341880342,0.2025736820257368,0.3259853039412157,0.8290598290598291,0.20842286205414698,0.3331043956043956,0.8461538461538461,0.18252212389380532,0.3002729754322111,0.0,0.0,0.0
