,filter_abundance,precision_by_num_reads,recall_by_num_reads,F1_by_num_reads,precision_by_nts,recall_by_nts,F1_by_nts,precision_by_mean_cov,recall_by_mean_cov,F1_by_mean_cov,precision_by_med_cov,recall_by_med_cov,F1_by_med_cov
0,0.0,0.9240282685512368,0.1651926721415035,0.2802786709539121,0.9964664310954063,0.11987247608926674,0.21400113830392714,0.9964664310954063,0.11987247608926674,0.21400113830392714,0.022968197879858657,0.09090909090909091,0.036671368124118475
1,0.01,0.9240282685512368,0.1651926721415035,0.2802786709539121,0.9858657243816255,0.13157274227776466,0.23216143124609942,0.9699646643109541,0.13190773666506486,0.23223350253807104,0.0,0.0,0.0
2,0.02,0.9240282685512368,0.1651926721415035,0.2802786709539121,0.9222614840989399,0.16784565916398714,0.2840043525571273,0.9558303886925795,0.13954088212535465,0.24352914697276612,0.0,0.0,0.0
3,0.03,0.9240282685512368,0.1651926721415035,0.2802786709539121,0.9222614840989399,0.16784565916398714,0.2840043525571273,0.9452296819787986,0.14673614920460779,0.2540360873694207,0.0,0.0,0.0
4,0.04,0.9240282685512368,0.1651926721415035,0.2802786709539121,0.9222614840989399,0.16784565916398714,0.2840043525571273,0.9381625441696113,0.15418118466898956,0.26483790523690776,0.0,0.0,0.0
5,0.05,0.9240282685512368,0.1651926721415035,0.2802786709539121,0.9222614840989399,0.16784565916398714,0.2840043525571273,0.9169611307420494,0.15895865237366003,0.27094753328112764,0.0,0.0,0.0
6,0.06,0.9240282685512368,0.1651926721415035,0.2802786709539121,0.9222614840989399,0.16784565916398714,0.2840043525571273,0.9028268551236749,0.16446733183134857,0.2782466648516199,0.0,0.0,0.0
7,0.07,0.8498233215547704,0.19933692498963945,0.32292715676401473,0.9151943462897526,0.17559322033898306,0.2946530147895336,0.8904593639575972,0.17009787377657778,0.28563332388778695,0.0,0.0,0.0
8,0.08,0.8498233215547704,0.19933692498963945,0.32292715676401473,0.9028268551236749,0.1817211948790896,0.30254588513913555,0.8886925795053003,0.17773851590106007,0.2962308598351001,0.0,0.0,0.0
9,0.09,0.8498233215547704,0.19933692498963945,0.32292715676401473,0.8480565371024735,0.2059202059202059,0.33137728684846396,0.8798586572438163,0.18383167220376523,0.30412213740458016,0.0,0.0,0.0
10,0.1,0.8498233215547704,0.19933692498963945,0.32292715676401473,0.8480565371024735,0.2059202059202059,0.33137728684846396,0.8533568904593639,0.1861271676300578,0.3055994938310661,0.0,0.0,0.0
