,filter_abundance,precision_by_num_reads,recall_by_num_reads,F1_by_num_reads,precision_by_nts,recall_by_nts,F1_by_nts,precision_by_mean_cov,recall_by_mean_cov,F1_by_mean_cov,precision_by_med_cov,recall_by_med_cov,F1_by_med_cov
0,0.0,0.9563994374120957,0.974910394265233,0.9655662051828187,0.9423097737850417,0.9934953782951044,0.9672258637929119,0.9423097737850417,0.9933820173436787,0.9671721379770039,0.7131724212577119,0.9998482549317147,0.8325225851285615
1,0.01,0.9470747379100439,0.9098440545808967,0.928086164043082,0.9436929320257017,0.9125245258338783,0.9278470490440565,0.9394093686354379,0.8868771030283609,0.9123877029588726,0.8188107395816175,0.9195338512763596,0.8662542476256861
2,0.02,0.9331395348837209,0.8880486905201033,0.9100359100359101,0.9266037372375265,0.8968860712287898,0.911502747773356,0.9200310559006211,0.8602540834845736,0.8891389983117614,0.8043861366751518,0.8753462603878116,0.8383673469387756
3,0.03,0.9257520802218904,0.8822692151281009,0.9034877667881313,0.9223197089664027,0.8871963771099218,0.9044171650403944,0.9066609183013581,0.8386839481555334,0.8713486637663146,0.7897458961097369,0.8497459472538108,0.8186480186480186
4,0.04,0.9208217913204063,0.8809628975265018,0.900451467268623,0.9193436561127802,0.8895348837209303,0.9041936583702693,0.8958673826756947,0.8281890783509605,0.8606998654104979,0.7758926310458344,0.8232133261687264,0.7988528223178204
5,0.05,0.920429034671988,0.8756525866160417,0.8974826705581904,0.9160039761431411,0.8879788002890869,0.9017737003058104,0.8919737506309945,0.8172987974098057,0.8530050687907312,0.7758926310458344,0.8232133261687264,0.7988528223178204
6,0.06,0.9162889896027726,0.8718924403855911,0.8935395814376705,0.9135308246597278,0.8822164948453608,0.8976006293431231,0.8860553445469344,0.8038395274427763,0.8429474770938187,0.768385460693153,0.8099198099198099,0.7886061307113938
7,0.07,0.9163822525597269,0.8698704103671706,0.8925207756232687,0.9122507122507123,0.8787047200878156,0.8951635448700029,0.8835457705677868,0.7955138236828377,0.8372220697227558,0.7602739726027398,0.7915721231766613,0.7756074321105288
8,0.08,0.9154801575280218,0.8639222412807318,0.8889542579791146,0.9108669108669109,0.8681990107652022,0.8890213019514376,0.8775322283609577,0.7873863949325255,0.8300188706633763,0.7602739726027398,0.7915721231766613,0.7756074321105288
9,0.09,0.9103470437017995,0.8556327393536696,0.8821423011054024,0.9084756687077022,0.8668511685116851,0.8871754523996853,0.8695372750642674,0.7852582704585026,0.8252516010978957,0.7540650406504065,0.775609756097561,0.7646856750257643
10,0.1,0.9109078590785907,0.8560967844635466,0.8826522238634499,0.9068428184281843,0.8680285343709468,0.8870112657388999,0.8696091644204852,0.7878510378510378,0.8267136450992953,0.7445414847161572,0.7712024123633622,0.7576374745417516
