,filter_abundance,precision_by_num_reads,recall_by_num_reads,F1_by_num_reads,precision_by_nts,recall_by_nts,F1_by_nts,precision_by_mean_cov,recall_by_mean_cov,F1_by_mean_cov,precision_by_med_cov,recall_by_med_cov,F1_by_med_cov
0,0.0,0.9622533272143184,0.9689232902033271,0.9655767902371633,0.9419784400760939,0.9959772041568891,0.9682255173537561,0.9419784400760939,0.9959772041568891,0.9682255173537561,0.7651659268653561,0.999171956941761,0.8666507062485038
1,0.01,0.9469339622641509,0.8912319644839067,0.9182389937106917,0.9441727104064767,0.8946779606840339,0.9187592319054652,0.9406292286874154,0.870811149389289,0.9043746950723694,0.853743876836949,0.8901860634804816,0.8715842114663332
2,0.02,0.9317697228144989,0.8664383561643836,0.8979172503969365,0.9271638330757341,0.8734983618492901,0.8995313964386129,0.9198287604592333,0.8388642413487134,0.8774828290328569,0.8447971781305115,0.8634087722811937,0.8540015847860538
3,0.03,0.9175498092412039,0.8587581829002182,0.887181063633569,0.9140127388535032,0.8641107988759534,0.8883615352868346,0.9095984539403049,0.8250876509544215,0.865284444898376,0.8291057609630267,0.8415884791621209,0.835300487276665
4,0.04,0.9130534526267493,0.8562822719449226,0.8837570778283557,0.9084652443220922,0.8633093525179856,0.8853118712273641,0.8986314080259801,0.8154072826773311,0.8549988964908407,0.8195541105434277,0.828598262502935,0.8240513718622301
5,0.05,0.9063954913011517,0.8548648024035128,0.8798763082778306,0.902229845626072,0.8633059788980071,0.8823388449556674,0.8876515713932195,0.808793686583991,0.8463898065125058,0.8103149020580214,0.8248359414437153,0.8175109443402127
6,0.06,0.8966321243523316,0.8547789577673499,0.8752054621317487,0.8909657320872274,0.8605817452357071,0.8755102040816327,0.8837888033961263,0.7991842610364683,0.8393599596824995,0.804637526652452,0.8170500676589987,0.8107962938095876
7,0.07,0.8979873173421561,0.8562039957939012,0.8765980352577043,0.8933002481389578,0.8651535380507344,0.8790016277807923,0.8805844338297274,0.796239837398374,0.8362908605737157,0.7960917587085812,0.809153713298791,0.8025695931477517
8,0.08,0.8934306569343066,0.8518930957683741,0.8721675929884567,0.8906799531066822,0.8604190260475651,0.8752880184331797,0.8744061757719715,0.7899678111587983,0.8300450958286361,0.7909774436090226,0.798906439854192,0.7949221701677497
9,0.09,0.8968720966243419,0.8512639623750735,0.8734730809832604,0.8939016801493466,0.8594077176189052,0.8763153881348177,0.8690105787181083,0.788760237221124,0.8269430051813471,0.78464,0.7876646321876004,0.7861494068611735
10,0.1,0.9023271058669289,0.8525859399194797,0.8767515923566879,0.8981542518127884,0.8590794451450189,0.8781824041250402,0.8638743455497382,0.7838479809976246,0.821917808219178,0.7857868020304568,0.7860528097494922,0.7859197833812828
