,filter_abundance,precision_by_num_reads,recall_by_num_reads,F1_by_num_reads,precision_by_nts,recall_by_nts,F1_by_nts,precision_by_mean_cov,recall_by_mean_cov,F1_by_mean_cov,precision_by_med_cov,recall_by_med_cov,F1_by_med_cov
0,0.0,0.9650452212173063,0.9529326574945691,0.9589506922516395,0.9411828776821697,0.9941325356649793,0.966933363173502,0.9411828776821697,0.9941325356649793,0.966933363173502,0.5902407145191155,0.9990781710914455,0.742074631975351
1,0.01,0.9421232876712329,0.8882789796577333,0.9144091740069803,0.9417558159280014,0.8897802021498475,0.9150305230160038,0.9386293897033754,0.866677160396663,0.9012194123905394,0.6880222841225627,0.8616994767007227,0.7651288859387101
2,0.02,0.9268339768339768,0.8697463768115942,0.8973831775700933,0.9252227818674932,0.8718510405257394,0.8977443609022557,0.9180327868852459,0.8382038488952245,0.8763040238450075,0.6880222841225627,0.8616994767007227,0.7651288859387101
3,0.03,0.9248704663212435,0.854066985645933,0.8880597014925373,0.9190924657534246,0.864679822795006,0.8910562357335546,0.9100586573973496,0.8188037529319782,0.8620228418561581,0.6724137931034483,0.8122511485451761,0.7357469829379941
4,0.04,0.9107556791840519,0.8491463151069808,0.8788726093278155,0.9067345521869937,0.8567679860048109,0.8810434000449742,0.8957312806158153,0.8106396453451552,0.851063829787234,0.6724137931034483,0.8122511485451761,0.7357469829379941
5,0.05,0.9,0.8515497553017944,0.8751047778709137,0.8981095015958753,0.8598965679360602,0.878587726672271,0.8850061957868649,0.8066410661847753,0.8440085086268021,0.6724137931034483,0.8122511485451761,0.7357469829379941
6,0.06,0.8946002076843198,0.8546626984126984,0.8741755454084221,0.8907431551499349,0.8582914572864322,0.8742162507997442,0.8844207723035952,0.7981254506128335,0.8390601313794845,0.6632778804682686,0.7766955266955267,0.7155201063476238
7,0.07,0.8972014408423385,0.8527785093494864,0.8744261409667836,0.8957055214723927,0.8592830390583199,0.8771163298743857,0.8809255079006773,0.794806517311609,0.8356531049250535,0.6632778804682686,0.7766955266955267,0.7155201063476238
8,0.08,0.8969499555818774,0.8458531136554035,0.8706524863466515,0.8935034114506081,0.8542257515598412,0.8734232274902132,0.8765652951699463,0.7901101854340231,0.831095406360424,0.6632778804682686,0.7766955266955267,0.7155201063476238
9,0.09,0.8936301793444651,0.8525073746312685,0.8725845410628019,0.8921355299968915,0.859796285200719,0.8756674294431733,0.869348300592454,0.7886845827439887,0.8270542865618512,0.6703256494694475,0.7601659751037344,0.7124246548706981
10,0.1,0.8984838497033619,0.8457958423828731,0.8713440946140323,0.8923884514435696,0.8588569624250079,0.8753016894609814,0.8616883116883117,0.7891763306571513,0.8238398261679342,0.6703256494694475,0.7601659751037344,0.7124246548706981
