,filter_abundance,precision_by_num_reads,recall_by_num_reads,F1_by_num_reads,precision_by_nts,recall_by_nts,F1_by_nts,precision_by_mean_cov,recall_by_mean_cov,F1_by_mean_cov,precision_by_med_cov,recall_by_med_cov,F1_by_med_cov
0,0.0,0.9640874959190336,0.9778145695364239,0.9709025152063128,0.9490845505040115,0.9975135135135135,0.9726966055239299,0.9490845505040115,0.9975135135135135,0.9726966055239299,0.8566138654597819,0.9992800575953924,0.922463447053611
1,0.01,0.9416380578715057,0.9135606661379857,0.9273868942199323,0.9370606506457414,0.9141945773524721,0.9254863970291435,0.9381022374652948,0.8927572272303388,0.9148682010034244,0.9040156709108716,0.9049019607843137,0.9044585987261146
2,0.02,0.9184166511800781,0.8935093111553064,0.905791788856305,0.9109259259259259,0.8987758085145259,0.9048100800147153,0.9101040118870728,0.8684863523573201,0.8888082713586068,0.8720483250961011,0.8825490922563912,0.877267286621858
3,0.03,0.9064998974779578,0.8845538215286114,0.895392405063291,0.9028091039573508,0.8921985815602836,0.8974724826742763,0.89173672339553,0.8507433489827856,0.8707578336169786,0.8613612565445026,0.8485661233752837,0.8549158179172729
4,0.04,0.9070238631247186,0.8781604184829991,0.8923588039867109,0.9021812457836744,0.8868258178603006,0.894437632370973,0.8857271906052394,0.8339357856687221,0.8590515825210819,0.8616826703246456,0.8364403018197958,0.8488738738738739
5,0.05,0.9040963855421686,0.8828235294117647,0.8933333333333334,0.8998552123552124,0.8904011461318052,0.8951032165146423,0.880691502313124,0.8273101555352241,0.8531666470102607,0.8489746682750302,0.8432782171099928,0.8461168550132243
6,0.06,0.9098958333333333,0.880988401412002,0.8952088137330259,0.9029908972691808,0.8898001025115325,0.896346973021815,0.8846459824980112,0.8146520146520146,0.8482074752097635,0.8480020893183599,0.8323506793129967,0.8401034928848642
7,0.07,0.9038888888888889,0.874731182795699,0.8890710382513661,0.9009261857984844,0.8772888767422793,0.8889504292439767,0.8766816143497758,0.8112033195020747,0.8426724137931034,0.8399776972400335,0.82344902978956,0.8316312448247309
8,0.08,0.9069490008947212,0.867865296803653,0.886976812016917,0.9020310633213859,0.8766328011611031,0.8891505962019726,0.8725170471390453,0.808294424608624,0.8391787852865696,0.8389121338912134,0.814567614625653,0.8265606595995288
9,0.09,0.9032359409362237,0.8680555555555556,0.8852963818321785,0.8990883370009431,0.879188441438672,0.889027043829655,0.864645201625508,0.8026697620429484,0.8325056433408577,0.8283464566929134,0.8084844758684292,0.8182949595519602
10,0.1,0.9008890352321369,0.8716151640649888,0.8860103626943004,0.8954830201121002,0.8818181818181818,0.8885980696875512,0.8583088475350963,0.8042214744570205,0.8303853442830069,0.8181216931216931,0.8063885267275098,0.8122127380170717
