,filter_abundance,precision_by_num_reads,recall_by_num_reads,F1_by_num_reads,precision_by_nts,recall_by_nts,F1_by_nts,precision_by_mean_cov,recall_by_mean_cov,F1_by_mean_cov,precision_by_med_cov,recall_by_med_cov,F1_by_med_cov
0,0.0,0.9543832255186259,0.9785020011435106,0.9662921348314606,0.9453724130685996,0.9951343580670131,0.9696153431742269,0.9453724130685996,0.9951343580670131,0.9696153431742269,0.8192036978674231,0.9991031390134529,0.9002539829138768
1,0.01,0.9378324468085106,0.9048917401764234,0.921067667945474,0.9324593428476602,0.9087821445900048,0.9204685068392171,0.9330774365821095,0.8832543443917852,0.9074825515338419,0.8893805309734514,0.902094414893617,0.895692358474996
2,0.02,0.915588069780529,0.8905309250136836,0.9028856825749167,0.9078160059835453,0.8957564575645757,0.901745913818722,0.910935738444194,0.8689729342176017,0.8894596825979268,0.8614936954413192,0.8768015794669299,0.8690802348336596
3,0.03,0.9067325509573811,0.8870090634441088,0.8967623701893709,0.8981101068200493,0.8920628443174863,0.8950762616439759,0.894356005788712,0.8527498521584861,0.8730575176589304,0.8536086689838479,0.8672621520565019,0.8603812467800104
4,0.04,0.8951935914552737,0.8804990151017729,0.8877855014895729,0.8918376449598573,0.8878774422735346,0.8898531375166889,0.8842603017338437,0.8380281690140845,0.8605237208283115,0.8432203389830508,0.8527289129454217,0.84794797039695
5,0.05,0.8889154323936933,0.8767672007540056,0.8827995255041517,0.8845695206296208,0.8875329026082794,0.8860487338748207,0.8768746976294146,0.8293296728437428,0.8524397413286303,0.8323657474600871,0.8370226222330334,0.8346876895087932
6,0.06,0.8893120081238893,0.8843726331734411,0.8868354430379748,0.8852500634678853,0.8934153215475276,0.8893139505228258,0.8724450194049159,0.8216374269005848,0.8462793324131007,0.8243559718969555,0.8310598111227702,0.8276943174395819
7,0.07,0.8830219333874898,0.8747317596566524,0.8788572968602614,0.8823849714130139,0.8843110504774898,0.8833469610248024,0.8629274965800273,0.8147765435288039,0.8381610417220303,0.8098415346121768,0.8224167137210615,0.8160806835691274
8,0.08,0.8851937536148062,0.8703440432186522,0.8777060931899641,0.8804159445407279,0.8821997105643994,0.8813069249674714,0.853841709994223,0.806988806988807,0.8297543859649124,0.8070854420958619,0.8158290701173638,0.8114337024842861
9,0.09,0.8861763808361306,0.872858431018936,0.8794669897032101,0.8808940600122473,0.8803549571603427,0.8806244260789715,0.8515151515151516,0.8086330935251799,0.8295202952029521,0.8036096665646987,0.8135645710746361,0.8085564789165898
10,0.1,0.8811410459587956,0.8794685226194242,0.8803039898670043,0.873851030110935,0.8893548387096775,0.8815347721822542,0.8458149779735683,0.8140520896426409,0.8296296296296297,0.797444089456869,0.8175565018015067,0.8073750606501697
