,filter_abundance,precision_by_num_reads,recall_by_num_reads,F1_by_num_reads,precision_by_nts,recall_by_nts,F1_by_nts,precision_by_mean_cov,recall_by_mean_cov,F1_by_mean_cov,precision_by_med_cov,recall_by_med_cov,F1_by_med_cov
0,0.0,0.9544306703397613,0.976397369657116,0.9652890643139076,0.9385385598636558,0.996268656716418,0.9665423431329531,0.9385385598636558,0.996268656716418,0.9665423431329531,0.7550063911376225,0.9995769285009166,0.86024637417319
1,0.01,0.9414141414141414,0.9077922077922078,0.924297520661157,0.9364016736401674,0.9100520494469746,0.9230388517693641,0.9328282828282828,0.8817632081476766,0.9065772251308901,0.8391199724991406,0.8999078341013825,0.8684514809214624
2,0.02,0.9309744779582366,0.8849476199228083,0.907377744275888,0.9246008847855357,0.8916713040252272,0.9078375826251179,0.9156858961991124,0.8579175704989154,0.8858609426038263,0.8308197989172467,0.8705429497568882,0.8502176493866245
3,0.03,0.9258383490971626,0.8713331984624721,0.8977592496091715,0.9206077466295741,0.8810157689944706,0.9003767266638762,0.9085221143473571,0.8368441971383148,0.8712113375400848,0.8560130262851826,0.8102157639806252,0.8324850130075783
4,0.04,0.9240624272070813,0.8714850615114236,0.8970039570378746,0.9203354297693921,0.8797595190380761,0.8995901639344263,0.9038598152971821,0.8203309692671394,0.8600721045515998,0.8461152882205514,0.8041924726060029,0.8246213971665853
5,0.05,0.9160401002506265,0.8642705131236699,0.8894026037230806,0.9129782445611403,0.8757495802350683,0.8939764936336926,0.8975995914198162,0.809348376698135,0.8511926383339389,0.8253309109784583,0.8120531154239019,0.818638177371605
6,0.06,0.9143927233814875,0.8644410723318159,0.888715548621945,0.9138948497854077,0.8744866529774127,0.8937565582371457,0.8922237380627558,0.8014705882352942,0.844415752098128,0.8247924420269109,0.7958563535911602,0.8100660761985098
7,0.07,0.9137389317337904,0.8604088219472835,0.8862723368887659,0.9122454832234012,0.8693632139928942,0.8902882731598096,0.885739080127278,0.7953246753246753,0.8381004516217324,0.8164499546416691,0.794585050029429,0.8053691275167785
8,0.08,0.9090087375715576,0.8605248146035368,0.8841025641025639,0.9050765995794533,0.8730802665893944,0.8887905604719765,0.8799153055051422,0.7982985729967069,0.8371223021582733,0.803446075303127,0.7881064162754303,0.7957023226418075
9,0.09,0.9081046585832802,0.8569707919301415,0.8817970565453138,0.9022222222222223,0.8709776279497395,0.8863246530484953,0.8741616097093581,0.791269152934374,0.8306525037936267,0.7848484848484848,0.7909738717339667,0.7878992732803786
10,0.1,0.9076196898179366,0.853790041230574,0.8798823337146593,0.9058265582655827,0.8636950904392765,0.8842592592592594,0.869419268210809,0.7869948343968398,0.8261562998405104,0.779936418226775,0.7849271240668325,0.7824238128986534
