,filter_abundance,precision_by_num_reads,recall_by_num_reads,F1_by_num_reads,precision_by_nts,recall_by_nts,F1_by_nts,precision_by_mean_cov,recall_by_mean_cov,F1_by_mean_cov,precision_by_med_cov,recall_by_med_cov,F1_by_med_cov
0,0.0,0.9489943327036338,0.9812708261519016,0.9648627273754379,0.9409114719748559,0.996560142032845,0.967936627687665,0.9409114719748559,0.996560142032845,0.967936627687665,0.814248297537978,0.9991001414063504,0.89725236665897
1,0.01,0.924801039467273,0.9206143896523848,0.9227029654837142,0.9223411154345007,0.9239889556602241,0.9231643002028399,0.9182481751824818,0.901002705713831,0.9095437017994861,0.8660156875300145,0.9189740105316799,0.8917092467446844
2,0.02,0.9129953917050692,0.9093078758949881,0.9111479028697572,0.910182960635742,0.914068299925761,0.9121214927308084,0.8990944372574385,0.8810213690691778,0.8899661575048019,0.841052029731275,0.882953181272509,0.861493411420205
3,0.03,0.9062116877809563,0.9001420742845545,0.9031666836371043,0.8993261180314478,0.9043121149897331,0.9018122248387428,0.8835531739488871,0.8553471667996808,0.8692214111922141,0.8492716909436352,0.8552295918367347,0.8522402287893232
4,0.04,0.902542372881356,0.8933774834437086,0.8979365431550921,0.8993078812234874,0.9007155635062611,0.9000111719360967,0.8810982527796687,0.8392046682515669,0.8596413548815585,0.8424942263279446,0.8432732316227461,0.8428835489833642
5,0.05,0.9013949013949014,0.8915318744053282,0.8964362592681175,0.8967339097022095,0.9006271104679209,0.8986762936221419,0.8747876728949284,0.8362328926003247,0.8550759013282733,0.8352528793189785,0.8329588014981273,0.8341042630328792
6,0.06,0.8972585190878811,0.8915478615071283,0.8943940748308006,0.8941839610555983,0.9015758202014983,0.8978646771288912,0.8743536711478801,0.8369215540707745,0.8552282210140346,0.815946155837432,0.8385208832136206,0.8270795066911572
7,0.07,0.8935764833968427,0.8901843817787418,0.8918772072806302,0.8926708756519353,0.8951279933938894,0.8938977460142937,0.8701619544331595,0.8333333333333334,0.8513495367261985,0.8054008908685969,0.8303673938002296,0.8176936122102882
8,0.08,0.8934260063712713,0.8872591314351452,0.8903318903318903,0.8921511627906977,0.896843950905903,0.8944914019236374,0.8604988399071926,0.825542570951586,0.8426583357000853,0.8082151300236406,0.8203359328134373,0.814230425721941
9,0.09,0.8936105166615714,0.8892607240644965,0.8914303141201585,0.888107612350963,0.8982683982683982,0.8931591083781706,0.8542944785276073,0.8179148311306902,0.835708927231808,0.7987441130298273,0.8151233578981096,0.8068506184586108
10,0.1,0.8935619540601747,0.8861084376002567,0.889819587628866,0.888028396256857,0.8984655566438132,0.8932164881531971,0.8486017357762777,0.8165790287658522,0.8322824716267339,0.7889147029538666,0.8132056106739651,0.8008760107816711
