,filter_abundance,precision_by_num_reads,recall_by_num_reads,F1_by_num_reads,precision_by_nts,recall_by_nts,F1_by_nts,precision_by_mean_cov,recall_by_mean_cov,F1_by_mean_cov,precision_by_med_cov,recall_by_med_cov,F1_by_med_cov
0,0.0,0.9633754305396096,0.9652594041182561,0.9643164971556629,0.9477234401349073,0.9950204713953745,0.9707962213225372,0.9476180438448567,0.9949098152041607,0.9706882591093118,0.7556913996627319,0.9987463435018805,0.860382792344153
1,0.01,0.9422406639004149,0.9016836086404066,0.9215161107052998,0.9374273858921162,0.905418403334402,0.9211449074451602,0.9402510460251046,0.8800125313283208,0.909135043288292,0.8440748440748441,0.8919809593555474,0.867366921844401
2,0.02,0.9225378787878787,0.8840290381125226,0.9028730305838738,0.9182901456402497,0.8893570250961714,0.9035920342453004,0.9106060606060606,0.8567355666429081,0.882849798016893,0.8242774566473988,0.8666936790923825,0.8449535848311278
3,0.03,0.9061130815773002,0.8710389089450461,0.8882298803558647,0.9029711198836484,0.8806484295845998,0.8916700861715222,0.8896321070234113,0.8354927365528072,0.8617128973476411,0.8055146284992634,0.8510117856348677,0.8276384083044983
4,0.04,0.897986577181208,0.8745098039215686,0.886092715231788,0.8932885906040269,0.8814569536423841,0.8873333333333333,0.8810063463281959,0.8273733503618561,0.8533479692645444,0.791448715032977,0.8409859835669405,0.8154657293497364
5,0.05,0.8906698564593302,0.8747650375939849,0.8826458036984353,0.8906287641532161,0.8802380952380953,0.8854029457549993,0.8746327130264446,0.8155251141552512,0.8440453686200379,0.7788131436978911,0.8257930317212688,0.801615345784957
6,0.06,0.8910535760061523,0.8733668341708543,0.8821215581778963,0.8865556978233035,0.8827129015808262,0.8846301264852433,0.8690196078431373,0.8085623935782048,0.8377016129032258,0.7719621251972646,0.8145989453233416,0.7927076299797434
7,0.07,0.8928571428571429,0.8701472556894244,0.8813559322033898,0.8882191780821918,0.8809782608695652,0.8845839017735334,0.8626101321585903,0.8087248322147651,0.8347988276045829,0.7641641082891432,0.8067177371832646,0.7848645549663179
8,0.08,0.892325649255909,0.8675177304964539,0.879746835443038,0.8858141567142441,0.876621504756414,0.8811938568530862,0.856687898089172,0.8082491122644087,0.8317638791286016,0.7609018095520617,0.8040752351097179,0.7818930041152262
9,0.09,0.8897783251231527,0.865528601377658,0.8774859571884014,0.8911965282083075,0.8759902498476538,0.8835279655808236,0.8547349065277352,0.8037463976945245,0.8284568542997178,0.7602632403635224,0.8041100430891615,0.7815721649484536
10,0.1,0.8924485125858124,0.8617424242424242,0.8768267223382047,0.8893241919686582,0.8750401541920977,0.8821243523316062,0.8547286317842054,0.7974530018192845,0.8250980392156864,0.7617783676177837,0.7955647955647955,0.7783050847457628
