,filter_abundance,precision_by_num_reads,recall_by_num_reads,F1_by_num_reads,precision_by_nts,recall_by_nts,F1_by_nts,precision_by_mean_cov,recall_by_mean_cov,F1_by_mean_cov,precision_by_med_cov,recall_by_med_cov,F1_by_med_cov
0,0.0,0.9543108182317408,0.9805890982959033,0.9672715128576198,0.9453222453222453,0.9962751971954426,0.970130147215703,0.9453222453222453,0.9962751971954426,0.970130147215703,0.8420997920997921,0.9991366551554021,0.9139214801444042
1,0.01,0.9331900115759881,0.9065060240963856,0.9196544980443285,0.9304750869061413,0.9085178600290933,0.9193653909061171,0.9313497340425532,0.8847307753039634,0.9074418981294031,0.899478904017482,0.8958647245940063,0.8976681764804563
2,0.02,0.9162450815064643,0.8923357664233577,0.9041323842100397,0.9094642523800635,0.8987271721084671,0.9040638337353869,0.9123169357867067,0.8703206161561884,0.8908240902007516,0.8776746828252225,0.8796735623457962,0.8786729857819905
3,0.03,0.9064940402794903,0.8882400322190898,0.897274206672091,0.8988510463684859,0.8937168502651979,0.896276595744681,0.8954854669140383,0.8561292865589278,0.8753652392947103,0.8661499790532049,0.8637977856695216,0.8649722832339712
4,0.04,0.8985896574882472,0.8785292186474064,0.8884462151394423,0.8923386196113469,0.8867924528301887,0.8895568915608997,0.8840873283817241,0.8384204909284952,0.8606485539000877,0.853412734768667,0.8464334393457519,0.8499087591240875
5,0.05,0.8923884514435696,0.88124410933082,0.8867812685240071,0.8889949868703748,0.8909090909090909,0.8899510096785755,0.8776943569871639,0.8294804303044175,0.8529065662508827,0.8461724221202608,0.8370759675107501,0.841599615707938
6,0.06,0.8869741510390269,0.8822788001008318,0.8846202451661823,0.8841649694501018,0.8898283371765309,0.8869876133316307,0.8697219361483007,0.8233000243724105,0.8458745461374734,0.8351875808538163,0.8313159927890806,0.8332472896231287
7,0.07,0.8854899837574445,0.8776495841159109,0.8815523514351166,0.8795442213781878,0.8845839017735334,0.8820568630118351,0.8622950819672132,0.8152932058899509,0.8381357057495684,0.8326474622770919,0.8198271204754187,0.8261875595481147
8,0.08,0.8839953943580886,0.8731873756042081,0.8785581461879558,0.8791018998272885,0.8839363241678726,0.8815124837638909,0.8552821997105644,0.806495633187773,0.830172777075432,0.8231511254019293,0.8098935864250791,0.8164685416062628
9,0.09,0.8860182370820668,0.8753753753753754,0.8806646525679758,0.8821374045801527,0.8837565004588559,0.8829462102689486,0.8530748258103605,0.8103597122302159,0.8311688311688312,0.818955042527339,0.8154869933454325,0.8172173385874506
10,0.1,0.8820709491850431,0.8731414109459031,0.8775834658187599,0.87783818356252,0.885483870967742,0.881644451581821,0.8447244094488189,0.8119891008174387,0.8280333436245756,0.8113992955491515,0.81088,0.8111395646606915
