,filter_abundance,precision_by_num_reads,recall_by_num_reads,F1_by_num_reads,precision_by_nts,recall_by_nts,F1_by_nts,precision_by_mean_cov,recall_by_mean_cov,F1_by_mean_cov,precision_by_med_cov,recall_by_med_cov,F1_by_med_cov
0,0.0,0.9650957809378305,0.96147992038403,0.963284457478006,0.9475647447511457,0.9936298614215467,0.9700507337297475,0.9475647447511457,0.9936298614215467,0.9700507337297475,0.6925290418842588,0.9987703658161697,0.8179243501793694
1,0.01,0.9391116286807519,0.9014691791759821,0.9199054835818463,0.9384281661938929,0.9031636422033081,0.9204582651391161,0.9407507153677832,0.8773940345368917,0.9079684834700674,0.7938466600855545,0.9108929582782708,0.8483516483516483
2,0.02,0.9214679596881536,0.8835004557885141,0.9020848845867462,0.9176915799432356,0.8903983844317973,0.9038389862094671,0.9115801483171706,0.855765797929311,0.882791639812172,0.7749019607843137,0.8685714285714285,0.8190673575129533
3,0.03,0.9075471698113208,0.8678829190056134,0.8872719819635172,0.9044639132248644,0.8798701298701299,0.8919975313721457,0.8925567703952901,0.834480047179084,0.8625419079548918,0.7507265817124972,0.8428714859437751,0.7941350360647985
4,0.04,0.901259559154296,0.8741273996509599,0.8874861572535991,0.8966988547046935,0.8826259946949602,0.8896067728639856,0.8796821793416572,0.8260498827542102,0.852022867194371,0.7701421800947867,0.816377794523989,0.7925862699670772
5,0.05,0.8927368927368927,0.8725905030559473,0.8825487398953875,0.8903318903318903,0.8824791418355185,0.8863881240272955,0.876039119804401,0.8193459867367939,0.846744653196266,0.7325814536340852,0.8217599100365477,0.7746124287796475
6,0.06,0.8901778808971385,0.8680241327300151,0.8789614356624667,0.886059670781893,0.8794996170538678,0.8827674567584881,0.8694292415949961,0.8130636119912259,0.840302267002519,0.7244444444444444,0.8076803964075565,0.7638014350563772
7,0.07,0.8862585034013606,0.8724886150549156,0.8793196544276458,0.8857221156481228,0.8792165397170838,0.8824573378839591,0.8614706692371248,0.808895784846134,0.834355828220859,0.7244444444444444,0.8076803964075565,0.7638014350563772
8,0.08,0.8966226138032305,0.8665909736020437,0.88135103926097,0.8886930983847283,0.8733044733044732,0.8809315866084425,0.8571843251088535,0.8079343365253078,0.8318309859154929,0.722997572815534,0.7996644295302013,0.7594008922880815
9,0.09,0.8881700554528651,0.8644677661169415,0.8761586385047866,0.8891297615360793,0.8755718206770357,0.8822987092808849,0.8525345622119815,0.8008658008658008,0.8258928571428571,0.7190602250165453,0.7858951175406872,0.7509936063590807
10,0.1,0.8887081028311097,0.8634208030350933,0.8758819756254009,0.8832140533506831,0.8729903536977492,0.8780724450194051,0.8520806241872562,0.7954476479514416,0.8227907706796422,0.7152103559870551,0.7718277066356228,0.7424412094064949
