,filter_abundance,precision_by_num_reads,recall_by_num_reads,F1_by_num_reads,precision_by_nts,recall_by_nts,F1_by_nts,precision_by_mean_cov,recall_by_mean_cov,F1_by_mean_cov,precision_by_med_cov,recall_by_med_cov,F1_by_med_cov
0,0.0,0.8848117421825143,0.7715637173066221,0.8243162901307967,0.9256590176370187,0.965005931198102,0.9449230471396767,0.9256590176370187,0.965005931198102,0.9449230471396767,0.02711928693343448,0.9930555555555556,0.05279675096917113
1,0.01,0.8848117421825143,0.7715637173066221,0.8243162901307967,0.8809827696234843,0.7801638881039842,0.8275138618312603,0.9374631268436578,0.71367617336627,0.8104041820731863,0.125,0.016129032258064516,0.02857142857142857
2,0.02,0.8848117421825143,0.7715637173066221,0.8243162901307967,0.8809827696234843,0.7801638881039842,0.8275138618312603,0.9138481174218251,0.6939665616670705,0.7888720561906074,0.125,0.016129032258064516,0.02857142857142857
3,0.03,0.8848117421825143,0.7715637173066221,0.8243162901307967,0.8809827696234843,0.7801638881039842,0.8275138618312603,0.9055064581917063,0.690334283493133,0.7834142037935599,0.125,0.016129032258064516,0.02857142857142857
4,0.04,0.8848117421825143,0.7715637173066221,0.8243162901307967,0.8809827696234843,0.7801638881039842,0.8275138618312603,0.8945837877135587,0.676284693597142,0.770266040688576,0.125,0.016129032258064516,0.02857142857142857
5,0.05,0.8198485452371462,0.7568064753495217,0.7870671513296346,0.8868116927260367,0.7553561088592936,0.8158223889931207,0.8742275536168665,0.6985187336625036,0.7765579593154665,0.125,0.016129032258064516,0.02857142857142857
6,0.06,0.8198485452371462,0.7568064753495217,0.7870671513296346,0.8805343511450382,0.7070180815200735,0.784293727689954,0.8603053435114504,0.6895074946466809,0.7654949906605536,0.125,0.016129032258064516,0.02857142857142857
7,0.07,0.8198485452371462,0.7568064753495217,0.7870671513296346,0.8669705760464153,0.672885172081055,0.7576964867801522,0.8433638899960143,0.6797301638291038,0.752757025969406,0.125,0.016129032258064516,0.02857142857142857
8,0.08,0.8198485452371462,0.7568064753495217,0.7870671513296346,0.8126813095731454,0.7456273764258555,0.77771167955582,0.8300870285951099,0.673956931359354,0.7439182915506035,0.125,0.016129032258064516,0.02857142857142857
9,0.09,0.8198485452371462,0.7568064753495217,0.7870671513296346,0.8126813095731454,0.7456273764258555,0.77771167955582,0.8190394511149228,0.6720619282195637,0.7383069192114419,0.125,0.016129032258064516,0.02857142857142857
10,0.1,0.8198485452371462,0.7568064753495217,0.7870671513296346,0.8126813095731454,0.7456273764258555,0.77771167955582,0.7997427101200686,0.6851579720793534,0.7380292837356549,0.125,0.016129032258064516,0.02857142857142857
