,filter_abundance,precision_by_num_reads,recall_by_num_reads,F1_by_num_reads,precision_by_nts,recall_by_nts,F1_by_nts,precision_by_mean_cov,recall_by_mean_cov,F1_by_mean_cov,precision_by_med_cov,recall_by_med_cov,F1_by_med_cov
0,0.0,0.9548744627912237,0.9787850683978669,0.966681932676895,0.9428904428904429,0.995079950799508,0.9682824655894673,0.942996397541852,0.994969256567915,0.9682859163357451,0.7985802076711168,0.9998673388166622,0.8879594721960414
1,0.01,0.9475096427972497,0.9148316062176166,0.9308839278359007,0.945332211942809,0.9165035877364645,0.9306947089508983,0.9431319608504893,0.8929541460297172,0.9173574066475173,0.8856792717086834,0.9037156127188282,0.8946065428824049
2,0.02,0.9338603933667566,0.8912403386087596,0.9120527306967983,0.9314725697786334,0.9002790697674419,0.9156102175969726,0.9198067632850242,0.8616944243301955,0.889802785307038,0.8661770705834353,0.8660004079135223,0.8660887302396737
3,0.03,0.9246968730057434,0.8824604141291108,0.9030850732315362,0.9203238176395399,0.8876104376412575,0.9036711641041731,0.905814202960738,0.8403662420382165,0.8718637067630357,0.8597785977859779,0.8523778782009899,0.8560622433542251
4,0.04,0.9210768522779568,0.8823010800088164,0.9012720927614545,0.9170105456212746,0.8936550491510277,0.905182167911292,0.8962877030162413,0.8320051690717208,0.8629509661565956,0.8576158940397351,0.8259681093394078,0.8414945462984451
5,0.05,0.9189791873141725,0.8795352146075409,0.8988246698170362,0.9168734491315137,0.8895040924410207,0.9029814271749756,0.890424729831616,0.8178670360110804,0.8526049813500179,0.8370843989769821,0.8223618090452262,0.8296577946768061
6,0.06,0.9187682505972923,0.877090724784592,0.8974458706080642,0.9159797926083488,0.887200618078805,0.9013605442176871,0.8839285714285714,0.8028999754239371,0.8414681262073407,0.8289862866361926,0.8102496714848884,0.819510898458267
7,0.07,0.9167374681393373,0.8727419789700728,0.8941988950276243,0.9132915002852253,0.8775006851192108,0.8950384346610762,0.8833333333333333,0.8007293566032821,0.8400054652274901,0.8263189093064611,0.7911464245175936,0.8083502464482459
8,0.08,0.9205378973105135,0.8603256212510711,0.8894138491067474,0.9122380807774066,0.8730020342923569,0.8921888921888922,0.8763358778625954,0.7895460797799174,0.8306801736613604,0.8205526234088792,0.7875446960667462,0.8037098981298465
9,0.09,0.9180909384069655,0.8585645355850422,0.8873305282842449,0.9131978057437883,0.8691646191646192,0.8906372934697089,0.8711755233494364,0.7842853000869817,0.8254501068050044,0.8183284930622782,0.7863565891472868,0.8020240354206198
10,0.1,0.9125850340136055,0.8525579917381634,0.8815508460653853,0.9110658520027155,0.8694525429219306,0.8897729156306978,0.8727891156462585,0.7823170731707317,0.8250803858520901,0.8179611650485437,0.7806088682991397,0.7988486285133762
