,filter_abundance,precision_by_num_reads,recall_by_num_reads,F1_by_num_reads,precision_by_nts,recall_by_nts,F1_by_nts,precision_by_mean_cov,recall_by_mean_cov,F1_by_mean_cov,precision_by_med_cov,recall_by_med_cov,F1_by_med_cov
0,0.0,0.9628726587609443,0.9732272880026884,0.9680222841225626,0.9484258492129246,0.996626401131788,0.9719288936057309,0.9484258492129246,0.996626401131788,0.9719288936057309,0.8358533554266777,0.9988861386138614,0.910126296797474
1,0.01,0.9445646745463626,0.9003490955252301,0.9219270452514422,0.9388059701492537,0.9060499359795134,0.9221371558885811,0.9432541011047874,0.88019368947204,0.910633484162896,0.9039757412398922,0.8946315438479493,0.899279369867605
2,0.02,0.9219457013574661,0.8857091106683572,0.9034642032332563,0.9172322775263951,0.8897220190197512,0.9032677311548458,0.910165041260315,0.8622956645344705,0.8855839416058394,0.8720951849786206,0.8717710462739268,0.8719330855018589
3,0.03,0.9076222038111019,0.8756994404476419,0.8913751017087064,0.9009083402146986,0.8828646570908355,0.891795238581792,0.8883122275275067,0.838855126445795,0.8628755797539825,0.8506768189509306,0.8494192185850052,0.8500475536299271
4,0.04,0.8939157566302652,0.8721461187214612,0.8828967642526964,0.8919099621127702,0.881886293521375,0.8868698060941826,0.8806473364801078,0.8332624415142492,0.8562998579390231,0.841867809609745,0.8422477995937712,0.842057761732852
5,0.05,0.89236276849642,0.8762596672134989,0.8842379094241456,0.8905057251908397,0.8879638439581351,0.8892329680800383,0.8775710088148874,0.8175182481751825,0.8464808691544639,0.8360417171962163,0.8318050193050193,0.8339179871779364
6,0.06,0.8925365478327776,0.8734939759036144,0.8829125967271343,0.889060092449923,0.882262996941896,0.8856485034535687,0.8692827442827443,0.8130772970345163,0.8402411454408442,0.8273716951788491,0.8211988680216105,0.8242737249838605
7,0.07,0.8953137845985202,0.8739967897271268,0.8845268715310681,0.8924259055982436,0.8832156436719174,0.8877968877968876,0.8658234808908442,0.8126451612903226,0.8383919062832802,0.8188048245614035,0.8134531590413944,0.816120218579235
8,0.08,0.8924511804138735,0.8676678945877019,0.8798850574712643,0.8908984830805134,0.8798617113223854,0.885345702275692,0.8576398956219194,0.8075348075348076,0.8318335208098988,0.8134284016636958,0.8086237448316598,0.8110189573459715
9,0.09,0.8881720430107527,0.865568862275449,0.8767247915087187,0.8874767513949163,0.8720682302771855,0.8797050238131817,0.8501519756838906,0.8058196485162777,0.8273923975743233,0.8121477770820288,0.8060907395898074,0.8091079226450406
10,0.1,0.8947195801902263,0.8608393815083623,0.8774525570923126,0.8878748370273793,0.8747591522157996,0.8812681979941765,0.852114949951566,0.8004246284501062,0.8254613700344073,0.807161629434954,0.805045871559633,0.8061023622047244
