,filter_abundance,precision_by_num_reads,recall_by_num_reads,F1_by_num_reads,precision_by_nts,recall_by_nts,F1_by_nts,precision_by_mean_cov,recall_by_mean_cov,F1_by_mean_cov,precision_by_med_cov,recall_by_med_cov,F1_by_med_cov
0,0.0,0.9500607667661032,0.9827428571428571,0.9661254985674962,0.9401360544217687,0.9968926867162358,0.9676828611440268,0.9401360544217687,0.9968926867162358,0.9676828611440268,0.8308738880167451,0.9993705941591138,0.9073661352077261
1,0.01,0.9430156328794755,0.9070331447049312,0.9246744684358001,0.9394091977173549,0.9102293055781427,0.9245890806971175,0.9331990600872776,0.8839427662957074,0.9079033311561071,0.8919373842787409,0.8961610011838322,0.8940442044879365
2,0.02,0.9323148327209437,0.8865391688120633,0.9088509755867659,0.9280630890555877,0.8950102021888332,0.91123701605288,0.9166988790104368,0.8570654138055656,0.8858797161001121,0.8772136953955135,0.866135612978434,0.8716394564473556
3,0.03,0.9248394004282655,0.8737608739631803,0.8985748465619474,0.9227476995506099,0.8827021494370522,0.9022808118853316,0.9090909090909091,0.8361469712015889,0.8710945582453961,0.8688415446071904,0.8406699592012025,0.8545236276328714
4,0.04,0.9191006026889198,0.8718117854001759,0.8948318663958474,0.9168022310016267,0.8784235136940548,0.8972026381623834,0.8987997175806072,0.8202319587628866,0.857720381807973,0.8624072744675759,0.8298411236472485,0.8458108425252288
5,0.05,0.9210328403108549,0.8683526353108012,0.8939172749391727,0.9182547642928787,0.8781774580335732,0.8977690610443735,0.8980005062009618,0.8165707710011507,0.8553519768563163,0.8616368286445013,0.8235150329992666,0.8421447319085116
6,0.06,0.9180722891566265,0.8663466397170289,0.8914597686208242,0.915058949624866,0.8760903027193433,0.8951507208387942,0.8933803581117743,0.8069100710610144,0.8479464400669499,0.855127509495388,0.8187012987012987,0.8365180467091295
7,0.07,0.9160479725870931,0.8621338349905939,0.8882735705385574,0.912782384901344,0.8718929254302104,0.8918692372170997,0.8915244431588082,0.8003116073747079,0.8434592227695676,0.8565153733528551,0.8020290649849191,0.8283772302463893
8,0.08,0.9115338164251208,0.8598689831956707,0.8849479701011285,0.9085144927536232,0.8716685979142526,0.8897102306327617,0.8829625114294423,0.7943515217987387,0.8363163972286374,0.8416796267496112,0.7970544918998528,0.8187594553706505
9,0.09,0.9066370276278184,0.8591634065603371,0.8822620519159458,0.9060102301790282,0.8682598039215687,0.8867334167709636,0.8760409993593851,0.7902340364056631,0.8309281482606714,0.832734400522705,0.7925995024875622,0.8121714194678986
10,0.1,0.9063026626221773,0.852568167406468,0.8786146054566247,0.9056476158268515,0.8652665589660743,0.8849966953073364,0.8663333333333333,0.7894896719319563,0.8261284170375078,0.8308373042886317,0.7912479740680713,0.8105595218329735
