,filter_abundance,precision_by_num_reads,recall_by_num_reads,F1_by_num_reads,precision_by_nts,recall_by_nts,F1_by_nts,precision_by_mean_cov,recall_by_mean_cov,F1_by_mean_cov,precision_by_med_cov,recall_by_med_cov,F1_by_med_cov
0,0.0,0.9493615147512109,0.9842501711937913,0.9664910904404348,0.9423558897243107,0.9970169042094796,0.9689160895474312,0.9423558897243107,0.9970169042094796,0.9689160895474312,0.8296783625730995,0.9992453779398818,0.9066012437952874
1,0.01,0.9251987668343339,0.9195291082083535,0.922355224846328,0.9224165856818918,0.9246630946582237,0.9235384740128112,0.9188532555879495,0.9021946564885496,0.9104477611940298,0.8658437550755238,0.912998801164583,0.8887962654218073
2,0.02,0.9145283367177405,0.9098255280073462,0.9121708709261646,0.9101807451125046,0.9157543143440341,0.9129590232170934,0.8991114402073306,0.8790950226244344,0.8889905738079985,0.8544874202027788,0.885408560311284,0.8696732275941143
3,0.03,0.904181892001624,0.9030819140308192,0.9036315682694258,0.9015691868758916,0.9082323958119483,0.9048885252607896,0.8839835728952772,0.8585959313921021,0.8711048158640227,0.8418899570464308,0.87000634115409,0.8557172557172558
4,0.04,0.9025641025641026,0.893598233995585,0.8980587909040489,0.8989944134078213,0.899597495527728,0.8992958533586677,0.8826195331973714,0.8414344350831713,0.8615350586153505,0.8353588626461821,0.8489862502913074,0.8421174294960703
5,0.05,0.9021399374849723,0.8926956935522246,0.8973929681894283,0.8993756003842459,0.9032802701398939,0.901323706377858,0.874757281553398,0.8354195642095503,0.8546359971543752,0.8335379327277191,0.8413878562577447,0.8374444992599902
6,0.06,0.9013649240278135,0.8905852417302799,0.8959426596697811,0.9002062919030428,0.9016012396694215,0.9009032258064517,0.8780932534514196,0.8337867919861489,0.8553666582085766,0.8315047021943573,0.8365308804204994,0.8340102187868466
7,0.07,0.894708128750682,0.8891298454865817,0.8919102651257649,0.8916323731138546,0.8945774841728599,0.8931025006870019,0.8710562414266118,0.8342091434576984,0.8522345993826332,0.8155072862249106,0.8305796695603472,0.8229744728079911
8,0.08,0.8940359004053272,0.8881219442047742,0.8910691097965661,0.8925667828106852,0.8983050847457628,0.8954267404602388,0.8606271777003485,0.8242491657397107,0.8420454545454544,0.8048639258830341,0.8244365361803084,0.8145326692059772
9,0.09,0.8978840846366145,0.8905109489051095,0.8941823179111313,0.891477621091355,0.8991960420531849,0.8953201970443349,0.8524041387705417,0.8223722842043453,0.837118947997609,0.8039950062421972,0.8190779014308426,0.8114663726571113
10,0.1,0.8918308040038747,0.8861084376002567,0.8889604119729643,0.8869509043927648,0.8965066927848514,0.8917031985711966,0.8487773487773488,0.8157081014223871,0.8319142226426995,0.7968647942521228,0.8144192256341789,0.8055463849455266
