,filter_abundance,precision_by_num_reads,recall_by_num_reads,F1_by_num_reads,precision_by_nts,recall_by_nts,F1_by_nts,precision_by_mean_cov,recall_by_mean_cov,F1_by_mean_cov,precision_by_med_cov,recall_by_med_cov,F1_by_med_cov
0,0.0,0.8734049697783748,0.7993239090350338,0.8347240051347882,0.921031587365054,0.9613939899833055,0.9407800694302634,0.921031587365054,0.9613939899833055,0.9407800694302634,0.023390643742503,0.9915254237288136,0.045703125
1,0.01,0.8734049697783748,0.7993239090350338,0.8347240051347882,0.9670920080591001,0.6652806652806653,0.7882852059668811,0.935154608225758,0.7296790817521668,0.8197368421052633,0.0,0.0,0.0
2,0.02,0.8734049697783748,0.7993239090350338,0.8347240051347882,0.8860569715142429,0.7392120075046904,0.8060006818956699,0.9177300201477502,0.68479077925332,0.7843306069737409,0.0,0.0,0.0
3,0.03,0.8734049697783748,0.7993239090350338,0.8347240051347882,0.8860569715142429,0.7392120075046904,0.8060006818956699,0.9119190404797601,0.6469024195692635,0.756882874475035,0.0,0.0,0.0
4,0.04,0.8734049697783748,0.7993239090350338,0.8347240051347882,0.8860569715142429,0.7392120075046904,0.8060006818956699,0.8928035982008995,0.6685377490878474,0.7645642753972075,0.0,0.0,0.0
5,0.05,0.8734049697783748,0.7993239090350338,0.8347240051347882,0.8860569715142429,0.7392120075046904,0.8060006818956699,0.8811759902000816,0.6369539551357734,0.7394209354120268,0.0,0.0,0.0
6,0.06,0.8734049697783748,0.7993239090350338,0.8347240051347882,0.8860569715142429,0.7392120075046904,0.8060006818956699,0.865659452837893,0.6565500154846702,0.7467418104966537,0.0,0.0,0.0
7,0.07,0.8144186046511628,0.7268576172685761,0.7681509102873437,0.8807676602694977,0.7088399605652317,0.7855061908230153,0.8568291611769873,0.6330304996755354,0.7281209180817316,0.0,0.0,0.0
8,0.08,0.8144186046511628,0.7268576172685761,0.7681509102873437,0.8686868686868687,0.6830110497237569,0.7647399961337714,0.8446511627906976,0.6160108548168249,0.7124362495096116,0.0,0.0,0.0
9,0.09,0.8144186046511628,0.7268576172685761,0.7681509102873437,0.8634146341463415,0.6378378378378379,0.733678756476684,0.8330232558139535,0.6339823008849558,0.72,0.0,0.0,0.0
10,0.1,0.8144186046511628,0.7268576172685761,0.7681509102873437,0.8063414634146342,0.7103566824237215,0.7553118574366003,0.8234146341463414,0.6224188790560472,0.7089458210835783,0.0,0.0,0.0
