,filter_abundance,precision_by_num_reads,recall_by_num_reads,F1_by_num_reads,precision_by_nts,recall_by_nts,F1_by_nts,precision_by_mean_cov,recall_by_mean_cov,F1_by_mean_cov,precision_by_med_cov,recall_by_med_cov,F1_by_med_cov
0,0.0,0.9548598471059337,0.9674207032210475,0.9610992366412212,0.9416906395220181,0.9926522043386984,0.9665001135589371,0.9416906395220181,0.9926522043386984,0.9665001135589371,0.5963708785129453,0.9998145056575775,0.7471065215884677
1,0.01,0.9470176038284054,0.9043577607311898,0.9251961930205376,0.9440571331406223,0.9103131660928021,0.9268781302170284,0.9386429670141856,0.8831001768773115,0.9100248550124275,0.698443962970258,0.8744759556103576,0.7766097240473062
2,0.02,0.92870942812983,0.890515005557614,0.9092112729336108,0.9271638330757341,0.8968417118295645,0.9117507362021469,0.9195715676728335,0.8594830724426648,0.8885125599774204,0.698443962970258,0.8744759556103576,0.7766097240473062
3,0.03,0.9246457707170459,0.8780835881753313,0.9007633587786258,0.9210526315789473,0.8883615352868345,0.9044117647058824,0.9060678039300367,0.8386967819308415,0.8710815860494082,0.6787169042769857,0.8083687083080655,0.737890949349571
4,0.04,0.9181669394435352,0.871311293543377,0.8941256830601094,0.9174655132101941,0.880017941242431,0.8983516483516484,0.896551724137931,0.8269147555170921,0.8603263927968485,0.6787169042769857,0.8083687083080655,0.737890949349571
5,0.05,0.9122146977677452,0.8723914607819621,0.8918587542913194,0.9108886107634543,0.8783490224475018,0.8943229294666993,0.8928207739307535,0.8131231161604452,0.8511103021477976,0.6787169042769857,0.8083687083080655,0.737890949349571
6,0.06,0.9139957264957265,0.87029501525941,0.8916102136529442,0.9111586834359111,0.8796176698527512,0.8951104100946372,0.8890714872637634,0.8010858835143139,0.842788523951707,0.6670822942643392,0.7700611730838431,0.7148822448638718
7,0.07,0.9154157043879908,0.8588840736728061,0.8862493012856344,0.9110854503464203,0.8679867986798679,0.8890140845070422,0.8800582241630277,0.7905334728033473,0.8328970932635348,0.6670822942643392,0.7700611730838431,0.7148822448638718
8,0.08,0.9110976716056849,0.8625823074720871,0.8861764705882352,0.9111992676228258,0.870300204022151,0.8902802623732856,0.8726660544842363,0.7873515603424468,0.8278164924506387,0.6563523844193666,0.7506244796003331,0.7003301611963487
9,0.09,0.90816,0.8597394728870039,0.8832866479925303,0.9050836550836551,0.8663381582999692,0.8852871754523997,0.8719433719433719,0.788478324119872,0.828113063407181,0.6563523844193666,0.7506244796003331,0.7003301611963487
10,0.1,0.9068428184281843,0.8560921010553246,0.880736963316335,0.902974983096687,0.8672077922077922,0.8847300430606161,0.869023569023569,0.7895380850412971,0.8273761820804617,0.6563523844193666,0.7506244796003331,0.7003301611963487
