,filter_abundance,precision_by_num_reads,recall_by_num_reads,F1_by_num_reads,precision_by_nts,recall_by_nts,F1_by_nts,precision_by_mean_cov,recall_by_mean_cov,F1_by_mean_cov,precision_by_med_cov,recall_by_med_cov,F1_by_med_cov
0,0.0,0.9529385771100309,0.9766757246376812,0.9646611496309551,0.9422175950026028,0.997135301895108,0.9688988812162088,0.9422175950026028,0.997135301895108,0.9688988812162088,0.8165538781884435,0.99961763956156,0.8988596642026244
1,0.01,0.9496974935177183,0.8962479608482871,0.922198908938313,0.9456240290005179,0.900690562315028,0.9226105263157897,0.9371646183140038,0.8711182622687047,0.9029352901934622,0.8928820655966504,0.8866943866943867,0.889777468706537
2,0.02,0.92990099009901,0.8784137673026562,0.9034243939976915,0.9265837773830669,0.8848473426309837,0.9052347440470453,0.9154455445544555,0.8479457079970653,0.8804037326223577,0.875076421438761,0.8591436574629852,0.8670368500757194
3,0.03,0.918848167539267,0.8702479338842976,0.8938879456706282,0.9143292020004349,0.8786042624320936,0.8961108151305273,0.9057395143487859,0.8300627149504349,0.8662514514937188,0.8678618857901726,0.8446790176647997,0.856113537117904
4,0.04,0.9210337401292176,0.8663065496286293,0.8928322894919972,0.9194051331254498,0.8737178025985868,0.8959794296400186,0.9063871282301317,0.8149934239368698,0.8582640812557711,0.8654663665916479,0.8244402096236303,0.8444552885201905
5,0.05,0.9198027511030366,0.8593598448108632,0.8885545944590699,0.9168831168831169,0.8683886838868389,0.8919772583701832,0.8970125786163522,0.8052223006351447,0.8486426180736334,0.8569525839104954,0.8123737373737374,0.834067928441794
6,0.06,0.9148817802503477,0.8536205554113677,0.8831901181525242,0.9122659960882928,0.8610232067510548,0.8859042192375525,0.8920581655480985,0.8007028112449799,0.843915343915344,0.8530079455164585,0.8065468204990609,0.8291270169631774
7,0.07,0.9151838671411625,0.8531932540779652,0.8831020174560024,0.9127055306427504,0.8578252318066872,0.8844148319814601,0.8868483412322274,0.7988260405549626,0.8405390230207748,0.8527995183624323,0.8027769906489091,0.8270325499927019
8,0.08,0.9150883838383839,0.8501466275659824,0.8814229249011858,0.911504424778761,0.860125260960334,0.8850698174006445,0.8802245789145352,0.7976257772752968,0.8368920521945434,0.8462025316455696,0.8049367850692354,0.8250539956803455
9,0.09,0.9089700996677741,0.8483720930232558,0.877626303127506,0.9047144754316069,0.8598927106342695,0.8817343471930108,0.875,0.7914677804295943,0.831140350877193,0.8459723626558814,0.7960672375515382,0.8202614379084967
10,0.1,0.9073881373569199,0.855461085676913,0.8806598215788588,0.9032258064516129,0.8671328671328671,0.8848114169215086,0.8698204419889503,0.7911432160804021,0.8286184210526315,0.8318708318708319,0.7995951417004049,0.8154137278513676
