,filter_abundance,precision_by_num_reads,recall_by_num_reads,F1_by_num_reads,precision_by_nts,recall_by_nts,F1_by_nts,precision_by_mean_cov,recall_by_mean_cov,F1_by_mean_cov,precision_by_med_cov,recall_by_med_cov,F1_by_med_cov
0,0.0,0.9526872342745013,0.9802579921480651,0.9662759840778418,0.9420454545454545,0.9980299879610376,0.9692299516394749,0.9421487603305785,0.9980302035456337,0.9692847273886706,0.8379132231404959,0.9996302686714321,0.9116556142519951
1,0.01,0.9485370051635111,0.8978494623655914,0.9224974891195178,0.9453044375644994,0.903353057199211,0.923852748361069,0.9364969801553062,0.8730694980694981,0.9036716343351928,0.9074326628025912,0.8914754647462737,0.8993832896848862
2,0.02,0.9283452098178939,0.875,0.9008835958509412,0.9261678543151227,0.8813335844791863,0.9031946723289258,0.914416203335981,0.8443344334433444,0.8779790276453765,0.8908183632734531,0.8576095311299001,0.873898570589387
3,0.03,0.9201662292213474,0.8677805280528053,0.8932059447983015,0.9140997830802603,0.8799331802046356,0.8966911373550378,0.9050869852455407,0.8309745248685807,0.8664488247074946,0.885901491188432,0.8324840764331211,0.8583625218914186
4,0.04,0.9243515850144092,0.8653327338129496,0.8938690199721318,0.920749279538905,0.8735475051264525,0.8965275341985269,0.9060975609756098,0.8139789658194566,0.8575715604801476,0.8774352651048088,0.8222787150450659,0.8489620615604867
5,0.05,0.9201865768333766,0.8606398448860882,0.8894176581089542,0.916083916083916,0.8698967043777669,0.8923930869181279,0.8960460853626604,0.8044193700047014,0.8477641521119782,0.8658375231542736,0.8093000247341083,0.8366146765533111
6,0.06,0.9146985273687135,0.8541774779449922,0.8834026566483295,0.9113218070273285,0.8613600421718502,0.8856368563685636,0.8898494143892917,0.8007528230865747,0.8429533747193237,0.8654390934844193,0.8028909329829172,0.8329925017041582
7,0.07,0.9159489159489159,0.8524046434494196,0.8830350751610594,0.913782816229117,0.8603932584269663,0.8862847222222223,0.8863569103284995,0.7988797012536677,0.840347923681257,0.856366928183464,0.8035107587768969,0.8290972830850132
8,0.08,0.911543287327478,0.85194957490472,0.8807395059857555,0.9099212598425197,0.8611028315946349,0.8848392036753445,0.8821138211382114,0.7968926553672316,0.8373404571089345,0.8565065224307986,0.7995247995247995,0.8270353302611366
9,0.09,0.9095127610208816,0.8503253796095445,0.8789237668161435,0.90501494520093,0.8593503626616209,0.8815917178906503,0.8756596306068601,0.7918282135401133,0.831636648394675,0.8497495826377296,0.7980558168704923,0.823091849935317
10,0.1,0.9072985126253892,0.8571895424836601,0.8815325155436061,0.9031476997578692,0.8691744340878829,0.885835453774385,0.8698653779772179,0.7912087912087912,0.8286747780335416,0.843369300382875,0.8012566137566137,0.8217737832796337
