,filter_abundance,precision_by_num_reads,recall_by_num_reads,F1_by_num_reads,precision_by_nts,recall_by_nts,F1_by_nts,precision_by_mean_cov,recall_by_mean_cov,F1_by_mean_cov,precision_by_med_cov,recall_by_med_cov,F1_by_med_cov
0,0.0,0.954386388319054,0.9698344573881055,0.9620484126018732,0.9377885249505385,0.9932479627473807,0.9647218453188601,0.9378984392174105,0.993133147113594,0.9647258338044092,0.5874917564299846,0.9992521966722752,0.7399460095521562
1,0.01,0.9244166940519224,0.920183186130193,0.922295081967213,0.9223729367543716,0.9222222222222223,0.9222975733311545,0.9166940519224449,0.8943571657582559,0.9053878610840637,0.6661141804788213,0.8908866995073892,0.7622760800842991
2,0.02,0.9093105370748932,0.902600996126176,0.9059433438252175,0.9069029850746269,0.9062266964951529,0.9065647146587094,0.8982574480044969,0.8730650154798761,0.8854820834872553,0.6661141804788213,0.8908866995073892,0.7622760800842991
3,0.03,0.8978671041837571,0.8911052310197435,0.8944733884972929,0.8942307692307693,0.9006799917576757,0.8974437942716355,0.8807111846185652,0.8538785327720986,0.8670873193568085,0.6507899080405565,0.839671432917554,0.7332624867162593
4,0.04,0.8965207631874299,0.8848028356225077,0.8906232578882819,0.8925693822739481,0.894772268341934,0.8936694677871149,0.8709531356124066,0.8350336444540916,0.8526152482269505,0.6507899080405565,0.839671432917554,0.7332624867162593
5,0.05,0.8912263925412384,0.8897374701670644,0.8904813089693061,0.8916386352715041,0.8972437137330754,0.8944323933477947,0.8724552366936473,0.828365160689334,0.8498387289451679,0.6519524617996605,0.8219764537995006,0.7271579611803692
6,0.06,0.8969286829776159,0.8804292284108329,0.888602372356885,0.8919129082426127,0.8912198912198912,0.8915662650602411,0.8731988472622478,0.8278688524590164,0.8499298737727912,0.6519524617996605,0.8219764537995006,0.7271579611803692
7,0.07,0.8881596937380366,0.8842907704873401,0.8862210095497953,0.8873046339457088,0.8934290447266704,0.890356307607649,0.8653263563756541,0.8288050646267475,0.8466720560495823,0.6461179606797735,0.7927228127555193,0.7119515329539196
8,0.08,0.8836269130811435,0.8831168831168831,0.8833718244803695,0.8793503480278422,0.8888888888888888,0.8840938912377897,0.8542088516054382,0.8246299916224519,0.8391588519465757,0.6461179606797735,0.7927228127555193,0.7119515329539196
9,0.09,0.8834655277608298,0.884004884004884,0.8837351235886481,0.884,0.8914055228048402,0.8876873165456513,0.8467397928092626,0.8195222648186375,0.8329087367001348,0.6461179606797735,0.7927228127555193,0.7119515329539196
10,0.1,0.8905180840664711,0.8801932367149758,0.8853255587949466,0.8853896103896104,0.8932197838191942,0.8892874612750693,0.8448887455659465,0.8141702921068987,0.8292451337236906,0.6508785332314744,0.7763097949886105,0.7080822771660087
