,filter_abundance,precision_by_num_reads,recall_by_num_reads,F1_by_num_reads,precision_by_nts,recall_by_nts,F1_by_nts,precision_by_mean_cov,recall_by_mean_cov,F1_by_mean_cov,precision_by_med_cov,recall_by_med_cov,F1_by_med_cov
0,0.0,0.9635893821940333,0.9624589394650399,0.9630238290879212,0.9430494710973395,0.9954883825851568,0.968559670781893,0.9430494710973395,0.9954883825851568,0.968559670781893,0.7028528688962496,0.999240467871791,0.8252415004390917
1,0.01,0.9448287497891007,0.8920038228735266,0.9176566980745597,0.941623080816602,0.8931028964634341,0.9167214191852825,0.9383886255924171,0.8696470588235294,0.902711064072295,0.8015820698747528,0.9069550624650382,0.851019158428834
2,0.02,0.9360374414976599,0.8654886404615939,0.8993816750983699,0.9332038834951456,0.8750910415149308,0.9032136816387897,0.9227175394198949,0.8414699094620983,0.8802228412256267,0.7935174069627852,0.8584415584415584,0.8247036805988772
3,0.03,0.9205467748825288,0.8549890894663758,0.8865576468168261,0.913430935709739,0.864284280265007,0.8881782545904684,0.9065380493033226,0.8238846678355738,0.8632373953868135,0.7747378020975833,0.8299951148021495,0.8014150943396227
4,0.04,0.9104959630911188,0.8491824440619621,0.8787710119113881,0.9062428011978807,0.8576411597994332,0.8812724014336919,0.8969668904839083,0.8154072826773311,0.8542447629547959,0.7605202754399388,0.8112078346028292,0.7850467289719627
5,0.05,0.9022167487684729,0.8492928356132622,0.8749552131852383,0.8987963645295997,0.8575111319428169,0.8776685056368434,0.8878946060154114,0.8048670572329878,0.8443446401134618,0.7605202754399388,0.8112078346028292,0.7850467289719627
6,0.06,0.8964443290942123,0.8528395061728395,0.8740984436290017,0.8931635040291136,0.8611528822055138,0.8768661477606227,0.8852589641434263,0.7990889474946056,0.8399697580645161,0.7519138077686419,0.796875,0.7737417943107222
7,0.07,0.8985107556536128,0.8562417871222077,0.8768671780379492,0.8933222499307287,0.8606513614522157,0.8766825288919102,0.8806978052898143,0.7948197054342305,0.8355579284570209,0.7519138077686419,0.796875,0.7737417943107222
8,0.08,0.8963289280469897,0.8494294461452825,0.8722492140611604,0.89272030651341,0.8571024335031127,0.8745488667532842,0.8748513674197385,0.7890080428954424,0.8297152523259093,0.7414755114693118,0.7886580942960765,0.7643393513340788
9,0.09,0.8942307692307693,0.8476918553366657,0.8703396226415095,0.8916640649391195,0.854066985645933,0.8724606690087061,0.8674396740833594,0.7812588202088625,0.8220968220968221,0.740564433866032,0.7781350482315113,0.7588850174216027
10,0.1,0.902230971128609,0.8519206939281289,0.8763543658381134,0.8982213438735178,0.8594390167034353,0.8784023192140442,0.8669076569175156,0.7825571047167013,0.8225756158403492,0.740564433866032,0.7781350482315113,0.7588850174216027
