,filter_abundance,precision_by_num_reads,recall_by_num_reads,F1_by_num_reads,precision_by_nts,recall_by_nts,F1_by_nts,precision_by_mean_cov,recall_by_mean_cov,F1_by_mean_cov,precision_by_med_cov,recall_by_med_cov,F1_by_med_cov
0,0.0,0.8868327402135231,0.7521883489284636,0.813980075126572,0.9181274900398406,0.9630171333054743,0.94003671221701,0.9181274900398406,0.9630171333054743,0.94003671221701,0.02450199203187251,1.0,0.04783200466653704
1,0.01,0.8868327402135231,0.7521883489284636,0.813980075126572,0.9676156583629894,0.6276546629732225,0.7614113693643236,0.9493670886075949,0.6859756097560976,0.7964601769911505,0.0,0.0,0.0
2,0.02,0.8868327402135231,0.7521883489284636,0.813980075126572,0.8832740213523131,0.7606497088568802,0.8173884406388935,0.9352313167259787,0.6591422121896162,0.7732823304399,0.0,0.0,0.0
3,0.03,0.8868327402135231,0.7521883489284636,0.813980075126572,0.8832740213523131,0.7606497088568802,0.8173884406388935,0.9167259786476868,0.6856534468991217,0.7845287041266941,0.0,0.0,0.0
4,0.04,0.8868327402135231,0.7521883489284636,0.813980075126572,0.8832740213523131,0.7606497088568802,0.8173884406388935,0.9107692307692308,0.6655424395727937,0.7690808704124715,0.0,0.0,0.0
5,0.05,0.8868327402135231,0.7521883489284636,0.813980075126572,0.8832740213523131,0.7606497088568802,0.8173884406388935,0.8970467596390485,0.6464676322790422,0.7514172822539082,0.0,0.0,0.0
6,0.06,0.8162801273306048,0.7273095623987034,0.7692307692307692,0.8804270462633452,0.7635802469135803,0.8178512396694215,0.876538146021329,0.6626356589147286,0.7547236447112837,0.0,0.0,0.0
7,0.07,0.8162801273306048,0.7273095623987034,0.7692307692307692,0.8789991796554553,0.7010140660778541,0.7799818016378526,0.8646193771626297,0.6492367651835012,0.7416063810053793,0.0,0.0,0.0
8,0.08,0.8162801273306048,0.7273095623987034,0.7692307692307692,0.867212369258754,0.6528586100650462,0.744921875,0.8517507958162801,0.6355615880556498,0.7279440342013214,0.0,0.0,0.0
9,0.09,0.8162801273306048,0.7273095623987034,0.7692307692307692,0.806710775047259,0.7181320992848128,0.7598486534609392,0.8403819918144612,0.6543909348441926,0.7358152498506869,0.0,0.0,0.0
10,0.1,0.8162801273306048,0.7273095623987034,0.7692307692307692,0.806710775047259,0.7181320992848128,0.7598486534609392,0.8275047258979206,0.6458871265215788,0.7255023824321525,0.0,0.0,0.0
