,filter_abundance,precision_by_num_reads,recall_by_num_reads,F1_by_num_reads,precision_by_nts,recall_by_nts,F1_by_nts,precision_by_mean_cov,recall_by_mean_cov,F1_by_mean_cov,precision_by_med_cov,recall_by_med_cov,F1_by_med_cov
0,0.0,0.9605781865965834,0.9781445138269402,0.9692817679558011,0.9470103092783505,0.9969611460820491,0.97134397800571,0.9470103092783505,0.9968529571351058,0.9712926249008722,0.8490721649484536,0.9992720213540403,0.9180693345223497
1,0.01,0.9440080227310713,0.9022364217252397,0.9226496773666586,0.9402835696413678,0.9075833199162776,0.9236441094543668,0.9355700216992154,0.8847671665351223,0.9094596787278924,0.9100511635583429,0.9011276352345154,0.9055674166529807
2,0.02,0.9199019977384093,0.8882620564149226,0.9038052032219239,0.9152861445783133,0.8926014319809069,0.9038014685379683,0.9071522928854501,0.8625515880136372,0.884289919058131,0.8766110689916603,0.8741258741258742,0.8753667076748368
3,0.03,0.9124087591240876,0.8774568792619334,0.8945915550557203,0.9064059900166389,0.88451390298356,0.8953261427837699,0.8936571069709023,0.8428430404738401,0.8675066043487096,0.8675151262257459,0.8537987679671458,0.8606022974231605
4,0.04,0.9033273381294964,0.8761447884866986,0.8895284480850122,0.8984304932735426,0.885524861878453,0.891930996104619,0.8886602652034751,0.8314438502673797,0.8591004530887391,0.8632339235787512,0.8301590858167152,0.8463735008566533
5,0.05,0.897275138654449,0.8749118269456854,0.8859523809523808,0.8969122295161682,0.8797996661101837,0.8882735372020227,0.8802887008461922,0.811424638678596,0.844455055509132,0.8591620393740536,0.8124105011933174,0.8351324828263003
6,0.06,0.9001300390117035,0.87134944612286,0.8855059485736216,0.897736143637783,0.8814512008175779,0.8895191439989687,0.8783280085197018,0.8062072336265884,0.8407237512742098,0.8484685652874798,0.8134981968057702,0.8306154655444502
7,0.07,0.8986149584487535,0.8697050938337801,0.8839237057220708,0.8931044032124066,0.8780288592431255,0.885502471169687,0.8715647784632642,0.805181347150259,0.8370589819552923,0.8483371559633027,0.801462621885157,0.8242339832869081
8,0.08,0.8973148421363234,0.8641659562375675,0.8804284887087436,0.8966232227488151,0.8746027159780411,0.8854760860026327,0.8711692948527224,0.8017524644030668,0.8350206758876373,0.8387961859356377,0.807052752293578,0.8226183518410287
9,0.09,0.9035804020100503,0.864223490537699,0.883463841547674,0.8978308707953474,0.8728606356968215,0.8851696885169686,0.8622305529522024,0.7967667436489607,0.8282070517629407,0.8389240506329114,0.8011483831973406,0.8196011748338229
10,0.1,0.9045259332672613,0.8664556962025316,0.8850816227573944,0.8993067018818092,0.8781431334622823,0.8885989235035068,0.8581235697940504,0.7973876063183475,0.826641473783656,0.8300696979754397,0.8041800643086817,0.8169198105503838
