,filter_abundance,precision_by_num_reads,recall_by_num_reads,F1_by_num_reads,precision_by_nts,recall_by_nts,F1_by_nts,precision_by_mean_cov,recall_by_mean_cov,F1_by_mean_cov,precision_by_med_cov,recall_by_med_cov,F1_by_med_cov
0,0.0,0.8480651731160896,0.7806524184476941,0.8129636860601327,0.923041261010663,0.9521759923481588,0.9373822975517891,0.923041261010663,0.9521759923481588,0.9373822975517891,0.019471488178025034,0.9655172413793104,0.03817314246762099
1,0.01,0.8480651731160896,0.7806524184476941,0.8129636860601327,0.9580448065173116,0.6214002642007926,0.7538461538461539,0.9416243654822335,0.6938284798290142,0.7989540070758345,0.0,0.0,0.0
2,0.02,0.8480651731160896,0.7806524184476941,0.8129636860601327,0.8548459133541759,0.7310924369747899,0.7881408276714021,0.9266802443991853,0.647410358565737,0.762271737309432,0.0,0.0,0.0
3,0.03,0.8480651731160896,0.7806524184476941,0.8129636860601327,0.8548459133541759,0.7310924369747899,0.7881408276714021,0.904684317718941,0.6693791440626884,0.7694439632773256,0.0,0.0,0.0
4,0.04,0.8480651731160896,0.7806524184476941,0.8129636860601327,0.8548459133541759,0.7310924369747899,0.7881408276714021,0.8968289414917374,0.6372580133291019,0.745083487940631,0.0,0.0,0.0
5,0.05,0.8480651731160896,0.7806524184476941,0.8129636860601327,0.8548459133541759,0.7310924369747899,0.7881408276714021,0.8816435908887896,0.6575616255829447,0.7532913566113337,0.0,0.0,0.0
6,0.06,0.8480651731160896,0.7806524184476941,0.8129636860601327,0.8548459133541759,0.7310924369747899,0.7881408276714021,0.8772946859903382,0.6331938633193863,0.7355204536249493,0.0,0.0,0.0
7,0.07,0.8480651731160896,0.7806524184476941,0.8129636860601327,0.8548459133541759,0.7310924369747899,0.7881408276714021,0.8594202898550725,0.6495071193866374,0.7398627573300063,0.0,0.0,0.0
8,0.08,0.8480651731160896,0.7806524184476941,0.8129636860601327,0.8548459133541759,0.7310924369747899,0.7881408276714021,0.8518518518518519,0.6301369863013698,0.7244094488188976,0.0,0.0,0.0
9,0.09,0.7836644591611479,0.7353702744691869,0.7587496660432808,0.8579710144927536,0.7112535042050461,0.777753448653383,0.8317901234567902,0.6409036860879905,0.7239758226997985,0.0,0.0,0.0
10,0.1,0.7836644591611479,0.7353702744691869,0.7587496660432808,0.8614790286975718,0.654233025984912,0.7436874702239161,0.8283664459161147,0.6189690721649485,0.7085201793721974,0.0,0.0,0.0
