,filter_abundance,precision_by_num_reads,recall_by_num_reads,F1_by_num_reads,precision_by_nts,recall_by_nts,F1_by_nts,precision_by_mean_cov,recall_by_mean_cov,F1_by_mean_cov,precision_by_med_cov,recall_by_med_cov,F1_by_med_cov
0,0.0,0.9581824168587422,0.980788675429727,0.9693537641572286,0.942110177404295,0.9969261170271161,0.9687433326221464,0.942110177404295,0.9969261170271161,0.9687433326221464,0.8501919286233012,0.9995121356262959,0.9188249803789663
1,0.01,0.9485973458760288,0.894503405670838,0.9207565628566768,0.9458053691275168,0.8984698756773988,0.921530161844041,0.9408701495044516,0.8740636704119851,0.9062373594369387,0.9178363574118452,0.8871608206485772,0.9022379269729093
2,0.02,0.9322294955718137,0.8705501618122977,0.9003346969133508,0.9277756434882828,0.8767471410419314,0.9015398973401774,0.9213830403708712,0.844845908607864,0.8814561581816504,0.900663544106167,0.8592440886240923,0.8794664125774176
3,0.03,0.9221607826456827,0.8581040965762913,0.8889800102511531,0.9184713375796179,0.8664129781694372,0.8916829846439246,0.9113733905579399,0.8259432127576818,0.8665578453376862,0.8884798614118666,0.8371760865129565,0.862065342998214
4,0.04,0.914957363447799,0.8521141875939042,0.8824183151811514,0.9095303867403315,0.8594735697193822,0.8837937590873504,0.9002557544757033,0.8137873055905843,0.8548404901203223,0.8891776937618148,0.8159150043365134,0.8509724106739032
5,0.05,0.9063643013899049,0.8580332409972299,0.8815368196371398,0.9040058622374206,0.8663389513108615,0.8847716949557735,0.89221260815822,0.8121062106210621,0.8502768288373188,0.8695112875217068,0.82238385734397,0.8452912094537562
6,0.06,0.9007772020725389,0.8576714356191416,0.8786959818043973,0.894300518134715,0.8647294589178357,0.8792664289353032,0.886345488421613,0.7976047904191617,0.8396369137670197,0.8636485400482186,0.8110691823899371,0.8365334717176958
7,0.07,0.9002762430939226,0.8556051457075348,0.8773724592811952,0.8954067515218594,0.8633938100320171,0.8791089377886445,0.8830985915492958,0.7948782961460447,0.8366693354683746,0.8572231590781337,0.8055995773903857,0.8306100217864923
8,0.08,0.9020011771630371,0.8525730180806675,0.8765908765908764,0.8994989684644857,0.8633663366336634,0.8810623556581986,0.8788238788238788,0.7918116135937918,0.8330518018018018,0.8534300392867936,0.7875069715560513,0.8191443074691804
9,0.09,0.9009931719428926,0.8528202115158637,0.8762450950799878,0.8967459324155194,0.8568011958146488,0.8763186057177802,0.8712593516209476,0.7877677564825254,0.8274126702190645,0.8478260869565217,0.7963894643385617,0.8213032198992828
10,0.1,0.9003931847968545,0.8505106778087279,0.8747413655896863,0.8950819672131147,0.8601134215500945,0.8772493573264782,0.8639765701269118,0.7866666666666666,0.8235111662531016,0.8384665792922673,0.7890841813135985,0.8130262112787926
