,filter_abundance,precision_by_num_reads,recall_by_num_reads,F1_by_num_reads,precision_by_nts,recall_by_nts,F1_by_nts,precision_by_mean_cov,recall_by_mean_cov,F1_by_mean_cov,precision_by_med_cov,recall_by_med_cov,F1_by_med_cov
0,0.0,0.8700284090909091,0.7552404438964242,0.8085808580858086,0.9273765809873521,0.9600844772967265,0.9434471308498495,0.9273765809873521,0.9600844772967265,0.9434471308498495,0.02529579763361893,0.992,0.049333598567734234
1,0.01,0.8700284090909091,0.7552404438964242,0.8085808580858086,0.9620028409090909,0.6348722756034685,0.7649301143583228,0.9416558018252934,0.6878571428571428,0.7949917446340121,0.2,0.017857142857142856,0.03278688524590164
2,0.02,0.8700284090909091,0.7552404438964242,0.8085808580858086,0.8650568181818182,0.7648351648351648,0.8118646892184636,0.9190340909090909,0.660709726831759,0.7687509282637754,0.2,0.017857142857142856,0.03278688524590164
3,0.03,0.8700284090909091,0.7552404438964242,0.8085808580858086,0.8650568181818182,0.7648351648351648,0.8118646892184636,0.8970170454545454,0.686040195545899,0.7774699907663897,0.2,0.017857142857142856,0.03278688524590164
4,0.04,0.8700284090909091,0.7552404438964242,0.8085808580858086,0.8650568181818182,0.7648351648351648,0.8118646892184636,0.8905833015630957,0.6710715311692043,0.765399737876802,0.2,0.017857142857142856,0.03278688524590164
5,0.05,0.8700284090909091,0.7552404438964242,0.8085808580858086,0.8650568181818182,0.7648351648351648,0.8118646892184636,0.8797054009819967,0.6513177824901545,0.7484769364664926,0.2,0.017857142857142856,0.03278688524590164
6,0.06,0.7936151079136691,0.7459847844463229,0.7690631808278866,0.8643465909090909,0.7678233438485804,0.8132308720347476,0.8633387888707038,0.6713331212217627,0.7553248612851262,0.2,0.017857142857142856,0.03278688524590164
7,0.07,0.7936151079136691,0.7459847844463229,0.7690631808278866,0.8666121112929623,0.7074148296593187,0.7789628539904376,0.8531317494600432,0.6587725150100067,0.743459439111613,0.2,0.017857142857142856,0.03278688524590164
8,0.08,0.7936151079136691,0.7459847844463229,0.7690631808278866,0.8579136690647482,0.6683012259194396,0.7513290017720023,0.8367805755395683,0.6495636998254799,0.7313814108862251,0.2,0.017857142857142856,0.03278688524590164
9,0.09,0.7936151079136691,0.7459847844463229,0.7690631808278866,0.844465203176086,0.6600949251551661,0.740983606557377,0.8205935251798561,0.6653299307327744,0.7348500100664385,0.2,0.017857142857142856,0.03278688524590164
10,0.1,0.7936151079136691,0.7459847844463229,0.7690631808278866,0.7865483418963102,0.7395696091348265,0.7623358985966501,0.8061653432975245,0.6565233929250666,0.7236897274633123,0.2,0.017857142857142856,0.03278688524590164
