,filter_abundance,precision_by_num_reads,recall_by_num_reads,F1_by_num_reads,precision_by_nts,recall_by_nts,F1_by_nts,precision_by_mean_cov,recall_by_mean_cov,F1_by_mean_cov,precision_by_med_cov,recall_by_med_cov,F1_by_med_cov
0,0.0,0.8844296922148461,0.8150723025583982,0.8483357452966714,0.9254352763058289,0.9637366968860859,0.9441977215678701,0.9254352763058289,0.9637366968860859,0.9441977215678701,0.026495079485238455,1.0,0.05162241887905604
1,0.01,0.8844296922148461,0.8150723025583982,0.8483357452966714,0.9009511315185307,0.7766468758835171,0.8341937443061038,0.944176222088111,0.6975033437360678,0.8023076923076924,0.25,0.02,0.037037037037037035
2,0.02,0.8844296922148461,0.8150723025583982,0.8483357452966714,0.9009511315185307,0.7766468758835171,0.8341937443061038,0.927189242374549,0.6784257259419246,0.7835365853658537,0.25,0.02,0.037037037037037035
3,0.03,0.8844296922148461,0.8150723025583982,0.8483357452966714,0.9009511315185307,0.7766468758835171,0.8341937443061038,0.907182682846835,0.7081413210445469,0.7953989935298347,0.25,0.02,0.037037037037037035
4,0.04,0.8844296922148461,0.8150723025583982,0.8483357452966714,0.9009511315185307,0.7766468758835171,0.8341937443061038,0.8925299506694856,0.6873812754409769,0.7766365169400583,0.25,0.02,0.037037037037037035
5,0.05,0.8427450980392157,0.7664051355206848,0.8027642883825177,0.9034531360112755,0.7438352190310414,0.8159108989657916,0.8823749066467513,0.6770773638968481,0.7662127107652401,0.25,0.02,0.037037037037037035
6,0.06,0.8427450980392157,0.7664051355206848,0.8027642883825177,0.8988235294117647,0.7037150752225975,0.7893921129671085,0.8717647058823529,0.6705882352941176,0.7580562659846546,0.25,0.02,0.037037037037037035
7,0.07,0.8427450980392157,0.7664051355206848,0.8027642883825177,0.84343853820598,0.7469657962486208,0.7922761849034523,0.8564705882352941,0.6917960088691796,0.765375854214123,0.25,0.02,0.037037037037037035
8,0.08,0.8427450980392157,0.7664051355206848,0.8027642883825177,0.84343853820598,0.7469657962486208,0.7922761849034523,0.8463455149501661,0.6764022568868238,0.7518907950562627,0.25,0.02,0.037037037037037035
9,0.09,0.8427450980392157,0.7664051355206848,0.8027642883825177,0.84343853820598,0.7469657962486208,0.7922761849034523,0.83426845058265,0.6707147814018043,0.7436045393344874,0.25,0.02,0.037037037037037035
10,0.1,0.7965629354389224,0.7588495575221239,0.7772490369363244,0.8409468438538206,0.7511127596439169,0.7934952978056425,0.8247653106839518,0.6682361463237957,0.7382953181272509,0.25,0.02,0.037037037037037035
