,filter_abundance,precision_by_num_reads,recall_by_num_reads,F1_by_num_reads,precision_by_nts,recall_by_nts,F1_by_nts,precision_by_mean_cov,recall_by_mean_cov,F1_by_mean_cov,precision_by_med_cov,recall_by_med_cov,F1_by_med_cov
0,0.0,0.952820851204223,0.9836512261580381,0.9679906150494385,0.9434198186933417,0.9958205015398153,0.9689121943389162,0.9434198186933417,0.9958205015398153,0.9689121943389162,0.8400541835990414,0.9997519841269841,0.9129720853858784
1,0.01,0.9506193505189153,0.9168550209880529,0.9334319526627219,0.9469811005184814,0.9215494791666666,0.9340922213973438,0.9429485021878156,0.8931930495775546,0.917396643471142,0.9130804558598401,0.9006711409395973,0.9068333474110991
2,0.02,0.932681242807825,0.8944270737539084,0.9131536944887804,0.9293893129770993,0.9046999814229983,0.9168784712416456,0.9164906891917834,0.8626671485363209,0.8887647770641348,0.898491879350348,0.8666542334949646,0.8822859312701727
3,0.03,0.9263024142312579,0.8870411681200567,0.9062467626644566,0.9226190476190477,0.8909874769041265,0.9065274151436031,0.904124149659864,0.8455268389662027,0.8738442572426546,0.8853516885351689,0.8436154949784792,0.8639798488664987
4,0.04,0.918348623853211,0.882327016306743,0.8999775230388852,0.9163994502977554,0.8930803571428572,0.9045896450373051,0.895373169030458,0.8287066924897784,0.8607510058113544,0.8723705979673836,0.831493579635053,0.851441753171857
5,0.05,0.9193948412698413,0.8780198957839886,0.8982311606493821,0.9193829310773824,0.8884347198845877,0.9036439227194912,0.8925954005559767,0.8145756457564576,0.8518027251899192,0.8666322047040579,0.8190034196384953,0.8421449202561849
6,0.06,0.9200531208499336,0.8771840972398075,0.8981073373087893,0.9181938911022577,0.8893748392076152,0.9035546262415056,0.890625,0.8118860510805501,0.8494347379239465,0.8650040661425861,0.8150702426564496,0.8392951078379801
7,0.07,0.9218259629101284,0.8704202586206896,0.8953858944159623,0.9169757489300998,0.8805479452054794,0.8983927323549965,0.8891134854172683,0.801614162978391,0.8430996714129244,0.8541547277936963,0.8043712898003238,0.8285158421345192
8,0.08,0.9163647342995169,0.866400228375678,0.8906823184152605,0.9134264884568651,0.8736199883788495,0.8930798930798931,0.8754567600487211,0.7904866648336542,0.8308047969946539,0.8485221674876847,0.789458607848754,0.8179255082356434
9,0.09,0.92,0.8600723763570567,0.8890274314214464,0.9148387096774193,0.871007371007371,0.8923851478917559,0.8761689777491132,0.787536231884058,0.8294916806594413,0.8452459016393442,0.787175572519084,0.8151778656126482
10,0.1,0.9132928475033738,0.8601843025103273,0.8859433807887416,0.9098582039162728,0.8727331606217616,0.8909090909090908,0.8718295569834291,0.785496648385131,0.8264144895015225,0.8425894378194208,0.7858277724817286,0.8132193357448209
