,filter_abundance,precision_by_num_reads,recall_by_num_reads,F1_by_num_reads,precision_by_nts,recall_by_nts,F1_by_nts,precision_by_mean_cov,recall_by_mean_cov,F1_by_mean_cov,precision_by_med_cov,recall_by_med_cov,F1_by_med_cov
0,0.0,0.8728557013118062,0.7955242182709994,0.8323977546110665,0.9214968476713443,0.9597542893454777,0.9402365636024073,0.9214968476713443,0.9597542893454777,0.9402365636024073,0.02277811673784828,1.0,0.04454165838138795
1,0.01,0.8728557013118062,0.7955242182709994,0.8323977546110665,0.9613185334678775,0.673580014140938,0.7921286031042128,0.9461823074335688,0.66928384487271,0.7840022296544036,0.0,0.0,0.0
2,0.02,0.8728557013118062,0.7955242182709994,0.8323977546110665,0.8908620051794303,0.7543859649122807,0.8169635284139102,0.9196098217288934,0.6967380224260958,0.7928084674496159,0.0,0.0,0.0
3,0.03,0.8728557013118062,0.7955242182709994,0.8323977546110665,0.8908620051794303,0.7543859649122807,0.8169635284139102,0.9112097669256382,0.6658556366585564,0.7694470477975633,0.0,0.0,0.0
4,0.04,0.8728557013118062,0.7955242182709994,0.8323977546110665,0.8908620051794303,0.7543859649122807,0.8169635284139102,0.9020537124802528,0.6521987435751,0.7570434206165064,0.0,0.0,0.0
5,0.05,0.8728557013118062,0.7955242182709994,0.8323977546110665,0.8908620051794303,0.7543859649122807,0.8169635284139102,0.882306477093207,0.6718796992481203,0.7628478743383985,0.0,0.0,0.0
6,0.06,0.8233995584988962,0.7618464052287581,0.791427965202631,0.8867924528301887,0.763375796178344,0.8204689371897996,0.8770457406630298,0.6593059936908517,0.7527462632811094,0.0,0.0,0.0
7,0.07,0.8233995584988962,0.7618464052287581,0.791427965202631,0.8883759966428871,0.7118359112306658,0.7903677431398171,0.8606798153587915,0.6780165289256198,0.7585059171597633,0.0,0.0,0.0
8,0.08,0.8233995584988962,0.7618464052287581,0.791427965202631,0.8759381898454747,0.6980999296270233,0.7769727824554533,0.8516556291390729,0.667705088265836,0.7485448195576252,0.0,0.0,0.0
9,0.09,0.8233995584988962,0.7618464052287581,0.791427965202631,0.8227016885553471,0.7385263157894737,0.7783447969824717,0.8466228893058161,0.651389390111873,0.736283907811544,0.0,0.0,0.0
10,0.1,0.8233995584988962,0.7618464052287581,0.791427965202631,0.8227016885553471,0.7385263157894737,0.7783447969824717,0.8287992495309568,0.6645355396765701,0.7376330619912336,0.0,0.0,0.0
