,filter_abundance,precision_by_num_reads,recall_by_num_reads,F1_by_num_reads,precision_by_nts,recall_by_nts,F1_by_nts,precision_by_mean_cov,recall_by_mean_cov,F1_by_mean_cov,precision_by_med_cov,recall_by_med_cov,F1_by_med_cov
0,0.0,0.955078557202921,0.9792399319342031,0.9670083459362572,0.9454773344474618,0.9956005279366476,0.9698917818493518,0.9454773344474618,0.9956005279366476,0.9698917818493518,0.8321495717568415,0.9991221469776774,0.9080237064052883
1,0.01,0.9350993377483444,0.905418403334402,0.9200195471575174,0.9319536423841059,0.9101050929668553,0.9208997955010225,0.9321949602122016,0.8881693255409888,0.9096497613847773,0.8953759148369926,0.900016719612105,0.8976903193529558
2,0.02,0.9137834299607256,0.8925831202046036,0.9030588670178358,0.9081575508680232,0.8976014760147601,0.9028486591815905,0.9115326821938392,0.8698691521778097,0.8902137026506467,0.8734177215189873,0.8745918955252545,0.8740044141637079
3,0.03,0.9071634417455743,0.8876132930513595,0.8972818894431436,0.8983364140480592,0.892470924301163,0.8953940634595702,0.8952262864228147,0.8539325842696629,0.87409200968523,0.8632300976927874,0.8643080124869927,0.8637687188019967
4,0.04,0.8960373998219056,0.881322531202102,0.8886190528755934,0.8930004458314758,0.8892341842397337,0.89111333555778,0.8834907782276203,0.838599487617421,0.8604600219058051,0.8529682466635987,0.8373616444544838,0.8450928986663627
5,0.05,0.8878037160552644,0.8783879330662268,0.8830707262172729,0.886923260817595,0.8877721943048577,0.8873475245156662,0.8776943569871639,0.8292906178489703,0.8528062124955877,0.8420794507111329,0.8375609756097561,0.8398141354854488
6,0.06,0.8888323581785805,0.8812105926860025,0.8850050658561297,0.8842051802945657,0.892134255700743,0.8881520214258385,0.8741584671154842,0.8228125761637826,0.8477087256748274,0.8315104166666667,0.8306451612903226,0.8310775637688705
7,0.07,0.8847826086956522,0.8738593666129898,0.8792870645422629,0.8808036926418681,0.8851296043656207,0.8829613500272184,0.8628524500410621,0.8142598811676569,0.837852206273259,0.8189300411522634,0.8202802967848309,0.8196046128500825
8,0.08,0.8846264782232478,0.8720500426499858,0.8782932416953037,0.879872942535374,0.8819102749638206,0.8808904307603355,0.8528987597346409,0.8072618072618073,0.82945301542777,0.813027042744984,0.813027042744984,0.813027042744984
9,0.09,0.8836926814454904,0.8743990384615384,0.8790212958767558,0.8801463860933212,0.883108935128519,0.8816251718344279,0.8498789346246973,0.8080575539568345,0.828440772975365,0.8095382746051033,0.8139890042761149,0.8117575388364301
10,0.1,0.8813397129186603,0.8743670886075949,0.8778395552025416,0.8752791068580542,0.8851612903225806,0.8801924619085807,0.8456439393939394,0.8113264688067837,0.8281298299845441,0.8057052297939779,0.8150048092337288,0.8103283391775583
