,filter_abundance,precision_by_num_reads,recall_by_num_reads,F1_by_num_reads,precision_by_nts,recall_by_nts,F1_by_nts,precision_by_mean_cov,recall_by_mean_cov,F1_by_mean_cov,precision_by_med_cov,recall_by_med_cov,F1_by_med_cov
0,0.0,0.9537768994290733,0.9835824275362319,0.9684503901895206,0.9433274299406188,0.997686205376818,0.9697456492637214,0.9433274299406188,0.997686205376818,0.9697456492637214,0.8376914261902282,0.9998756528226809,0.9116263250382631
1,0.01,0.9472361809045227,0.9110681488641856,0.92880019709288,0.9446308724832215,0.9141094333495697,0.9291195643204886,0.9358909641595154,0.8838391863975846,0.9091206276560967,0.9039768864717879,0.891104037527224,0.89749430523918
2,0.02,0.9328846153846154,0.8889499725123694,0.9103875387069531,0.92835190165194,0.8948342899463062,0.9112850004713868,0.9165547669288318,0.8621436304583183,0.888516968851697,0.8868288914638857,0.8745000952199581,0.8806213443283152
3,0.03,0.9234033524294505,0.8797250859106529,0.9010351966873705,0.9208130425576964,0.8895479648189814,0.904910528506034,0.907886300491558,0.8426899424717318,0.874074074074074,0.8761802575107296,0.8534698996655519,0.8646759847522236
4,0.04,0.9240886017535763,0.8782894736842105,0.9006071508882392,0.9203499079189686,0.8886419204267615,0.9042180255569376,0.9023201856148492,0.8347284825069757,0.8672092763964767,0.8732691856371744,0.8410940325497287,0.8568796776050662
5,0.05,0.9177308447937131,0.8811601037491158,0.8990737399254181,0.9139626352015733,0.8896865278774827,0.9016612101370195,0.895492818226845,0.8320294523699954,0.8625954198473283,0.8664808715480111,0.833130328867235,0.8494783904619969
6,0.06,0.9168211920529802,0.8722278225806451,0.8939687459640965,0.9121693121693122,0.8822927328556807,0.8969823100936526,0.8910891089108911,0.8157765801077903,0.8517713262565545,0.8626447616482629,0.818762781186094,0.8401311475409836
7,0.07,0.9087866108786611,0.8729903536977492,0.8905289052890529,0.9047085201793722,0.8793244347589213,0.8918358889349357,0.8865773724707894,0.8072132848988064,0.8450359907646339,0.8541547277936963,0.8140360458765702,0.8336129753914988
8,0.08,0.9180376906969787,0.871132557479421,0.8939702883775124,0.9102602452886629,0.8787178746751372,0.8942109903026743,0.8850574712643678,0.8014242673240208,0.8411671697570792,0.8565749235474006,0.8118840579710145,0.8336309523809525
9,0.09,0.9151210311222886,0.8723404255319149,0.8932187787664928,0.910175879396985,0.8843454379005188,0.8970747562296859,0.8807339449541285,0.802536754107812,0.839819004524887,0.8494930291508238,0.8107045660719685,0.8296456753829491
10,0.1,0.9137590520079,0.8759861154938466,0.8944739809892057,0.9098116947472745,0.8855305466237942,0.8975069252077563,0.871550591327201,0.8036958497425023,0.8362490149724192,0.8419645840294019,0.8071748878923767,0.8242027800490598
