,filter_abundance,precision_by_num_reads,recall_by_num_reads,F1_by_num_reads,precision_by_nts,recall_by_nts,F1_by_nts,precision_by_mean_cov,recall_by_mean_cov,F1_by_mean_cov,precision_by_med_cov,recall_by_med_cov,F1_by_med_cov
0,0.0,0.8512880562060889,0.7977322604242868,0.8236404833836858,0.9209753894784376,0.9554930897165612,0.9379167624741319,0.9209753894784376,0.9554930897165612,0.9379167624741319,0.02619101377286069,0.9914529914529915,0.05103387593488781
1,0.01,0.8512880562060889,0.7977322604242868,0.8236404833836858,0.9613583138173302,0.6367631851085832,0.7660964230171072,0.9387254901960784,0.7018324607329843,0.8031755542240863,0.0,0.0,0.0
2,0.02,0.8512880562060889,0.7977322604242868,0.8236404833836858,0.853763440860215,0.7409481149682717,0.7933653077537969,0.9258391881342701,0.6612768330080847,0.7715075622052365,0.0,0.0,0.0
3,0.03,0.8512880562060889,0.7977322604242868,0.8236404833836858,0.853763440860215,0.7409481149682717,0.7933653077537969,0.9078844652615145,0.6859333529932173,0.7814547287082143,0.0,0.0,0.0
4,0.04,0.8512880562060889,0.7977322604242868,0.8236404833836858,0.853763440860215,0.7409481149682717,0.7933653077537969,0.8993548387096775,0.6497824735860783,0.7544650911058994,0.0,0.0,0.0
5,0.05,0.8512880562060889,0.7977322604242868,0.8236404833836858,0.853763440860215,0.7409481149682717,0.7933653077537969,0.88,0.6679725759059746,0.7594654788418709,0.0,0.0,0.0
6,0.06,0.8512880562060889,0.7977322604242868,0.8236404833836858,0.853763440860215,0.7409481149682717,0.7933653077537969,0.8696660482374768,0.6416837782340863,0.738479716423789,0.0,0.0,0.0
7,0.07,0.8512880562060889,0.7977322604242868,0.8236404833836858,0.853763440860215,0.7409481149682717,0.7933653077537969,0.8543599257884972,0.6595059076262084,0.7443928066276015,0.0,0.0,0.0
8,0.08,0.8512880562060889,0.7977322604242868,0.8236404833836858,0.853763440860215,0.7409481149682717,0.7933653077537969,0.8451676528599605,0.64050822122571,0.7287414965986395,0.0,0.0,0.0
9,0.09,0.7683823529411765,0.7311344327836082,0.7492957746478874,0.8538961038961039,0.7194216490816725,0.7809119830328738,0.8239644970414202,0.6501945525291829,0.7268377555458896,0.0,0.0,0.0
10,0.1,0.7683823529411765,0.7311344327836082,0.7492957746478874,0.8455882352941176,0.657411188240098,0.7397197335171146,0.8109243697478992,0.625354394491697,0.7061513834895953,0.0,0.0,0.0
