,filter_abundance,precision_by_num_reads,recall_by_num_reads,F1_by_num_reads,precision_by_nts,recall_by_nts,F1_by_nts,precision_by_mean_cov,recall_by_mean_cov,F1_by_mean_cov,precision_by_med_cov,recall_by_med_cov,F1_by_med_cov
0,0.0,0.950445006043292,0.9834015461573442,0.9666424540425771,0.9408512413936991,0.9967948717948718,0.9680154556187612,0.9408512413936991,0.9967948717948718,0.9680154556187612,0.8412267890673899,0.9991326973113617,0.9134054482641444
1,0.01,0.9438655462184874,0.9063912201420271,0.9247488885229705,0.9394957983193277,0.9089430894308943,0.9239669421487604,0.9326050420168067,0.8819135410044501,0.9065512171213852,0.8954159592529711,0.895112016293279,0.8952639619758954
2,0.02,0.9332559489262914,0.8870908422214049,0.9095880079192986,0.928709055876686,0.8940827304767205,0.9110670068991588,0.9156556903523975,0.859233827249729,0.8865479630838072,0.8858305873231246,0.8689864993344742,0.8773277020541369
3,0.03,0.9241452991452992,0.8749747117135342,0.898888080640133,0.9212043561819346,0.8832923832923832,0.9018501097522735,0.9094437257438551,0.8379022646007152,0.8722084367245657,0.8772648835202761,0.8443014324268217,0.8604675764307627
4,0.04,0.9205205670462469,0.8715071507150715,0.8953435804701628,0.913968547641073,0.8803742481621742,0.8968569159196641,0.9007508212106992,0.8247046186895811,0.8610519232925873,0.8707080274686242,0.830585046306754,0.8501734104046242
5,0.05,0.9207225288509784,0.8674072323327818,0.893270049896556,0.9184646261916708,0.8781482369872872,0.897854077253219,0.8984295845997974,0.8167165553764679,0.8556265830418526,0.8720330237358102,0.8197914140189183,0.8451056382047756
6,0.06,0.9184768034325557,0.8653360282971198,0.8911148692597893,0.9164882226980728,0.8786245830125737,0.8971570810952445,0.8948515390901661,0.8049497672139182,0.8475232198142416,0.8669749727965179,0.8163422131147541,0.8408970976253298
7,0.07,0.9157655093910074,0.8650537634408603,0.8896875863975671,0.9108714164064717,0.8767759562841531,0.8934985382152305,0.8930434782608696,0.8000519345624513,0.8439939734282974,0.85910552470038,0.805426144149082,0.8314002828854314
8,0.08,0.9114000604777744,0.8584448874964398,0.8841302434731594,0.9061743341404358,0.8675746160533179,0.8864544781643228,0.8818873668188737,0.7945693911135491,0.8359544077333718,0.8514605344934743,0.7937427578215527,0.8215892053973014
9,0.09,0.9077021005728835,0.8585189644792294,0.8824257425742573,0.9032567049808429,0.8667279411764706,0.8846153846153845,0.8749198203976908,0.7882114995665992,0.8293053655570753,0.8425655976676385,0.7934716290420989,0.8172820109976434
10,0.1,0.9095816464237517,0.8550586742784649,0.8814778486186038,0.9089370345294516,0.8672480620155039,0.8876033057851239,0.8676470588235294,0.7888179884533576,0.8263568359064141,0.8433321906067878,0.7869481765834933,0.8141651497600529
