,filter_abundance,precision_by_num_reads,recall_by_num_reads,F1_by_num_reads,precision_by_nts,recall_by_nts,F1_by_nts,precision_by_mean_cov,recall_by_mean_cov,F1_by_mean_cov,precision_by_med_cov,recall_by_med_cov,F1_by_med_cov
0,0.0,0.9535015273220953,0.9717514124293786,0.9625399725902238,0.9420869748341582,0.9956599154239929,0.9681328788616567,0.9420869748341582,0.9956599154239929,0.9681328788616567,0.7791934295040539,0.9997298027560119,0.8757914669507071
1,0.01,0.9468398268398268,0.8934640522875817,0.9193778898696932,0.9438299343242309,0.899670510708402,0.921221322537112,0.9369024856596558,0.868514340960361,0.9014131616355883,0.8638018936635106,0.8832619623906163,0.8734235478228849
2,0.02,0.9265314161906638,0.8789237668161435,0.9020999137021767,0.924610223011644,0.8839622641509434,0.9038294588598439,0.9128458498023715,0.847834067547724,0.879139703083365,0.8570021666338389,0.8674242424242424,0.8621817100961062
3,0.03,0.9194395796847635,0.8679479231246126,0.8929520569788454,0.9117069980379333,0.8741638795986622,0.8925408174154305,0.9070747394100688,0.8277676583687512,0.8656084656084655,0.8489583333333334,0.834966592427617,0.8419043341567484
4,0.04,0.917720009539709,0.8651079136690647,0.8906376576785093,0.9179499518768046,0.8696147709140643,0.893128877443521,0.9055406394923114,0.8134181100635826,0.857010857010857,0.840460947503201,0.8200899550224887,0.8301504995573542
5,0.05,0.9178756476683938,0.8584928519505695,0.8871916864905471,0.9123992721601247,0.8634686346863468,0.8872598584428715,0.8948475289169295,0.8009411764705883,0.8452942637198907,0.8322563274098007,0.8127793846962924,0.8224025542104563
6,0.06,0.9162946428571429,0.8521017125064868,0.8830330734068298,0.912109375,0.86207805907173,0.8863882863340564,0.8895089285714286,0.8006027122049222,0.8427174200370077,0.8312979267253621,0.8085635359116022,0.8197731410166644
7,0.07,0.9141669141669142,0.8509814763616257,0.8814432989690723,0.9131736526946108,0.8569822983984265,0.8841861139295552,0.8849006229605458,0.7961035495062717,0.8381567856139366,0.8384401114206128,0.795828437132785,0.8165787490580256
8,0.08,0.913234831813895,0.8519061583577713,0.8815050826885147,0.9092621664050236,0.8631892697466468,0.8856269113149847,0.8768703241895262,0.7950819672131147,0.8339756892973614,0.8186462324393359,0.8060358377868595,0.8122920956755901
9,0.09,0.9074440052700923,0.8539987600743956,0.8799105717023316,0.8991789819376026,0.8637223974763407,0.8810941271118261,0.8721311475409836,0.7940298507462686,0.83125,0.8126649076517151,0.8068107400130976,0.8097272428524481
10,0.1,0.9008947006194081,0.8561151079136691,0.8779342723004694,0.900103698582786,0.8668442077230359,0.8831609292860776,0.8683127572016461,0.7954759660697456,0.8303000491883915,0.8040183292210081,0.799509288468279,0.8017574692442883
