,filter_abundance,precision_by_num_reads,recall_by_num_reads,F1_by_num_reads,precision_by_nts,recall_by_nts,F1_by_nts,precision_by_mean_cov,recall_by_mean_cov,F1_by_mean_cov,precision_by_med_cov,recall_by_med_cov,F1_by_med_cov
0,0.0,0.9512112676056338,0.9791231732776617,0.9649654226438817,0.9386548410938654,0.9970838941229251,0.9669875455484853,0.9386548410938654,0.9970838941229251,0.9669875455484853,0.7897793263646922,0.9995990912735534,0.8823876371357792
1,0.01,0.9430156328794755,0.9061540946535294,0.9242174629324547,0.9390939597315436,0.9097854356306893,0.924207397622193,0.933097999663809,0.88279262086514,0.9072485086213942,0.8610187292140732,0.8927404718693285,0.87659271139624
2,0.02,0.9321705426356589,0.8837038397942312,0.9072903895124023,0.927773497688752,0.8933605341246291,0.9102418745275888,0.9162162162162162,0.8574525745257453,0.8858609426038263,0.8567613961472439,0.8735900427849086,0.8650938854116516
3,0.03,0.9270855672313961,0.8743932038834952,0.8999687727698554,0.921677723090092,0.8818591318591319,0.9013288688919118,0.9116500649631876,0.8359809372517871,0.8721773358193495,0.8521605615266505,0.8458523840627041,0.8489947552447553
4,0.04,0.9229874360167519,0.8714850615114236,0.8964971751412428,0.9178687761749651,0.8784235136940548,0.897713050403914,0.9017013232514177,0.8194116383938158,0.8585892676341547,0.8517630127128808,0.8229432213209733,0.8371051390853372
5,0.05,0.9185667752442996,0.8674869853289162,0.8922964585615188,0.9160190523940838,0.876469177260734,0.8958077960284383,0.8972342045166202,0.8136217211228716,0.853384819596959,0.8398033126293996,0.8271730818251338,0.8334403493001155
6,0.06,0.9166221272047034,0.8670374115267947,0.8911405559885685,0.9126135756280064,0.8765400410677618,0.8942131448023043,0.8942491142000545,0.8035758021062944,0.8464912280701754,0.8331068225061158,0.8173333333333334,0.8251447031902006
7,0.07,0.9152155295461033,0.8622915545992469,0.8879656557263536,0.9118488838008014,0.8707297075703744,0.890815042639452,0.8881179531656548,0.7975077881619937,0.8403775133360689,0.8275862068965517,0.8043917942791101,0.815824175824176
8,0.08,0.9086812856713727,0.8623147092360319,0.8848910340792745,0.904833836858006,0.867864387134164,0.8859636148498744,0.8808510638297873,0.7948436642896325,0.8356401384083044,0.81577325939618,0.8012102874432677,0.808426194474126
9,0.09,0.9102196752626552,0.861144578313253,0.88500232162204,0.9059311224489796,0.8704044117647058,0.8878125,0.874880611270296,0.7939901762496389,0.8324750075734625,0.8081228014070995,0.7969094922737306,0.8024769768180375
10,0.1,0.9077441077441077,0.8550586742784649,0.8806140780663073,0.902974983096687,0.8627260981912145,0.882391807069706,0.8683858004018754,0.7876670716889429,0.8260592545396622,0.8094744121715076,0.7866263440860215,0.7978868438991139
