,filter_abundance,precision_by_num_reads,recall_by_num_reads,F1_by_num_reads,precision_by_nts,recall_by_nts,F1_by_nts,precision_by_mean_cov,recall_by_mean_cov,F1_by_mean_cov,precision_by_med_cov,recall_by_med_cov,F1_by_med_cov
0,0.0,0.8984498576399873,0.7686062246278755,0.8284714119019837,0.9231627906976744,0.9674400467927471,0.9447829398324447,0.9231627906976744,0.9674400467927471,0.9447829398324447,0.027348837209302326,1.0,0.05324157913799348
1,0.01,0.8984498576399873,0.7686062246278755,0.8284714119019837,0.8946535906358747,0.7762832830085095,0.8312757201646089,0.9477331793242852,0.7238641376268196,0.8208078029260971,0.0,0.0,0.0
2,0.02,0.8984498576399873,0.7686062246278755,0.8284714119019837,0.8946535906358747,0.7762832830085095,0.8312757201646089,0.9294527048402405,0.6971998101566208,0.7967457627118645,0.0,0.0,0.0
3,0.03,0.8984498576399873,0.7686062246278755,0.8284714119019837,0.8946535906358747,0.7762832830085095,0.8312757201646089,0.9224753485209113,0.6864878542510121,0.7871753953285942,0.0,0.0,0.0
4,0.04,0.8984498576399873,0.7686062246278755,0.8284714119019837,0.8946535906358747,0.7762832830085095,0.8312757201646089,0.902958152958153,0.6708657196462074,0.7697985545133015,0.0,0.0,0.0
5,0.05,0.840746624305004,0.7483209614704843,0.7918458948943333,0.8952737164229854,0.7446266968325792,0.8130307241006639,0.8866489159376189,0.6592194570135747,0.7562043795620439,0.0,0.0,0.0
6,0.06,0.840746624305004,0.7483209614704843,0.7918458948943333,0.8911834789515488,0.6696508504923904,0.7646958596012949,0.8657284138455686,0.6769779892920881,0.7598063762310133,0.0,0.0,0.0
7,0.07,0.840746624305004,0.7483209614704843,0.7918458948943333,0.8370646766169154,0.7347161572052402,0.7825581395348837,0.8566322478157268,0.6723815461346634,0.7534055186866924,0.0,0.0,0.0
8,0.08,0.840746624305004,0.7483209614704843,0.7918458948943333,0.8370646766169154,0.7347161572052402,0.7825581395348837,0.8424543946932007,0.6623207301173403,0.7416058394160585,0.0,0.0,0.0
9,0.09,0.840746624305004,0.7483209614704843,0.7918458948943333,0.8370646766169154,0.7347161572052402,0.7825581395348837,0.831174438687392,0.6549846886696156,0.7326355851569933,0.0,0.0,0.0
10,0.1,0.840746624305004,0.7483209614704843,0.7918458948943333,0.8370646766169154,0.7347161572052402,0.7825581395348837,0.8218390804597702,0.6592198581560283,0.7316017316017316,0.0,0.0,0.0
