,filter_abundance,precision_by_num_reads,recall_by_num_reads,F1_by_num_reads,precision_by_nts,recall_by_nts,F1_by_nts,precision_by_mean_cov,recall_by_mean_cov,F1_by_mean_cov,precision_by_med_cov,recall_by_med_cov,F1_by_med_cov
0,0.0,0.9542512831957153,0.9801719197707737,0.9670379374681971,0.9417007444689106,0.9964495728392322,0.9683018867924529,0.9417007444689106,0.9964495728392322,0.9683018867924529,0.8088497431057985,0.9998703823720025,0.8942731277533039
1,0.01,0.94745677354373,0.9091494845360825,0.927907932593506,0.9443606502430032,0.9156646083847904,0.9297912713472487,0.9355491817108149,0.8818384223918575,0.9079001227998363,0.8809818117605509,0.8923269540332678,0.8866180913452996
2,0.02,0.9312536106296938,0.8862012094557449,0.9081690140845071,0.9269179261526689,0.8968900407256571,0.9116567880327405,0.9168110918544194,0.8596966413867823,0.8873357562202964,0.8656746031746032,0.8710321421441406,0.8683451089660663
3,0.03,0.9250212404418012,0.8799757526773085,0.9019364191777984,0.9189873417721519,0.8909797504602168,0.9047668501402014,0.9068721901091843,0.8404761904761905,0.8724127278344147,0.8623712469866316,0.8552488589437078,0.8587952859013531
4,0.04,0.9208352455254704,0.8800438596491228,0.8999775734469612,0.916628387689481,0.8872832369942196,0.9017171260732036,0.8997679814385151,0.8325461571489909,0.8648528099910794,0.8530389363722697,0.8428336851982172,0.8479056047197641
5,0.05,0.9169336948484101,0.8771516151850979,0.8966015907447579,0.9117285468404229,0.88750598372427,0.8994542146755611,0.8945147679324894,0.8296500920810314,0.860862295473546,0.8495872033023736,0.8286361348766985,0.8389808917197452
6,0.06,0.915169133192389,0.8727318548387096,0.8934468524251805,0.9115628299894404,0.8835721596724667,0.8973492723492724,0.8900214592274678,0.8132352941176471,0.8498975409836066,0.843048128342246,0.8219499478623566,0.8323653643083421
7,0.07,0.9108244531688166,0.8705440900562852,0.8902288611758256,0.90873350182533,0.8815036774720785,0.8949115044247788,0.8895565092989985,0.8071131879543094,0.8463318361235878,0.8368692660550459,0.8142259414225942,0.8253923370564117
8,0.08,0.9129397734048896,0.8688989784335982,0.8903751090433265,0.9060083283759667,0.8795841755703148,0.8926007326007327,0.8823352392416491,0.8032876712328767,0.8409579807830203,0.8364244451200973,0.812223206377325,0.8241461953265429
9,0.09,0.9119674185463659,0.8726019184652278,0.8918504901960784,0.9079484762802388,0.8819041806530363,0.8947368421052632,0.8792667509481669,0.8021914648212226,0.838962605548854,0.8308234540211471,0.8128526645768025,0.821739819363017
10,0.1,0.9153386454183267,0.8699905332912591,0.8920886587930755,0.9075297225891678,0.8836012861736334,0.895405669599218,0.8751651254953765,0.8027870342320509,0.8374150734713224,0.8329363729159578,0.8065897858319605,0.8195513893538668
