,filter_abundance,precision_by_num_reads,recall_by_num_reads,F1_by_num_reads,precision_by_nts,recall_by_nts,F1_by_nts,precision_by_mean_cov,recall_by_mean_cov,F1_by_mean_cov,precision_by_med_cov,recall_by_med_cov,F1_by_med_cov
0,0.0,0.9540543490123322,0.9823575682660973,0.9679991141623296,0.9457051082789348,0.9961798733900895,0.9702865040131824,0.9457051082789348,0.9961798733900895,0.9702865040131824,0.8500673505336235,0.9992691839220463,0.9186495716925145
1,0.01,0.9334654119200925,0.9063802500801539,0.9197234648230987,0.9300132362673726,0.9080775444264944,0.9189145005721758,0.9305601590984421,0.8862058080808081,0.9078415521422797,0.9035817348497709,0.8898361751922435,0.8966562789522446
2,0.02,0.9155722326454033,0.8901860634804816,0.9027007029226786,0.9092267463578633,0.8976581228102526,0.9034054003897188,0.9121951219512195,0.870390261367705,0.8908024917552219,0.8874296435272045,0.8746301775147929,0.8809834233563048
3,0.03,0.903861955628595,0.8874546187979023,0.895583146753511,0.8975569698213919,0.8916989598205181,0.8946183752813587,0.8964381305332509,0.8575930667717155,0.8765854640628145,0.8731037310373104,0.8688290493676051,0.870961145194274
4,0.04,0.8953436807095344,0.8839754816112084,0.8896232650363516,0.8887652947719689,0.8867924528301887,0.8877777777777777,0.8845550325039229,0.8420827998292787,0.8627965453154038,0.8637707527859905,0.8382255572721253,0.8508064516129031
5,0.05,0.8885979528683646,0.8795947219604147,0.8840734162226169,0.8858230256898192,0.8909090909090909,0.8883587786259541,0.8746673118799904,0.8270418668496912,0.8501881467544686,0.8505971240555691,0.8313482610767032,0.8408625466811227
6,0.06,0.8886916835699797,0.8835391983866901,0.8861079509543673,0.8833375602333249,0.8923904688700999,0.887840938057609,0.8708010335917312,0.821150097465887,0.8452470529219966,0.8429794964962367,0.8254129606099111,0.8341037493579868
7,0.07,0.8839793982108972,0.8747317596566524,0.8793312660105163,0.8802606570730382,0.8845839017735334,0.8824169842133914,0.8621067031463748,0.8137913223140496,0.8372525574598113,0.8310401761144744,0.8188720173535792,0.8249112264408631
8,0.08,0.8860505166475315,0.8777367074210976,0.881874017997429,0.879735935706085,0.8871201157742402,0.8834125954748523,0.8554112554112554,0.8089519650655022,0.8315331743582549,0.8249138920780712,0.816941444002274,0.8209083119108825
9,0.09,0.8870918523039365,0.8732352057674978,0.8801089918256131,0.8837423312883436,0.881578947368421,0.8826593137254902,0.8522899605702153,0.8084004602991944,0.8297652443525764,0.822992700729927,0.812124849939976,0.817522658610272
10,0.1,0.8840486867392697,0.8736942070275404,0.8788409488934883,0.8801666132649791,0.8864149725717974,0.8832797427652733,0.8472968700600696,0.8113835906751438,0.8289514382926075,0.8176040673657452,0.8152724968314322,0.816436617483738
