,filter_abundance,precision_by_num_reads,recall_by_num_reads,F1_by_num_reads,precision_by_nts,recall_by_nts,F1_by_nts,precision_by_mean_cov,recall_by_mean_cov,F1_by_mean_cov,precision_by_med_cov,recall_by_med_cov,F1_by_med_cov
0,0.0,0.9534910828767922,0.9753189459878383,0.9642815041848403,0.939916011629159,0.9953249714937287,0.9668272692030792,0.9401313664261871,0.9953260373917009,0.9669416911235394,0.6987186389576828,0.9993839519482519,0.8224334600760456
1,0.01,0.926379366634019,0.917987706243934,0.9221644458888528,0.9238157252156927,0.9251711770459733,0.9244929543047975,0.918657937806874,0.8975055964182923,0.9079585894532515,0.774759121781709,0.9300341296928327,0.8453252908229211
2,0.02,0.9124046866282314,0.904165130851456,0.9082662223456447,0.9077094143810229,0.9119344628560789,0.9098170335283738,0.8967825925237121,0.8767272727272727,0.8866415371885629,0.7568569310600445,0.8903422716372357,0.8181909245717719
3,0.03,0.9069143446852426,0.8941798941798942,0.9005021006250642,0.8996305418719212,0.9022231370934541,0.9009249743062694,0.8842563783447418,0.8534534534534535,0.8685819070904645,0.7470676050330561,0.8653656126482213,0.8018770745107017
4,0.04,0.8995740865276843,0.8899977822133511,0.8947603121516163,0.8951252236135957,0.8973324366733916,0.8962274711742976,0.8756781193490054,0.8399826539462273,0.8574590526781761,0.740340772738181,0.8475274725274725,0.7903163827334444
5,0.05,0.8944323933477947,0.8865265169612996,0.8904619076184763,0.896752302472128,0.8939357332689055,0.8953418027828193,0.8734984064721746,0.8287973947429634,0.8505609930771068,0.7314937649243831,0.8306718891232299,0.7779345372460497
6,0.06,0.8959241220199948,0.891354246365723,0.8936333418563027,0.8961340206185567,0.8993792033109157,0.897753679318358,0.8741584671154842,0.8375093029025056,0.8554415304700367,0.7314937649243831,0.8306718891232299,0.7779345372460497
7,0.07,0.8921354451119606,0.8887377584330794,0.8904333605887162,0.8906506287588847,0.8982630272952854,0.8944406314344545,0.8673469387755102,0.8287220026350461,0.8475946637919417,0.7236078886310905,0.819376026272578,0.7685199445556754
8,0.08,0.889763779527559,0.8807736720554272,0.8852459016393441,0.8856228172293364,0.890807962529274,0.8882078225335669,0.8567276954373728,0.8223152022315202,0.8391688015940791,0.724756212645486,0.8112676056338028,0.7655756770227612
9,0.09,0.8920245398773006,0.8863151478207864,0.8891606787952913,0.8877300613496932,0.8965303593556382,0.8921085080147966,0.8507645259938837,0.8191990577149588,0.8346834683468347,0.7507692307692307,0.782608695652174,0.7663584016751004
10,0.1,0.8905488795063332,0.8828074694140373,0.8866612772837509,0.8876258525495291,0.893721386527142,0.8906631904839498,0.845681009382077,0.8107940446650124,0.8278701504354712,0.7203418803418803,0.7990140310959424,0.7576411362819129
