,filter_abundance,precision_by_num_reads,recall_by_num_reads,F1_by_num_reads,precision_by_nts,recall_by_nts,F1_by_nts,precision_by_mean_cov,recall_by_mean_cov,F1_by_mean_cov,precision_by_med_cov,recall_by_med_cov,F1_by_med_cov
0,0.0,0.9537218947827986,0.9843415568322631,0.9687898442263982,0.9437175493250259,0.9978041282389108,0.9700074714483938,0.9437175493250259,0.9978041282389108,0.9700074714483938,0.8460020768431984,0.9998772704958272,0.9165260434244573
1,0.01,0.9462616822429907,0.9127495170637476,0.9292035398230089,0.9444537393341141,0.9165448936515668,0.9302900461437047,0.9358866205500254,0.8813155386081983,0.9077816872596353,0.9095278969957081,0.8872885613800033,0.8982706002034587
2,0.02,0.931246399078164,0.888095238095238,0.9091590887784755,0.9263016845329249,0.8956135480288728,0.9106991625105864,0.9148446490218642,0.8605448313187805,0.8868643673886771,0.8914950419527079,0.8744855967078189,0.8829084041548632
3,0.03,0.9254553155442609,0.8830066680137402,0.9037328094302552,0.9223937407485726,0.8918421590676753,0.9068607068607069,0.9082588335461899,0.8461233392821733,0.8760907504363002,0.8844991364421416,0.8508826583592939,0.8673653011538055
4,0.04,0.9224217311233885,0.8787280701754386,0.9000449236298294,0.9197332106715731,0.8886666666666667,0.9039330922242315,0.9000462748727441,0.8347639484978541,0.8661767980405256,0.8784350256171402,0.8408381631743201,0.8592255125284738
5,0.05,0.9177106362073201,0.8809243103041735,0.8989412897016362,0.9143068209800542,0.8882775119617224,0.9011042349229462,0.895023520673434,0.831608005521049,0.8621512043882662,0.8715846994535519,0.8370706106870229,0.8539790703334145
6,0.06,0.9146180280200898,0.871536523929471,0.8925577195924157,0.910506863780359,0.8825486182190379,0.8963097713097714,0.889810109654988,0.8148420279206466,0.8506775760675019,0.866557734204793,0.8163160595177014,0.8406869220607662
7,0.07,0.9108138238573021,0.8756698821007503,0.892896174863388,0.9052543320290665,0.8820806100217865,0.8935172413793102,0.8871750928306198,0.8059159314997405,0.8445955132562882,0.8652522935779816,0.8130387931034483,0.8383333333333333
8,0.08,0.9160214413341274,0.8731195004257735,0.8940560964976021,0.909661980257254,0.8781403407450188,0.8936232735821333,0.8855421686746988,0.8050383351588171,0.8433734939759037,0.8609332113449222,0.8112068965517242,0.8353306702174879
9,0.09,0.9158790170132325,0.8711417440815103,0.8929503916449087,0.9103491664045297,0.8828553996339231,0.8963915130865726,0.8810503005378045,0.8028250216200634,0.8401206636500754,0.8530729833546735,0.8100303951367781,0.8309946990957282
10,0.1,0.9112057667103539,0.8775639002840012,0.8940684777366982,0.9057471264367816,0.8868167202572347,0.8961819658813973,0.8726677577741407,0.807389460932768,0.8387604215825073,0.8506711409395973,0.8037412809131262,0.8265405934137594
