,filter_abundance,precision_by_num_reads,recall_by_num_reads,F1_by_num_reads,precision_by_nts,recall_by_nts,F1_by_nts,precision_by_mean_cov,recall_by_mean_cov,F1_by_mean_cov,precision_by_med_cov,recall_by_med_cov,F1_by_med_cov
0,0.0,0.9529871580122836,0.981032302563513,0.9668063894868019,0.9421052631578948,0.9949972206781545,0.9678291430116248,0.9421052631578948,0.9948866162738995,0.9677768166089966,0.8161052631578948,0.9998710343048749,0.8986901588037556
1,0.01,0.9506214309707759,0.9160058261854669,0.9329926646336437,0.9463447350771295,0.9196675900277008,0.9328154697958847,0.9443135935397039,0.8956438487314504,0.919335025796413,0.8977934686672551,0.8966854724964739,0.8972391285172443
2,0.02,0.9322816467872258,0.8931072613343163,0.9122740963855421,0.9302103250478011,0.904275092936803,0.9170593779453344,0.9157833879360185,0.8593128390596745,0.8866498740554155,0.8753726893261777,0.8686390532544379,0.8719928719928721
3,0.03,0.9255002128565347,0.8824842703470672,0.9034805194805194,0.9217984231834647,0.8881133237528228,0.904642409033877,0.905829596412556,0.8435076555975343,0.8735584843492585,0.8689715921603172,0.844244758237056,0.8564297341291373
4,0.04,0.9174290942360476,0.8834801762114537,0.9001346499102334,0.9164383561643835,0.8961821835231079,0.9061970877074161,0.8942731277533039,0.8301764959104606,0.8610335974997209,0.8626558005752637,0.8348411041521688,0.8485205705528703
5,0.05,0.9175742574257426,0.87926944971537,0.898013565891473,0.9161691542288557,0.8861886429258903,0.9009295499021526,0.8912112817929992,0.8163783160322953,0.8521550686250903,0.85778668002003,0.8263386396526773,0.8417690417690418
6,0.06,0.9230769230769231,0.8756017228274638,0.8987127811727994,0.9210456121632435,0.8888030888030888,0.9046371495939218,0.8911105106727911,0.8099214145383105,0.8485784124533643,0.8485342019543974,0.8108949416342413,0.8292877039395146
7,0.07,0.9202384331535624,0.8743257820927723,0.8966947863366064,0.9151670951156813,0.8780487804878049,0.8962237762237764,0.8865083960625362,0.7969807391983342,0.8393640350877193,0.8412744811458638,0.7972299168975069,0.81866021903001
8,0.08,0.9191243539069626,0.8632210165619646,0.8902959799734943,0.9127394344785649,0.8724208079046789,0.8921248142644873,0.8766372220530003,0.7913115204839153,0.8317919075144509,0.8408877774304471,0.7828870779976718,0.8108515448379804
9,0.09,0.9168272318561336,0.861236802413273,0.8881630113547986,0.913365539452496,0.8712749615975423,0.8918238993710692,0.8734746307000643,0.7884057971014493,0.8287629494210847,0.8323662153449387,0.7912963530493411,0.811311861743912
10,0.1,0.9127494081839702,0.857914812460267,0.8844830411273145,0.9101694915254237,0.86977648202138,0.8895146595991387,0.8697123519458545,0.7832977750685767,0.8242463117382939,0.8321964529331515,0.7855763039278815,0.8082146406094733
