,filter_abundance,precision_by_num_reads,recall_by_num_reads,F1_by_num_reads,precision_by_nts,recall_by_nts,F1_by_nts,precision_by_mean_cov,recall_by_mean_cov,F1_by_mean_cov,precision_by_med_cov,recall_by_med_cov,F1_by_med_cov
0,0.0,0.9533520862634787,0.96844862483629,0.9608410607760912,0.940886171011694,0.9934299954689624,0.9664444322001213,0.940886171011694,0.9934299954689624,0.9664444322001213,0.679540821800236,0.9995265898690232,0.80904330054924
1,0.01,0.9472217383731057,0.8944078947368421,0.9200575247440994,0.9428670360110804,0.9001652892561983,0.9210214780991037,0.9339000693962526,0.8706129710496523,0.9011467313970035,0.7913985777175754,0.904586800851558,0.844215659712815
2,0.02,0.9262490087232356,0.8768768768768769,0.9008870034708831,0.9236716891356067,0.8813847900113507,0.9020329138431752,0.9104803493449781,0.8442849254555495,0.8761340846146499,0.7875962707742197,0.8660574994428348,0.8249655026005732
3,0.03,0.9190444591904446,0.8606048053024027,0.8888651192640925,0.9135503739551254,0.8701026608003353,0.8912973495010196,0.9051224944320713,0.824340770791075,0.8628450106157114,0.779601406799531,0.8347978910369068,0.8062560620756546
4,0.04,0.9136897626468473,0.8600767321146469,0.8860730062776099,0.914038044786901,0.8666666666666667,0.8897222547755772,0.9024449877750611,0.8108523725834798,0.8542004165702383,0.7756835678258561,0.8164291701592624,0.7955349850258645
5,0.05,0.9150377899400574,0.852391357125516,0.8826043237807943,0.9129866736347008,0.8599556977602757,0.8856780735107731,0.897327335273882,0.7991986801791185,0.8454250810271753,0.7756835678258561,0.8164291701592624,0.7955349850258645
6,0.06,0.9147157190635451,0.8524675324675325,0.8824952944339877,0.9105395582890691,0.8589135021097046,0.8839734020898357,0.8927471296555587,0.8014077425842132,0.8446151808186516,0.7783687943262412,0.7986658580958157,0.788386710565699
7,0.07,0.9130824372759857,0.8461112648768336,0.8783220801608965,0.9108910891089109,0.8532883642495784,0.8811493252067915,0.8838112305854241,0.7905423457119958,0.834579043858412,0.7610789980732178,0.7931726907630522,0.7767944936086529
8,0.08,0.9125198098256735,0.8447769953051644,0.877342678653055,0.9085153529597974,0.8559498956158664,0.8814496314496315,0.8736315295589615,0.7903225806451613,0.829891546575546,0.7742363877822045,0.7828130245048674,0.7785010849607745
9,0.09,0.9061264822134387,0.8530232558139534,0.8787733588883565,0.8995388669301713,0.8615141955835962,0.8801160167579761,0.8726135615536538,0.7915795759928337,0.8301236887427588,0.7499140006879945,0.7941712204007286,0.7714083510261854
10,0.1,0.9025817555938038,0.8568627450980392,0.8791282481139983,0.8987868284228769,0.8631824234354194,0.8806248938699269,0.8676774638180565,0.7913262099308611,0.8277449046679817,0.7411504424778761,0.7860774344935472,0.7629531220345417
