,filter_abundance,precision_by_num_reads,recall_by_num_reads,F1_by_num_reads,precision_by_nts,recall_by_nts,F1_by_nts,precision_by_mean_cov,recall_by_mean_cov,F1_by_mean_cov,precision_by_med_cov,recall_by_med_cov,F1_by_med_cov
0,0.0,0.8800505050505051,0.7818283791362871,0.8280368280368281,0.9264150943396227,0.9665354330708661,0.9460500963391136,0.9264150943396227,0.9665354330708661,0.9460500963391136,0.025660377358490565,0.9927007299270073,0.05002758874379253
1,0.01,0.8800505050505051,0.7818283791362871,0.8280368280368281,0.8775252525252525,0.7911212293682414,0.8320862017360072,0.9377920560747663,0.7140315766066266,0.8107562176492867,0.0,0.0,0.0
2,0.02,0.8800505050505051,0.7818283791362871,0.8280368280368281,0.8775252525252525,0.7911212293682414,0.8320862017360072,0.9195075757575758,0.6985611510791367,0.7939493049877352,0.0,0.0,0.0
3,0.03,0.8800505050505051,0.7818283791362871,0.8280368280368281,0.8775252525252525,0.7911212293682414,0.8320862017360072,0.9038203753351206,0.6894171779141104,0.7821925754060325,0.0,0.0,0.0
4,0.04,0.8800505050505051,0.7818283791362871,0.8280368280368281,0.8775252525252525,0.7911212293682414,0.8320862017360072,0.8865870786516854,0.6848386221860592,0.7727620504973223,0.0,0.0,0.0
5,0.05,0.8135332564398309,0.7688953488372093,0.7905847188492434,0.885053619302949,0.7580367393800229,0.8166357452071736,0.8756457564575646,0.6793587174348698,0.7651136546832179,0.0,0.0,0.0
6,0.06,0.8135332564398309,0.7688953488372093,0.7905847188492434,0.8774907749077491,0.7258852258852259,0.7945205479452053,0.8560885608856088,0.6996381182147166,0.7699966810487886,0.0,0.0,0.0
7,0.07,0.8135332564398309,0.7688953488372093,0.7905847188492434,0.8659217877094972,0.6968529222864484,0.7722419928825622,0.8385236447520185,0.6908457396262274,0.7575547064953109,0.0,0.0,0.0
8,0.08,0.8135332564398309,0.7688953488372093,0.7905847188492434,0.8088587390263368,0.7577570093457944,0.7824744257865277,0.8244213886671987,0.6859229747675962,0.7488220369699166,0.0,0.0,0.0
9,0.09,0.8135332564398309,0.7688953488372093,0.7905847188492434,0.8088587390263368,0.7577570093457944,0.7824744257865277,0.8134050475796442,0.6821651630811936,0.7420267975089639,0.0,0.0,0.0
10,0.1,0.8135332564398309,0.7688953488372093,0.7905847188492434,0.8088587390263368,0.7577570093457944,0.7824744257865277,0.8083832335329342,0.684534588917059,0.7413218278093744,0.0,0.0,0.0
