,filter_abundance,precision_by_num_reads,recall_by_num_reads,F1_by_num_reads,precision_by_nts,recall_by_nts,F1_by_nts,precision_by_mean_cov,recall_by_mean_cov,F1_by_mean_cov,precision_by_med_cov,recall_by_med_cov,F1_by_med_cov
0,0.0,0.9550126980287822,0.9649315738025416,0.959946514313499,0.9437967443906731,0.9925968768074032,0.967581890962395,0.9439067311922569,0.992368177613321,0.9675310033821871,0.5894192696876375,0.9985094093534563,0.741268414136524
1,0.01,0.9299832495812396,0.9018843404808317,0.9157182912749465,0.9306532663316583,0.9035615547243454,0.916907335588745,0.9303818857722204,0.8763329619608468,0.9025489713957873,0.6863894139886578,0.8899509803921568,0.7750266808964781
2,0.02,0.9145557655954631,0.8865677111966281,0.9003442821252443,0.9098298676748582,0.891626528343831,0.90063622754491,0.9081399771776341,0.8609808871258565,0.883931877082562,0.6863894139886578,0.8899509803921568,0.7750266808964781
3,0.03,0.9034209428452232,0.8799268590004063,0.8915191436805271,0.8993775933609959,0.8868657937806874,0.893077873918418,0.8977367979882649,0.8484848484848485,0.872416250890948,0.6710526315789473,0.8373134328358209,0.7450199203187251
4,0.04,0.8936312849162011,0.8783219855040633,0.8859105006645992,0.8878733838609005,0.8858985765124555,0.8868848808728569,0.8813176895306859,0.8367609254498715,0.8584615384615385,0.6710526315789473,0.8373134328358209,0.7450199203187251
5,0.05,0.8821283703173467,0.8739952718676123,0.8780429877686735,0.8819727076849413,0.8826066123622425,0.8822895461621362,0.8763662861306777,0.827902707664066,0.8514454277286135,0.6590448625180897,0.8014783526927138,0.7233163913595934
6,0.06,0.879887554306159,0.8690055527511358,0.8744126984126985,0.8747438524590164,0.875865606565786,0.8753043701140588,0.8675513921415561,0.8145614463718543,0.8402217741935484,0.6590448625180897,0.8014783526927138,0.7233163913595934
7,0.07,0.8815682003811598,0.8692617449664429,0.8753717220870505,0.8795510539282781,0.8776290630975143,0.878589007383101,0.861784140969163,0.8106708106708107,0.8354464166555452,0.6590448625180897,0.8014783526927138,0.7233163913595934
8,0.08,0.8843478260869565,0.8699743370402053,0.8771021992238034,0.8802898550724638,0.8797798377752027,0.8800347725297015,0.8558977338756537,0.8064604434711197,0.8304439746300212,0.6419169760377995,0.7788697788697788,0.7037927844588344
9,0.09,0.8858895705521472,0.8685714285714285,0.8771450265755504,0.8790769230769231,0.8750382848392037,0.8770529547198772,0.8516365861119608,0.8032313906520485,0.8267260579064587,0.6419169760377995,0.7788697788697788,0.7037927844588344
10,0.1,0.8786330245927818,0.8730561726436052,0.8758357211079274,0.8749198203976908,0.881421647819063,0.8781586995010462,0.8489416292495189,0.8030946601941747,0.8253819769254754,0.6482919254658385,0.7685227795674183,0.7033059591492945
