,filter_abundance,precision_by_num_reads,recall_by_num_reads,F1_by_num_reads,precision_by_nts,recall_by_nts,F1_by_nts,precision_by_mean_cov,recall_by_mean_cov,F1_by_mean_cov,precision_by_med_cov,recall_by_med_cov,F1_by_med_cov
0,0.0,0.966339094092398,0.967431867013457,0.966885171790235,0.9485732204452807,0.9953932214544258,0.9714193962748875,0.9485732204452807,0.9953932214544258,0.9714193962748875,0.7975331869969687,0.9993451211525868,0.8871061504476224
1,0.01,0.9435205005763214,0.9089467005076142,0.9259109638846246,0.938149430974765,0.9097888675623801,0.9237515225334957,0.9399637143328385,0.8882481296758105,0.9133744691081015,0.877151930469664,0.8866362561243454,0.8818685935136953
2,0.02,0.9155008393956351,0.8909057905245961,0.9030358785648572,0.9108837209302325,0.8963749542292201,0.903571099012642,0.9065002793816354,0.8649369113204194,0.8852309930883958,0.8189199395770392,0.8740427247077791,0.845583934490154
3,0.03,0.9064171122994652,0.8836976137958693,0.8949131891562595,0.9015683037556748,0.8865665584415584,0.8940045017393083,0.8904673666872555,0.8482055304961758,0.8688228204098032,0.8164839626471783,0.8688701663426226,0.8418628990057562
4,0.04,0.9014590347923681,0.8758996728462377,0.888495575221239,0.8965903992821893,0.8844877185217969,0.890497939177899,0.8828036961911201,0.834647347112721,0.858050383351588,0.808579335793358,0.8482942172755867,0.8279607982052191
5,0.05,0.9028915662650603,0.8826855123674912,0.8926742108397856,0.8981414433985035,0.8895529524264881,0.8938265673792939,0.8782035635831096,0.8242840778923253,0.8503899787284329,0.8019052271617001,0.8398567408544385,0.8204423341247032
6,0.06,0.9065030033951423,0.8758516275548827,0.8909137577002053,0.9006518904823989,0.8860954335556696,0.8933143669985776,0.8792105263157894,0.8170701883101003,0.8470021548992267,0.7949138638228056,0.8274978650725875,0.810878661087866
7,0.07,0.9090145576707727,0.8735539413505515,0.8909315406777336,0.9047887323943662,0.8785557986870897,0.8914793227865668,0.8755244755244755,0.8134095634095634,0.8433248012932777,0.791083166619034,0.8270092620256947,0.808647385334502
8,0.08,0.9014167650531287,0.8718241507279475,0.8863735306922073,0.8972764949674363,0.8803369154806855,0.8887259932561208,0.8716356107660456,0.8111753371868978,0.840319361277445,0.7871641791044776,0.8217513244001247,0.8040859887177924
9,0.09,0.8988448329690915,0.8697885196374623,0.884077997850453,0.8942579228114214,0.8766533374346355,0.885368126747437,0.8631840796019901,0.8072113986624019,0.834259954921112,0.7855515782622844,0.8111559139784946,0.7981484542899652
10,0.1,0.9016611295681063,0.8651577940707682,0.8830323735155359,0.8966202783300199,0.8788567716791166,0.8876496637690668,0.8613666228646518,0.8035550107263255,0.8314571111463454,0.781977725278434,0.8064740689175078,0.7940370116518164
