,filter_abundance,precision_by_num_reads,recall_by_num_reads,F1_by_num_reads,precision_by_nts,recall_by_nts,F1_by_nts,precision_by_mean_cov,recall_by_mean_cov,F1_by_mean_cov,precision_by_med_cov,recall_by_med_cov,F1_by_med_cov
0,0.0,0.9639618960174452,0.9629672093556524,0.9634642959564096,0.9482214270679857,0.9953601414052143,0.9712191441198663,0.9481161860660914,0.995249668581529,0.9711113506521505,0.7597347926752263,0.9995846026031571,0.863310212867735
1,0.01,0.9418145956607495,0.9116945107398569,0.926509822944458,0.9387149917627677,0.912848446010894,0.9256010396361275,0.9392739273927393,0.8884033088809115,0.9131306649554825,0.8164524421593831,0.8998866641480922,0.8561416120046724
2,0.02,0.9192523364485982,0.891588107324148,0.9052089085219953,0.9137350299401198,0.8948140003665017,0.9041755393019164,0.9099925149700598,0.8642260529589479,0.8865190046486191,0.7998091603053435,0.8786163522012579,0.8373626373626374
3,0.03,0.9054358974358975,0.8842147435897436,0.8946995033951557,0.9024088943792464,0.8894074675324676,0.8958610117526826,0.8902614782787729,0.8480094136105119,0.8686219365206911,0.7873055905842791,0.8587803759743237,0.8214912280701754
4,0.04,0.899103139013453,0.8755458515283843,0.8871681415929203,0.8948430493273543,0.8829646017699115,0.8888641425389756,0.8830027051397655,0.834647347112721,0.8581443750684632,0.7780073461891643,0.845558882235529,0.8103778096604497
5,0.05,0.900939985538684,0.8807728557964185,0.8907422852376982,0.8970836346107496,0.8897920153000239,0.8934229476716274,0.8781440781440781,0.8240146654445463,0.8502187019742287,0.7756521739130435,0.8419633225458468,0.8074485969222812
6,0.06,0.9040561622464899,0.8773656320968963,0.8905109489051096,0.9024390243902439,0.8823076923076923,0.8922598210812913,0.8796735123749342,0.8170701883101003,0.8472169392671485,0.772410091250671,0.829155862863728,0.7997776851465889
7,0.07,0.9029017857142857,0.8696586938994894,0.8859685147159481,0.900308901993822,0.8761956818802952,0.8880886426592799,0.8750700280112045,0.8120613465037692,0.8423891061075907,0.7665714285714286,0.8167427701674277,0.7908621960206336
8,0.08,0.8976099144290351,0.8681506849315068,0.8826345567967502,0.894659191501918,0.8798607080673244,0.8871982443306509,0.8696423292935265,0.8097990641343242,0.8386545039908779,0.768925518925519,0.809967845659164,0.788913247729408
9,0.09,0.9003134796238245,0.866888016903109,0.8832846378594497,0.8952321204516939,0.8773439901629265,0.8861977953733894,0.8636505460218409,0.804885141029369,0.8332329921733895,0.7694543106231837,0.8056118999323868,0.7871180842279109
10,0.1,0.8985123966942149,0.8658808537750876,0.8818948734587929,0.8942148760330578,0.8779617007465109,0.8860137569603669,0.8588815789473684,0.7999387254901961,0.8283629441624366,0.764186204553177,0.8087019057892845,0.7858141160027952
