,filter_abundance,precision_by_num_reads,recall_by_num_reads,F1_by_num_reads,precision_by_nts,recall_by_nts,F1_by_nts,precision_by_mean_cov,recall_by_mean_cov,F1_by_mean_cov,precision_by_med_cov,recall_by_med_cov,F1_by_med_cov
0,0.0,0.9552850286784502,0.973169568328166,0.9641443676531397,0.9390086206896552,0.9952032891731384,0.9662896429363496,0.9390086206896552,0.9952032891731384,0.9662896429363496,0.7007543103448276,0.9995388871810637,0.8238945901431648
1,0.01,0.9393736392564059,0.9073115496603041,0.9230642639677448,0.9374266062741151,0.9092092417832737,0.9231023374907079,0.9331312110493515,0.8820251552300589,0.9068587330168603,0.7966906946264745,0.9123827392120075,0.850620955046353
2,0.02,0.9290397223293483,0.8851736174903546,0.9065763477279143,0.9256691700365877,0.8921677802524127,0.9086097722332481,0.9155065738592421,0.8559291395516992,0.8847159940209268,0.788306847164999,0.8648299612569953,0.8247972903623114
3,0.03,0.9266551276503678,0.867004048582996,0.8958376908596529,0.9177201628455111,0.8774841221061258,0.8971512358609134,0.906764960971379,0.8307508939213349,0.8670951689819614,0.7847269431225924,0.8401261523532266,0.8114821323960165
4,0.04,0.9221082089552238,0.8692020224225104,0.8948738259590359,0.9183768656716418,0.8772555134773892,0.8973453343967188,0.9029515938606848,0.8214822771213749,0.8602924634420699,0.7712752363915154,0.8225674570727719,0.7960960168820892
5,0.05,0.91765597373074,0.8617172675521821,0.8888073394495413,0.9146740498363957,0.871462829736211,0.8925457448114946,0.8952453597762522,0.8101702715140359,0.850585819543423,0.7712752363915154,0.8225674570727719,0.7960960168820892
6,0.06,0.9072247400693149,0.8595604950745138,0.8827496757457847,0.9075360769641903,0.8714395688991532,0.8891216127765414,0.8905486148832157,0.8032827045565899,0.8446676970633694,0.7678621858232137,0.8109155979719654,0.7888018566869741
7,0.07,0.9139204545454546,0.8645525396398818,0.8885513050683608,0.9105458702486424,0.8704918032786885,0.8900684453135912,0.8852364475201846,0.7971955336276292,0.8389124197294713,0.7623332299100217,0.796692607003891,0.779134295227525
8,0.08,0.908403869407497,0.8566134549600912,0.8817488262910798,0.9025347012673506,0.8664542294322132,0.8841265149275791,0.8817629179331307,0.7958847736625514,0.8366258111031001,0.7623332299100217,0.796692607003891,0.779134295227525
9,0.09,0.9106573069559668,0.8593797049081602,0.884275755228505,0.9054010866091403,0.867953431372549,0.8862818707961833,0.8746402302526383,0.7902340364056631,0.8302975106253796,0.7470607994625462,0.7808988764044944,0.7636051502145923
10,0.1,0.9086927223719676,0.8548335974643423,0.8809407153356198,0.9039891818796484,0.8634162092347433,0.8832369942196531,0.8701472556894244,0.7897934386391251,0.8280254777070064,0.7421818181818182,0.7742792109256449,0.7578908280727812
