,filter_abundance,precision_by_num_reads,recall_by_num_reads,F1_by_num_reads,precision_by_nts,recall_by_nts,F1_by_nts,precision_by_mean_cov,recall_by_mean_cov,F1_by_mean_cov,precision_by_med_cov,recall_by_med_cov,F1_by_med_cov
0,0.0,0.8849067599067599,0.8347993402968664,0.8591230551626591,0.9272074116089998,0.9640259484961667,0.9452582883577487,0.9272074116089998,0.9640259484961667,0.9452582883577487,0.025902817167706562,0.9927536231884058,0.05048829924451815
1,0.01,0.8849067599067599,0.8347993402968664,0.8591230551626591,0.8976377952755905,0.7938718662952646,0.8425720620842572,0.9446386946386947,0.7217275155832591,0.8182735991923271,0.0,0.0,0.0
2,0.02,0.8849067599067599,0.8347993402968664,0.8591230551626591,0.8976377952755905,0.7938718662952646,0.8425720620842572,0.9225196850393701,0.7022296811316231,0.7974407841001905,0.0,0.0,0.0
3,0.03,0.8849067599067599,0.8347993402968664,0.8591230551626591,0.8976377952755905,0.7938718662952646,0.8425720620842572,0.9102911306702776,0.6880757420675537,0.7837365199650247,0.0,0.0,0.0
4,0.04,0.8849067599067599,0.8347993402968664,0.8591230551626591,0.8976377952755905,0.7938718662952646,0.8425720620842572,0.8950197061984951,0.6780673181324647,0.7715830115830116,0.0,0.0,0.0
5,0.05,0.8280015054572827,0.7868383404864091,0.8068952869979829,0.8991198375084631,0.7632183908045977,0.8256139260180293,0.8760300967395199,0.7007738607050731,0.7786624203821656,0.0,0.0,0.0
6,0.06,0.8280015054572827,0.7868383404864091,0.8068952869979829,0.8863379751599548,0.7147192716236722,0.7913306451612903,0.8618742943168988,0.6907993966817496,0.766912257200268,0.0,0.0,0.0
7,0.07,0.8280015054572827,0.7868383404864091,0.8068952869979829,0.8305430788076766,0.7442371020856202,0.7850250868390583,0.8531605810757754,0.6876582278481013,0.7615209391974768,0.0,0.0,0.0
8,0.08,0.8280015054572827,0.7868383404864091,0.8068952869979829,0.8305430788076766,0.7442371020856202,0.7850250868390583,0.8370763576970192,0.6792577866136514,0.7499542710810316,0.0,0.0,0.0
9,0.09,0.8280015054572827,0.7868383404864091,0.8068952869979829,0.8305430788076766,0.7442371020856202,0.7850250868390583,0.8259574468085107,0.6716262975778546,0.7408396946564886,0.0,0.0,0.0
10,0.1,0.7743343518114361,0.7753496503496503,0.7748416684865691,0.8305430788076766,0.7445095168374817,0.7851766068326579,0.8153644696639022,0.6741248646697943,0.7380482022915844,0.0,0.0,0.0
