,filter_abundance,precision_by_num_reads,recall_by_num_reads,F1_by_num_reads,precision_by_nts,recall_by_nts,F1_by_nts,precision_by_mean_cov,recall_by_mean_cov,F1_by_mean_cov,precision_by_med_cov,recall_by_med_cov,F1_by_med_cov
0,0.0,0.826296098343132,0.7094997705369436,0.7634567901234568,0.9178367134685388,0.9476510067114094,0.932505613525294,0.9178367134685388,0.9476510067114094,0.932505613525294,0.020540821632865313,0.9875,0.040244523688232295
1,0.01,0.826296098343132,0.7094997705369436,0.7634567901234568,0.9561328790459966,0.6620465939250958,0.7823662658999826,0.942504258943782,0.6555094786729858,0.773235499650594,0.0,0.0,0.0
2,0.02,0.826296098343132,0.7094997705369436,0.7634567901234568,0.9540352752538749,0.5490618271301139,0.6969933619679813,0.9297560975609757,0.5963704630788486,0.7266488753335876,0.0,0.0,0.0
3,0.03,0.826296098343132,0.7094997705369436,0.7634567901234568,0.8220203099946553,0.7213883677298312,0.7684236822383212,0.906829268292683,0.6103086014445174,0.7295918367346939,0.0,0.0,0.0
4,0.04,0.826296098343132,0.7094997705369436,0.7634567901234568,0.8220203099946553,0.7213883677298312,0.7684236822383212,0.8984500267236771,0.5774647887323944,0.7030531158511083,0.0,0.0,0.0
5,0.05,0.826296098343132,0.7094997705369436,0.7634567901234568,0.8220203099946553,0.7213883677298312,0.7684236822383212,0.8808123997862106,0.5913168281306064,0.7075998282524688,0.0,0.0,0.0
6,0.06,0.826296098343132,0.7094997705369436,0.7634567901234568,0.8220203099946553,0.7213883677298312,0.7684236822383212,0.8669160876536611,0.6061285500747384,0.7134374312733671,0.0,0.0,0.0
7,0.07,0.826296098343132,0.7094997705369436,0.7634567901234568,0.8220203099946553,0.7213883677298312,0.7684236822383212,0.8658034137728076,0.5719284603421462,0.6888316553500351,0.0,0.0,0.0
8,0.08,0.826296098343132,0.7094997705369436,0.7634567901234568,0.8220203099946553,0.7213883677298312,0.7684236822383212,0.8569746909947028,0.5882828282828283,0.6976521322472449,0.0,0.0,0.0
9,0.09,0.826296098343132,0.7094997705369436,0.7634567901234568,0.8220203099946553,0.7213883677298312,0.7684236822383212,0.8422601530311948,0.6,0.7007835455435847,0.0,0.0,0.0
10,0.1,0.826296098343132,0.7094997705369436,0.7634567901234568,0.8220203099946553,0.7213883677298312,0.7684236822383212,0.832391713747646,0.5765217391304348,0.6812227074235808,0.0,0.0,0.0
