,filter_abundance,precision_by_num_reads,recall_by_num_reads,F1_by_num_reads,precision_by_nts,recall_by_nts,F1_by_nts,precision_by_mean_cov,recall_by_mean_cov,F1_by_mean_cov,precision_by_med_cov,recall_by_med_cov,F1_by_med_cov
0,0.0,0.9658411614005123,0.9552364864864865,0.9605095541401274,0.9472309868349472,0.9937221778335806,0.9699197860962567,0.9472309868349472,0.9936087651221183,0.9698657605971146,0.5782831030355783,0.9984970881082097,0.7323963070139177
1,0.01,0.9404682274247491,0.9007046764894299,0.9201570680628272,0.9367131106261541,0.9005810200129115,0.918291779807455,0.9372462787550744,0.8749407863571766,0.905022458146182,0.6761754869171749,0.874777297022143,0.7627607634265423
2,0.02,0.9244264507422402,0.8788489736070382,0.9010617307150242,0.9210526315789473,0.8830570902394107,0.9016547574276044,0.9122166730695351,0.8506179473401397,0.8803410881453331,0.6761754869171749,0.874777297022143,0.7627607634265423
3,0.03,0.908072696534235,0.8651097241795853,0.886070728941128,0.9054684188215345,0.8689991863303499,0.8868590408968237,0.890631623569309,0.8287968441814596,0.858602370249285,0.6489388264669164,0.820132533922373,0.7245609144131587
4,0.04,0.904199772985244,0.8707914298207259,0.8871812005791291,0.9001135073779796,0.8776007082779991,0.8887145578841198,0.8827696526508226,0.8256037614874974,0.8532302595251242,0.6489388264669164,0.820132533922373,0.7245609144131587
5,0.05,0.8937349397590362,0.8731167608286252,0.8833055489402238,0.8925199709513435,0.8801623299116734,0.8862980769230768,0.8768702477311748,0.8197661086906672,0.8473571936477837,0.6489388264669164,0.820132533922373,0.7245609144131587
6,0.06,0.8924426102656693,0.8721956138139653,0.8822029576746558,0.8884297520661157,0.8797953964194374,0.8840914931894115,0.8721902770517512,0.8156929846003422,0.8429960843753947,0.6440677966101694,0.796109240553685,0.7120629078132842
7,0.07,0.8858875413450937,0.8686486486486487,0.8771834061135373,0.8849752339020364,0.8762942779291553,0.8806133625410734,0.860529217199559,0.8096473029045643,0.834313201496526,0.6440677966101694,0.796109240553685,0.7120629078132842
8,0.08,0.8842013383764912,0.8670470756062767,0.8755401901469317,0.8816326530612245,0.8739884393063584,0.8777939042089985,0.8542274052478134,0.8036204059243006,0.828151498021481,0.6424005681818182,0.7691326530612245,0.7000773993808049
9,0.09,0.8845208845208845,0.8664259927797834,0.8753799392097265,0.8818630475015422,0.8732437385461209,0.8775322283609576,0.8501999384804676,0.7993059572006941,0.8239678044417946,0.6424005681818182,0.7691326530612245,0.7000773993808049
10,0.1,0.8858731196860693,0.8616412213740458,0.873589164785553,0.881201044386423,0.8695652173913043,0.8753444642567678,0.8478260869565217,0.7947080291970803,0.8204081632653062,0.6424005681818182,0.7691326530612245,0.7000773993808049
