,filter_abundance,precision_by_num_reads,recall_by_num_reads,F1_by_num_reads,precision_by_nts,recall_by_nts,F1_by_nts,precision_by_mean_cov,recall_by_mean_cov,F1_by_mean_cov,precision_by_med_cov,recall_by_med_cov,F1_by_med_cov
0,0.0,0.9542035398230089,0.9821245588067858,0.9679627447679965,0.9426392226517605,0.997346893654654,0.9692216791104904,0.9426392226517605,0.997346893654654,0.9692216791104904,0.8257235398599937,0.9998734817813765,0.9044921316165953
1,0.01,0.9450954134583194,0.9100580270793037,0.9272458531778618,0.9441930618401206,0.9147588894301023,0.9292429490351312,0.9360377040902205,0.8838207247298157,0.9091800866508624,0.8956127080181543,0.8972718086897945,0.8964414907041305
2,0.02,0.9294072511030117,0.8878504672897196,0.9081537019681348,0.9261461730289661,0.8937430581266198,0.9096561469618465,0.9164746543778802,0.8613968597726043,0.8880826123360313,0.8914531586152944,0.8591894439208294,0.8750239969283933
3,0.03,0.9218585005279831,0.8818181818181818,0.9013939081053175,0.9195353748680042,0.8905706688484353,0.9048212801330009,0.9072407883461868,0.8401110890696291,0.8723864455659697,0.8715226162667233,0.8594764397905759,0.8654576128215943
4,0.04,0.9221941703006656,0.881140350877193,0.9011999551418639,0.9184657785943959,0.8890618052467764,0.9035246272028918,0.8999768464922435,0.8342992058381627,0.8658944085542437,0.8672169811320755,0.8423825887743414,0.8546194073213248
5,0.05,0.9178589047853971,0.87738740863004,0.897166968053044,0.9141240157480315,0.889181426519866,0.9014802232467848,0.8967147834743654,0.8290381960423377,0.8615494978479197,0.8608805031446541,0.8342272062408581,0.8473443110065618
6,0.06,0.9167991520932698,0.8721956138139653,0.893941351246609,0.910987849973587,0.8827745072945994,0.8966593006629404,0.8917539618587161,0.813326800587947,0.8507367072389493,0.8625448523323213,0.8060355945318545,0.8333333333333333
7,0.07,0.9104895104895104,0.8721864951768489,0.890926508827152,0.907839280696825,0.8801416507763552,0.8937759336099584,0.8872716894977168,0.8066943435391801,0.8450665941832021,0.847069065583285,0.8149078726968174,0.8306772908366533
8,0.08,0.9148491186136839,0.8691456145330684,0.8914119359534206,0.9076785180758888,0.8772740398498412,0.8922173274596183,0.8844645550527903,0.803067652697891,0.8418030433534309,0.8466707391569945,0.8110005851375073,0.8284518828451882
9,0.09,0.9145191703331238,0.8728254349130175,0.8931860036832412,0.9082914572864321,0.882514494964907,0.8952174585977403,0.8802149178255373,0.8030565167243368,0.8398673100120627,0.8398474737845567,0.8137315270935961,0.8265832681782642
10,0.1,0.9102268990463663,0.8737373737373737,0.8916089547431147,0.9070227497527201,0.8848504342232228,0.895799413871703,0.8737223870755028,0.8025439127801333,0.8366219415943174,0.8376580172987359,0.8086062941554271,0.822875816993464
