,filter_abundance,precision_by_num_reads,recall_by_num_reads,F1_by_num_reads,precision_by_nts,recall_by_nts,F1_by_nts,precision_by_mean_cov,recall_by_mean_cov,F1_by_mean_cov,precision_by_med_cov,recall_by_med_cov,F1_by_med_cov
0,0.0,0.9485701859301946,0.9857627118644068,0.9668088879038068,0.943200663349917,0.9979164382059437,0.9697873927638939,0.943200663349917,0.9979164382059437,0.9697873927638939,0.8487769485903814,0.9995117783473697,0.9179978700745474
1,0.01,0.9281776913099871,0.9208621521634228,0.9245054501412999,0.9244487678339819,0.9253489126906849,0.9248986212489863,0.919260700389105,0.9014308426073132,0.9102584684540054,0.8764491553494534,0.9077186963979417,0.8918099089989889
2,0.02,0.9154825613581842,0.9101082370207302,0.91278748850046,0.9083041797090775,0.9147042462451326,0.9114929785661494,0.8980573543015726,0.8780752532561505,0.8879539010335682,0.8640955004591369,0.8887419720438232,0.8762454604711798
3,0.03,0.9056527043513624,0.9028988445165214,0.9042736777992082,0.8993302212299574,0.9094827586206896,0.9043779977548729,0.8828699918233851,0.8613881132828082,0.8719967696345649,0.849709784411277,0.8664130205030649,0.8579801151229723
4,0.04,0.9011111111111111,0.8943537715041906,0.8977197254815142,0.8977323254779902,0.9027498323272971,0.9002340876156504,0.882766439909297,0.8411840968020743,0.861473777384377,0.8509288627095605,0.8463271744028842,0.8486217803886128
5,0.05,0.9018714011516314,0.8930862437633642,0.8974573236242092,0.8992080633549316,0.9033269045323047,0.9012627781118461,0.8770949720670391,0.8370421882243857,0.856600640493417,0.8455918168533852,0.8406779661016949,0.8431277319086935
6,0.06,0.9034090909090909,0.8898499109641312,0.8965782391387928,0.9005681818181818,0.9003356571133488,0.9004519044544868,0.8781567300182245,0.8340751730959446,0.8555485098287888,0.8445839874411303,0.8369198859217009,0.8407344706341973
7,0.07,0.8977303800929723,0.8897018970189702,0.8936981080713216,0.8938853852481492,0.8970831040176115,0.8954813899189672,0.8692075678639978,0.8326766482794852,0.8505500402468473,0.8313486568817502,0.8272251308900523,0.829281767955801
8,0.08,0.8988112496375761,0.8913168487636572,0.895048361484048,0.8956698634117989,0.9003797838153667,0.898018648018648,0.8624600174469322,0.824805339265851,0.8432125088841508,0.8215852588476162,0.8252056404230317,0.8233914700278469
9,0.09,0.8977900552486188,0.8893280632411067,0.8935390255078661,0.8914847832769751,0.8964451313755796,0.8939580764488285,0.854389721627409,0.8195422535211268,0.836603264939344,0.8195605075827918,0.8188002473716759,0.8191802010827532
10,0.1,0.8887455659464689,0.8841835097850498,0.8864586683821166,0.8856682769726248,0.8975195822454308,0.8915545469281894,0.8457583547557841,0.8136012364760433,0.8293682054513943,0.8059798505037374,0.8109875735775016,0.808475957620212
