,filter_abundance,precision_by_num_reads,recall_by_num_reads,F1_by_num_reads,precision_by_nts,recall_by_nts,F1_by_nts,precision_by_mean_cov,recall_by_mean_cov,F1_by_mean_cov,precision_by_med_cov,recall_by_med_cov,F1_by_med_cov
0,0.0,0.9563841807909604,0.9775929775929776,0.9668722869545351,0.9421452702702703,0.9958709965405647,0.9682634405685455,0.9421452702702703,0.9958709965405647,0.9682634405685455,0.78515625,0.9998655552567894,0.8795978710821999
1,0.01,0.9443510423671823,0.9077246283128636,0.9256756756756757,0.9431741761936785,0.9126403123474865,0.9276560562215791,0.9349112426035503,0.8802929003502069,0.9067803558252029,0.8670063246661982,0.8898305084745762,0.8782701548318207
2,0.02,0.9314407106991116,0.8882136279926335,0.9093137254901961,0.9278587874136608,0.8957214298944249,0.9115069267741023,0.9154821359969266,0.8613771913970721,0.8876059223391378,0.8587967356234579,0.8784701999611726,0.8685220729366603
3,0.03,0.9239567888159288,0.882995951417004,0.9030121105475625,0.9213696892834495,0.8917757774140753,0.9063312194614825,0.9088368092883251,0.8395233366434955,0.8728061119141028,0.8480104370515329,0.8535784635587655,0.8507853403141361
4,0.04,0.9199907770348167,0.8753839403247038,0.8971332209106239,0.9153828466314096,0.885256837891928,0.9000678272665613,0.9003014143287735,0.834156820622986,0.8659678858162355,0.8383449603079144,0.8423978728547257,0.8403665300217025
5,0.05,0.9149567367119901,0.872877358490566,0.8934218467109234,0.9105067985166873,0.8817333014124971,0.8958890780831914,0.8933200398803589,0.8252360119732903,0.8579293836026333,0.8341797866937531,0.8297549886334933,0.8319615043687476
6,0.06,0.9116402116402117,0.8688855269793243,0.889749548153886,0.908706006880127,0.8791602662570405,0.8936890045543264,0.889577161325074,0.809757293454278,0.8477926078028749,0.8259823576583801,0.8196286472148541,0.8227932365863401
7,0.07,0.9100871031188537,0.8688304721030042,0.8889803760120764,0.9058195108237279,0.8779291553133515,0.8916562889165629,0.8879384088964928,0.8084112149532711,0.8463106400326131,0.8258214597266648,0.8093473924194927,0.8175014392630974
8,0.08,0.9129916567342073,0.8694665153234961,0.8906976744186046,0.905952380952381,0.8795145911586246,0.892537751062894,0.8812237552489502,0.8051520964647849,0.8414721466418444,0.8173860549351042,0.8093245666467423,0.8133353356359815
9,0.09,0.907165109034268,0.8726400958945161,0.8895677409500534,0.9032258064516129,0.8800732377174245,0.8914992272024729,0.8762594458438288,0.8027112777617537,0.8378744543128106,0.8236440402728159,0.8027856916745806,0.8130811157422251
10,0.1,0.9118329466357309,0.8678233438485804,0.889283982544044,0.9036939313984169,0.8813123190736571,0.8923628073603648,0.8697229551451188,0.7990909090909091,0.8329121920404297,0.8173854447439353,0.8065159574468085,0.8119143239625167
