,filter_abundance,precision_by_num_reads,recall_by_num_reads,F1_by_num_reads,precision_by_nts,recall_by_nts,F1_by_nts,precision_by_mean_cov,recall_by_mean_cov,F1_by_mean_cov,precision_by_med_cov,recall_by_med_cov,F1_by_med_cov
0,0.0,0.9625068719076416,0.9743989314336599,0.9684163947120971,0.9488554341101259,0.9970744392675263,0.9723675173033234,0.9488554341101259,0.9970744392675263,0.9723675173033234,0.8486285832130336,0.9990288905074047,0.9177074041034791
1,0.01,0.9458561700714168,0.9028218135700697,0.9238381052802336,0.9417233936576457,0.9073748200287954,0.9242300798435719,0.9425613624979129,0.8810675823318246,0.9107776702161989,0.9064257712629964,0.8900418410041842,0.898159094747509
2,0.02,0.9233665976275655,0.8867992766726944,0.904713587307444,0.9180636654737239,0.8910420475319927,0.9043510529733743,0.9107276819204801,0.8620628439552637,0.8857273141814865,0.8733371891266628,0.8620361560418649,0.8676498755027772
3,0.03,0.9050383578685466,0.8721278721278721,0.8882783882783882,0.9010761589403974,0.8806634304207119,0.8907528641571194,0.8867924528301887,0.8376419898159029,0.8615167690603284,0.8613410596026491,0.8507767784137367,0.8560263266145619
4,0.04,0.8959447415329769,0.8735607212687377,0.884611153888461,0.8927297056199821,0.8817180616740088,0.8871897163120566,0.8801346801346801,0.8333687566418704,0.856113537117904,0.8510015755120414,0.8415312708657913,0.8462399283795882
5,0.05,0.8927294398092968,0.877460168697282,0.8850289495450786,0.8893129770992366,0.8863528292914884,0.8878304358180519,0.8776412776412776,0.8144094847241222,0.8448438978240304,0.8450184501845018,0.8223605458463011,0.8335355496238778
6,0.06,0.8933264622519969,0.8700125470514429,0.8815153826595473,0.8921290322580645,0.8805399898115129,0.8862966286373543,0.8693728857663284,0.8117103984450923,0.8395527076265863,0.8310335850039052,0.8140780413159908,0.8224684359701108
7,0.07,0.8947945205479452,0.8727952966328166,0.8836580086580087,0.8912030693340641,0.8829758349171871,0.8870703764320786,0.8654954707658523,0.8132576734588599,0.8385638297872341,0.8292547274749722,0.8083491461100569,0.8186684969114619
8,0.08,0.894059116183787,0.8659297052154195,0.8797696184305254,0.888142523364486,0.8758640552995391,0.8819605568445474,0.8574326282237033,0.8075873362445415,0.8317638791286014,0.8248025738520035,0.8091822094691535,0.8169177288528389
9,0.09,0.8913177339901478,0.866507033822209,0.8787372894217634,0.8876196356900278,0.8751902587519026,0.881361128142244,0.8505013673655424,0.806163594470046,0.8277391690078367,0.8158614402917046,0.8101991550995775,0.8130204390613172
10,0.1,0.8944954128440367,0.8609271523178808,0.8773903262092239,0.8892880470280862,0.8741573033707866,0.8816577626679617,0.8510158013544018,0.799939375568354,0.8246874999999999,0.8140442132639792,0.7982148549569652,0.8060518268147433
