,filter_abundance,precision_by_num_reads,recall_by_num_reads,F1_by_num_reads,precision_by_nts,recall_by_nts,F1_by_nts,precision_by_mean_cov,recall_by_mean_cov,F1_by_mean_cov,precision_by_med_cov,recall_by_med_cov,F1_by_med_cov
0,0.0,0.9541413196069256,0.9736182404201982,0.9637813884785819,0.9417098445595855,0.9955494693598083,0.9678815110667333,0.9417098445595855,0.9954358740301232,0.9678278233858443,0.6913860103626943,1.0,0.8175378135171358
1,0.01,0.9450642325895876,0.9060119915734889,0.9251261686109045,0.9447560768315485,0.906392694063927,0.9251768622555139,0.9343227567383146,0.8753396196260188,0.9038699562670186,0.7900990099009901,0.910958904109589,0.8462354188759279
2,0.02,0.9310677737014867,0.8870493009565857,0.9085256712199717,0.9265243316022312,0.8940237564959168,0.9099839425710777,0.9151034616128408,0.8575570859006887,0.8853962017026851,0.7840642129992169,0.8752185314685315,0.8271375464684014
3,0.03,0.9196107467738523,0.8808510638297873,0.8998137031670462,0.9168425495989869,0.8901639344262295,0.9033063006862133,0.9069967707212055,0.8387417877762293,0.8715349606950765,0.7733723811669295,0.8439036381514258,0.8071000352650758
4,0.04,0.917242969110189,0.8745054945054945,0.8953645364536452,0.913093591516828,0.8827724537552931,0.8976770538243626,0.8973224679860302,0.8295307791648731,0.8620959624203111,0.7643360160965795,0.8332876336715108,0.7973238882329791
5,0.05,0.9145978152929494,0.8721590909090909,0.8928744546776538,0.9092931290163124,0.8826775431861804,0.8957876795714632,0.893760962164871,0.823217170551581,0.8570398846708314,0.7643360160965795,0.8332876336715108,0.7973238882329791
6,0.06,0.9075585988938636,0.8713021491782553,0.8890608875128999,0.9047242016363156,0.8796510136002053,0.8920114493884985,0.8882321332616873,0.8120854826823877,0.8484537405363789,0.7567794240984065,0.8141353383458647,0.7844103158504782
7,0.07,0.9105691056910569,0.8728836334318731,0.8913282107574095,0.9051772650534609,0.8784817039868924,0.891629711751663,0.8882554161915621,0.8108248763986469,0.847775812814583,0.7585261875761267,0.8038076798967408,0.7805107316308947
8,0.08,0.9107142857142857,0.8708025042686397,0.8903113180098924,0.9080563042827193,0.8778228141285466,0.8926836449286031,0.8824238769972867,0.8036792970895112,0.8412128179336111,0.7588371324743971,0.7942600276625172,0.7761446190234836
9,0.09,0.9059668853483287,0.8713942307692307,0.8883443100015316,0.8988693467336684,0.8754970939125115,0.887029288702929,0.8735849056603774,0.8028901734104046,0.8367469879518072,0.7588371324743971,0.7942600276625172,0.7761446190234836
10,0.1,0.9057350032959789,0.8698955365622032,0.887453576618763,0.9004599211563732,0.8836234687298518,0.8919622518711358,0.8701384311140409,0.8017005769814759,0.8345187292555714,0.7550585729499467,0.7808370044052864,0.7677314564158094
