,filter_abundance,precision_by_num_reads,recall_by_num_reads,F1_by_num_reads,precision_by_nts,recall_by_nts,F1_by_nts,precision_by_mean_cov,recall_by_mean_cov,F1_by_mean_cov,precision_by_med_cov,recall_by_med_cov,F1_by_med_cov
0,0.0,0.8554655870445345,0.7628158844765343,0.8064885496183205,0.918385451319583,0.9561302239667513,0.9368778280542986,0.918385451319583,0.9561302239667513,0.9368778280542986,0.020847194499889112,0.9791666666666666,0.04082519001085777
1,0.01,0.8554655870445345,0.7628158844765343,0.8064885496183205,0.9663967611336033,0.6070701932858596,0.7457044673539518,0.938753959873284,0.6861332647285825,0.7928061831153388,0.0,0.0,0.0
2,0.02,0.8554655870445345,0.7628158844765343,0.8064885496183205,0.8729508196721312,0.7058173784977909,0.7805374592833877,0.9275303643724696,0.6264697839759366,0.7478374408356454,0.0,0.0,0.0
3,0.03,0.8554655870445345,0.7628158844765343,0.8064885496183205,0.8729508196721312,0.7058173784977909,0.7805374592833877,0.9076923076923077,0.6476025418833045,0.7559002022926501,0.0,0.0,0.0
4,0.04,0.8554655870445345,0.7628158844765343,0.8064885496183205,0.8729508196721312,0.7058173784977909,0.7805374592833877,0.9025500910746812,0.6024316109422493,0.7225665329930733,0.0,0.0,0.0
5,0.05,0.8554655870445345,0.7628158844765343,0.8064885496183205,0.8729508196721312,0.7058173784977909,0.7805374592833877,0.8884335154826958,0.620942075111394,0.7309853877856874,0.0,0.0,0.0
6,0.06,0.8554655870445345,0.7628158844765343,0.8064885496183205,0.8729508196721312,0.7058173784977909,0.7805374592833877,0.8811881188118812,0.5927405927405928,0.7087397969341032,0.0,0.0,0.0
7,0.07,0.8554655870445345,0.7628158844765343,0.8064885496183205,0.8729508196721312,0.7058173784977909,0.7805374592833877,0.8648514851485148,0.6072297532151547,0.7134980600367572,0.0,0.0,0.0
8,0.08,0.8554655870445345,0.7628158844765343,0.8064885496183205,0.8729508196721312,0.7058173784977909,0.7805374592833877,0.850990099009901,0.6223750905141202,0.7189460476787954,0.0,0.0,0.0
9,0.09,0.7889701744513224,0.7120365667851701,0.7485317672183662,0.8717821782178218,0.6718809614650897,0.7588881706528765,0.8414893617021276,0.5965309200603318,0.6981465136804943,0.0,0.0,0.0
10,0.1,0.7889701744513224,0.7120365667851701,0.7485317672183662,0.8643617021276596,0.6494804156674661,0.741670470104975,0.8287234042553191,0.6112200863083562,0.7035448182433958,0.0,0.0,0.0
