,filter_abundance,precision_by_num_reads,recall_by_num_reads,F1_by_num_reads,precision_by_nts,recall_by_nts,F1_by_nts,precision_by_mean_cov,recall_by_mean_cov,F1_by_mean_cov,precision_by_med_cov,recall_by_med_cov,F1_by_med_cov
0,0.0,0.9521541698969985,0.9819531696173615,0.9668241115609535,0.9423519564762503,0.9953586031605702,0.9681302735529639,0.9423519564762503,0.9953586031605702,0.9681302735529639,0.8274743670223896,0.9997471874604981,0.9054897246551035
1,0.01,0.9501343183344526,0.9152514960375222,0.9323667517917456,0.9474920315383325,0.9201694362984686,0.933630878585007,0.943685719103018,0.8929483088704531,0.9176161980490204,0.9123250716573934,0.9036406145624583,0.9079620773554827
2,0.02,0.9339731285988484,0.895472948104527,0.9143179255918829,0.9290359602142311,0.9029559397657557,0.915810313943622,0.91771054153016,0.8612769035992042,0.888598619145363,0.8886492844540286,0.8667304015296368,0.8775529958377698
3,0.03,0.9248726655348047,0.883975659229209,0.9039618336444721,0.9210974053594215,0.8895050318340522,0.9050255981611117,0.9047213951509996,0.8462303560771832,0.8744989207523898,0.873374547004903,0.8522987310172665,0.8627079385133714
4,0.04,0.9195323246217332,0.8840643597090588,0.9014496010787729,0.9182548794489093,0.8932320750502568,0.905570652173913,0.8956884561891516,0.8320413436692506,0.8626925653047556,0.8730121053880845,0.8257745846430176,0.8487365870543442
5,0.05,0.9194747274529237,0.879800853485064,0.8992003876908167,0.9167492566897919,0.890279114533205,0.9033203125,0.8910417715148465,0.8170281495154592,0.8524313914299471,0.860010162601626,0.8224003887269193,0.8407848981619473
6,0.06,0.9197875166002656,0.8780425963488844,0.8984304060189389,0.9181333333333334,0.8864572605561277,0.9020172910662824,0.8902340597255851,0.813022113022113,0.8498780017978683,0.8543978349120434,0.8149199793495095,0.8341920993526225
7,0.07,0.9205354599829109,0.8713939067133999,0.8952908587257618,0.9163822525597269,0.8829816388051521,0.8993719469644104,0.8850375505488157,0.7979166666666667,0.8392221309230349,0.8485722526680127,0.8029475982532751,0.8251297153274435
8,0.08,0.9175007582650895,0.8637921187892633,0.8898367406971612,0.9137720901889091,0.8715489683231619,0.8921612375427637,0.8775137111517367,0.7922971114167813,0.8327309527251698,0.8443223443223443,0.7948275862068965,0.8188277087033747
9,0.09,0.9177906229929351,0.8621417797888387,0.8890962824700576,0.9104333868378812,0.8712749615975423,0.8904238618524333,0.8737988468930173,0.790953899681067,0.8303150205448183,0.8450889914304548,0.7798053527980535,0.8111357165453971
10,0.1,0.9112086428089129,0.857914812460267,0.8837590045841519,0.9091216216216216,0.8717201166180758,0.8900281131139409,0.8699324324324325,0.7850609756097561,0.825320512820513,0.8343642611683849,0.7842377260981912,0.8085248085248086
