,filter_abundance,precision_by_num_reads,recall_by_num_reads,F1_by_num_reads,precision_by_nts,recall_by_nts,F1_by_nts,precision_by_mean_cov,recall_by_mean_cov,F1_by_mean_cov,precision_by_med_cov,recall_by_med_cov,F1_by_med_cov
0,0.0,0.8225086762518592,0.7493224932249323,0.7842117702670764,0.9114583333333334,0.9464575446187128,0.9286282833642875,0.9114583333333334,0.9464575446187128,0.9286282833642875,0.016145833333333335,0.9538461538461539,0.031754161331626125
1,0.01,0.8225086762518592,0.7493224932249323,0.7842117702670764,0.9614204296361245,0.652484379648914,0.7773839064161644,0.9443226654975888,0.642026825633383,0.7643718949609651,0.0,0.0,0.0
2,0.02,0.8225086762518592,0.7493224932249323,0.7842117702670764,0.955379276152702,0.5977047146401985,0.7353558481205876,0.918456817185445,0.6592196349905601,0.7675398424619894,0.0,0.0,0.0
3,0.03,0.8225086762518592,0.7493224932249323,0.7842117702670764,0.8435911914172783,0.6910268270120259,0.7597254004576659,0.9077838373822509,0.6042904290429043,0.7255795522092332,0.0,0.0,0.0
4,0.04,0.8225086762518592,0.7493224932249323,0.7842117702670764,0.8435911914172783,0.6910268270120259,0.7597254004576659,0.8899355478433317,0.6200345423143351,0.7308631921824105,0.0,0.0,0.0
5,0.05,0.8225086762518592,0.7493224932249323,0.7842117702670764,0.8435911914172783,0.6910268270120259,0.7597254004576659,0.8887634105025409,0.5672072072072072,0.6924769027716674,0.0,0.0,0.0
6,0.06,0.8225086762518592,0.7493224932249323,0.7842117702670764,0.8435911914172783,0.6910268270120259,0.7597254004576659,0.8723884810841332,0.5793025871766029,0.6962595763857594,0.0,0.0,0.0
7,0.07,0.8225086762518592,0.7493224932249323,0.7842117702670764,0.8435911914172783,0.6910268270120259,0.7597254004576659,0.8594014680971203,0.593141075604053,0.7018676504496195,0.0,0.0,0.0
8,0.08,0.8225086762518592,0.7493224932249323,0.7842117702670764,0.8435911914172783,0.6910268270120259,0.7597254004576659,0.8549382716049383,0.5607287449392713,0.6772616136919315,0.0,0.0,0.0
9,0.09,0.8225086762518592,0.7493224932249323,0.7842117702670764,0.8435911914172783,0.6910268270120259,0.7597254004576659,0.841358024691358,0.5726890756302521,0.6815,0.0,0.0,0.0
10,0.1,0.8225086762518592,0.7493224932249323,0.7842117702670764,0.8435911914172783,0.6910268270120259,0.7597254004576659,0.8302469135802469,0.585546364823683,0.6867500638243553,0.0,0.0,0.0
