,filter_abundance,precision_by_num_reads,recall_by_num_reads,F1_by_num_reads,precision_by_nts,recall_by_nts,F1_by_nts,precision_by_mean_cov,recall_by_mean_cov,F1_by_mean_cov,precision_by_med_cov,recall_by_med_cov,F1_by_med_cov
0,0.0,0.8791044776119403,0.8189655172413793,0.8479700547077456,0.9277725118483412,0.9643349753694581,0.9457004830917874,0.9277725118483412,0.9643349753694581,0.9457004830917874,0.026729857819905212,1.0,0.05206794682422452
1,0.01,0.8791044776119403,0.8189655172413793,0.8479700547077456,0.8939344794031787,0.7802944507361268,0.8332577475434619,0.9438805970149253,0.7054886211512718,0.8074565883554647,0.0,0.0,0.0
2,0.02,0.8791044776119403,0.8189655172413793,0.8479700547077456,0.8939344794031787,0.7802944507361268,0.8332577475434619,0.9286409341550438,0.6885521885521886,0.7907747548681122,0.0,0.0,0.0
3,0.03,0.8791044776119403,0.8189655172413793,0.8479700547077456,0.8939344794031787,0.7802944507361268,0.8332577475434619,0.9085306519623743,0.7193117616846431,0.8029238927905976,0.0,0.0,0.0
4,0.04,0.8791044776119403,0.8189655172413793,0.8479700547077456,0.8939344794031787,0.7802944507361268,0.8332577475434619,0.8981641842743332,0.7065395095367848,0.7909104773524477,0.0,0.0,0.0
5,0.05,0.828251640293323,0.7724982001439885,0.7994039858446639,0.8964322826463457,0.7479768786127168,0.8155033874271309,0.8851674641148325,0.6918872266973533,0.7766833521718068,0.0,0.0,0.0
6,0.06,0.828251640293323,0.7724982001439885,0.7994039858446639,0.8900038595137013,0.7064950980392157,0.7877028181041845,0.8699343882670784,0.6824099303663337,0.7648456057007126,0.0,0.0,0.0
7,0.07,0.828251640293323,0.7724982001439885,0.7994039858446639,0.823268921095008,0.7596582466567607,0.7901854714064915,0.856682769726248,0.6761995551318716,0.7558160184691883,0.0,0.0,0.0
8,0.08,0.828251640293323,0.7724982001439885,0.7994039858446639,0.823268921095008,0.7596582466567607,0.7901854714064915,0.8409822866344605,0.694712337878284,0.7608814423602258,0.0,0.0,0.0
9,0.09,0.828251640293323,0.7724982001439885,0.7994039858446639,0.823268921095008,0.7596582466567607,0.7901854714064915,0.8283550694152293,0.6841556636553162,0.7493815413891532,0.0,0.0,0.0
10,0.1,0.7635379061371841,0.7567084078711985,0.7601078167115903,0.823268921095008,0.7596582466567607,0.7901854714064915,0.8154114061819765,0.6791153009427121,0.7410484668644906,0.0,0.0,0.0
