,filter_abundance,precision_by_num_reads,recall_by_num_reads,F1_by_num_reads,precision_by_nts,recall_by_nts,F1_by_nts,precision_by_mean_cov,recall_by_mean_cov,F1_by_mean_cov,precision_by_med_cov,recall_by_med_cov,F1_by_med_cov
0,0.0,0.9498035792230467,0.9850611136260752,0.9671111111111111,0.9406999688441168,0.9973574102620568,0.9682005237560792,0.9408038217883476,0.9974675181678044,0.9683074127518572,0.8491016720324022,0.9992666829626008,0.9180843299084837
1,0.01,0.9435037720033529,0.908327953518399,0.9255817778143245,0.9412159892509238,0.911219512195122,0.9259748843357567,0.9326842370320632,0.8828857460670586,0.9071020408163266,0.9156812339331619,0.8796509713533092,0.8973045595767906
2,0.02,0.9330503569361374,0.8881542699724518,0.9100489273616862,0.9282268956202971,0.8925788497217069,0.9100539109051358,0.9165542493736751,0.8594145283700759,0.8870651869812551,0.8911668902088523,0.8735912847483095,0.882291567864934
3,0.03,0.924508126603935,0.8747470659651962,0.8989394884591391,0.9212716023042458,0.8844735764031135,0.902497648657122,0.9110004330879169,0.8357171235597934,0.8717364276833816,0.8867349161402744,0.839208410636982,0.8623173056555814
4,0.04,0.9203066914498141,0.8709322779243623,0.8949389968368731,0.9158358451194064,0.8799287146357764,0.8975232901613269,0.8999293619025194,0.8212290502793296,0.8587799123693967,0.8762376237623762,0.8296875,0.8523274478330658
5,0.05,0.9201807228915663,0.8670766319772942,0.8928397467121285,0.9176058101677936,0.8788678340129528,0.8978191619701053,0.8967350037965072,0.8157955330416763,0.8543525440077163,0.8736361329611774,0.822700119474313,0.8474033965050455
6,0.06,0.9186295503211992,0.8673237300985596,0.8922396984271417,0.9157754010695187,0.8791067761806981,0.8970665269774751,0.8948515390901661,0.8051470588235294,0.8476325635401885,0.8679142934635204,0.8150789607743251,0.8406672796532249
7,0.07,0.918093607305936,0.8647849462365591,0.890642303433001,0.9155695477962221,0.8738049713193117,0.8941998602375961,0.8910089621277826,0.8005194805194805,0.8433438226843618,0.8635838150289017,0.8073493650364766,0.8345203183912862
8,0.08,0.9118181818181819,0.8572649572649572,0.8837004405286343,0.9063161075853732,0.8687717265353418,0.8871468717645319,0.8817794028031688,0.7939643347050754,0.8355709542370435,0.8608343711083437,0.7911301859799714,0.8245117041896525
9,0.09,0.9100765306122449,0.8591210114388922,0.8838649736760608,0.9069097888675623,0.8685661764705882,0.8873239436619719,0.87504005126562,0.7895345475570974,0.8300911854103343,0.8476159793814433,0.7934258142340169,0.8196261682242991
10,0.1,0.9072825354012137,0.8532022828154724,0.8794117647058822,0.9035087719298246,0.8649870801033591,0.8838283828382838,0.8670462156731413,0.7866909753874203,0.8249163613191015,0.8445193929173693,0.7951730708161321,0.8191036964344127
