,filter_abundance,precision_by_num_reads,recall_by_num_reads,F1_by_num_reads,precision_by_nts,recall_by_nts,F1_by_nts,precision_by_mean_cov,recall_by_mean_cov,F1_by_mean_cov,precision_by_med_cov,recall_by_med_cov,F1_by_med_cov
0,0.0,0.8702263083451203,0.7647607209446862,0.8140919616275224,0.9252431118314425,0.963705423085039,0.9440826873385011,0.9252431118314425,0.963705423085039,0.9440826873385011,0.024513776337115073,1.0,0.047854459165513154
1,0.01,0.8702263083451203,0.7647607209446862,0.8140919616275224,0.9678217821782178,0.638590760615959,0.7694686533595727,0.9401431359791802,0.6841856060606061,0.7919978076185256,0.0,0.0,0.0
2,0.02,0.8702263083451203,0.7647607209446862,0.8140919616275224,0.8677510608203678,0.7736443883984867,0.818,0.9225601131541725,0.6613434727503169,0.7704119297209508,0.0,0.0,0.0
3,0.03,0.8702263083451203,0.7647607209446862,0.8140919616275224,0.8677510608203678,0.7736443883984867,0.818,0.900990099009901,0.6864224137931034,0.7792048929663608,0.0,0.0,0.0
4,0.04,0.8702263083451203,0.7647607209446862,0.8140919616275224,0.8677510608203678,0.7736443883984867,0.818,0.8913207547169811,0.672168468981218,0.7663854639844258,0.0,0.0,0.0
5,0.05,0.8702263083451203,0.7647607209446862,0.8140919616275224,0.8677510608203678,0.7736443883984867,0.818,0.8778262594208648,0.6631705124363201,0.7555479685899625,0.0,0.0,0.0
6,0.06,0.8702263083451203,0.7647607209446862,0.8140919616275224,0.8677510608203678,0.7736443883984867,0.818,0.8611662038873463,0.6829191569675999,0.7617543859649124,0.0,0.0,0.0
7,0.07,0.7905553126366419,0.7449526163988464,0.7670767925328807,0.8671162237207457,0.7257636122177955,0.7901680824146032,0.8436848686952897,0.6677664137248432,0.7454880294659301,0.0,0.0,0.0
8,0.08,0.7905553126366419,0.7449526163988464,0.7670767925328807,0.8557061652820288,0.6818815331010453,0.7589683924762458,0.834717971141233,0.6578221915920055,0.7357872422432069,0.0,0.0,0.0
9,0.09,0.7905553126366419,0.7449526163988464,0.7670767925328807,0.7875056999544003,0.7399314481576692,0.7629776894190413,0.8217054263565892,0.6484346887369558,0.7248592115848753,0.0,0.0,0.0
10,0.1,0.7905553126366419,0.7449526163988464,0.7670767925328807,0.7875056999544003,0.7399314481576692,0.7629776894190413,0.8052895576835385,0.6616710378418883,0.7264500205676676,0.0,0.0,0.0
