,filter_abundance,precision_by_num_reads,recall_by_num_reads,F1_by_num_reads,precision_by_nts,recall_by_nts,F1_by_nts,precision_by_mean_cov,recall_by_mean_cov,F1_by_mean_cov,precision_by_med_cov,recall_by_med_cov,F1_by_med_cov
0,0.0,0.871304347826087,0.8021133525456292,0.8352784261420474,0.9239850869925434,0.9583243823845328,0.9408415058525784,0.9239850869925434,0.9583243823845328,0.9408415058525784,0.021955260977630488,0.9814814814814815,0.04294975688816856
1,0.01,0.871304347826087,0.8021133525456292,0.8352784261420474,0.9558260869565217,0.6563171721996657,0.7782497875955819,0.9403125,0.7292777508482792,0.8214578214578214,0.0,0.0,0.0
2,0.02,0.871304347826087,0.8021133525456292,0.8352784261420474,0.88004569687738,0.7535050537985002,0.8118742315123836,0.9227826086956522,0.6898075923036922,0.7894658532956405,0.0,0.0,0.0
3,0.03,0.871304347826087,0.8021133525456292,0.8352784261420474,0.88004569687738,0.7535050537985002,0.8118742315123836,0.9108910891089109,0.6620536949903127,0.7667895496073089,0.0,0.0,0.0
4,0.04,0.871304347826087,0.8021133525456292,0.8352784261420474,0.88004569687738,0.7535050537985002,0.8118742315123836,0.9068809229501442,0.6446983011130638,0.7536380756719738,0.0,0.0,0.0
5,0.05,0.871304347826087,0.8021133525456292,0.8352784261420474,0.88004569687738,0.7535050537985002,0.8118742315123836,0.8879274824886692,0.6651234567901234,0.760543497441327,0.0,0.0,0.0
6,0.06,0.871304347826087,0.8021133525456292,0.8352784261420474,0.88004569687738,0.7535050537985002,0.8118742315123836,0.8765808983863934,0.6519623743107363,0.7477678571428571,0.0,0.0,0.0
7,0.07,0.8229842446709916,0.752542372881356,0.7861885790172642,0.8922808547754034,0.7018867924528301,0.7857142857142857,0.8670064874884152,0.6357458375806999,0.733581650656734,0.0,0.0,0.0
8,0.08,0.8229842446709916,0.752542372881356,0.7861885790172642,0.8822984244670992,0.6866209880995312,0.7722571486513892,0.8531047265987025,0.6539964476021315,0.7403981500100543,0.0,0.0,0.0
9,0.09,0.8229842446709916,0.752542372881356,0.7861885790172642,0.8235294117647058,0.7481384143670609,0.7840257057608445,0.8442622950819673,0.6492398961809418,0.7340180255711591,0.0,0.0,0.0
10,0.1,0.8229842446709916,0.752542372881356,0.7861885790172642,0.8235294117647058,0.7481384143670609,0.7840257057608445,0.8368368368368369,0.6460587326120556,0.729175752289577,0.0,0.0,0.0
