,filter_abundance,precision_by_num_reads,recall_by_num_reads,F1_by_num_reads,precision_by_nts,recall_by_nts,F1_by_nts,precision_by_mean_cov,recall_by_mean_cov,F1_by_mean_cov,precision_by_med_cov,recall_by_med_cov,F1_by_med_cov
0,0.0,0.08933002481389578,0.013498312710911136,0.023452768729641693,0.13399503722084366,0.01291248206599713,0.023555070883315158,0.13399503722084366,0.01291248206599713,0.023555070883315158,0.004962779156327543,0.022988505747126436,0.00816326530612245
1,0.01,0.08933002481389578,0.013498312710911136,0.023452768729641693,0.12655086848635236,0.013474240422721268,0.02435530085959885,0.11910669975186104,0.012823938017632914,0.023154848046309694,0.0,0.0,0.0
2,0.02,0.08933002481389578,0.013498312710911136,0.023452768729641693,0.08933002481389578,0.013750954927425516,0.023833167825223437,0.10918114143920596,0.012521343198634035,0.022466173091651775,0.0,0.0,0.0
3,0.03,0.08933002481389578,0.013498312710911136,0.023452768729641693,0.08933002481389578,0.013750954927425516,0.023833167825223437,0.10173697270471464,0.01235684147076552,0.02203708680462241,0.0,0.0,0.0
4,0.04,0.08933002481389578,0.013498312710911136,0.023452768729641693,0.08933002481389578,0.013750954927425516,0.023833167825223437,0.09925558312655088,0.012694382735639479,0.022509848058525603,0.0,0.0,0.0
5,0.05,0.08933002481389578,0.013498312710911136,0.023452768729641693,0.08933002481389578,0.013750954927425516,0.023833167825223437,0.09181141439205956,0.012325116588940706,0.02173274596182085,0.0,0.0,0.0
6,0.06,0.08933002481389578,0.013498312710911136,0.023452768729641693,0.08933002481389578,0.013750954927425516,0.023833167825223437,0.08933002481389578,0.012552301255230125,0.022011617242433505,0.0,0.0,0.0
7,0.07,0.08933002481389578,0.013498312710911136,0.023452768729641693,0.08933002481389578,0.013750954927425516,0.023833167825223437,0.08933002481389578,0.013143483023001095,0.022915340547422027,0.0,0.0,0.0
8,0.08,0.08933002481389578,0.013498312710911136,0.023452768729641693,0.08933002481389578,0.013750954927425516,0.023833167825223437,0.07692307692307693,0.011796042617960426,0.020455295282085117,0.0,0.0,0.0
9,0.09,0.07444168734491315,0.015535991714137753,0.02570694087403599,0.08436724565756824,0.013616339607529036,0.02344827586206897,0.07692307692307693,0.012286959968291716,0.02118933697881066,0.0,0.0,0.0
10,0.1,0.07444168734491315,0.015535991714137753,0.02570694087403599,0.07692307692307693,0.012992455993294216,0.022230190032269632,0.07692307692307693,0.012783505154639175,0.021923620933521924,0.0,0.0,0.0
