,filter_abundance,precision_by_num_reads,recall_by_num_reads,F1_by_num_reads,precision_by_nts,recall_by_nts,F1_by_nts,precision_by_mean_cov,recall_by_mean_cov,F1_by_mean_cov,precision_by_med_cov,recall_by_med_cov,F1_by_med_cov
0,0.0,0.12453531598513011,0.018846694796061884,0.032738822379672614,0.17100371747211895,0.01803567927857283,0.03262989891824792,0.17100371747211895,0.01803567927857283,0.03262989891824792,0.0,0.0,0.0
1,0.01,0.12453531598513011,0.018846694796061884,0.032738822379672614,0.12267657992565056,0.018819503849443968,0.03263288009888751,0.1524163568773234,0.018238434163701068,0.03257846642828764,0.0,0.0,0.0
2,0.02,0.12453531598513011,0.018846694796061884,0.032738822379672614,0.12267657992565056,0.018819503849443968,0.03263288009888751,0.137546468401487,0.017767106842737093,0.03146927493089517,0.0,0.0,0.0
3,0.03,0.12453531598513011,0.018846694796061884,0.032738822379672614,0.12267657992565056,0.018819503849443968,0.03263288009888751,0.13197026022304834,0.018214468958440224,0.032010820559062216,0.0,0.0,0.0
4,0.04,0.12453531598513011,0.018846694796061884,0.032738822379672614,0.12267657992565056,0.018819503849443968,0.03263288009888751,0.120817843866171,0.01769670569017152,0.030871526953217758,0.0,0.0,0.0
5,0.05,0.10594795539033457,0.020637219406227373,0.034545454545454546,0.120817843866171,0.018619306788885705,0.032266070985356166,0.11338289962825279,0.017553956834532373,0.03040119611263394,0.0,0.0,0.0
6,0.06,0.10594795539033457,0.020637219406227373,0.034545454545454546,0.120817843866171,0.01982916412446614,0.03406708595387841,0.10966542750929369,0.017873371705543775,0.030737171138317268,0.0,0.0,0.0
7,0.07,0.10594795539033457,0.020637219406227373,0.034545454545454546,0.11895910780669144,0.02050624799743672,0.034982235583492755,0.10780669144981413,0.018441971383147855,0.03149606299212599,0.0,0.0,0.0
8,0.08,0.10594795539033457,0.020637219406227373,0.034545454545454546,0.10408921933085502,0.02098164106406894,0.034923604614904895,0.10223048327137546,0.018308921438082555,0.03105590062111801,0.0,0.0,0.0
9,0.09,0.10594795539033457,0.020637219406227373,0.034545454545454546,0.10408921933085502,0.02098164106406894,0.034923604614904895,0.09665427509293681,0.01808066759388039,0.030462800234329235,0.0,0.0,0.0
10,0.1,0.09293680297397769,0.022401433691756272,0.036101083032490974,0.10408921933085502,0.02098164106406894,0.034923604614904895,0.09479553903345725,0.018505079825834544,0.030965391621129323,0.0,0.0,0.0
