,filter_abundance,precision_by_num_reads,recall_by_num_reads,F1_by_num_reads,precision_by_nts,recall_by_nts,F1_by_nts,precision_by_mean_cov,recall_by_mean_cov,F1_by_mean_cov,precision_by_med_cov,recall_by_med_cov,F1_by_med_cov
0,0.0,0.11358574610244988,0.01567301782421635,0.02754523359438293,0.155902004454343,0.014607679465776294,0.026712459454302617,0.155902004454343,0.014607679465776294,0.026712459454302617,0.0022271714922048997,0.00847457627118644,0.003527336860670194
1,0.01,0.11358574610244988,0.01567301782421635,0.02754523359438293,0.1492204899777283,0.015477015477015478,0.028045207199665134,0.12694877505567928,0.013352073085031623,0.024162780839338704,0.0,0.0,0.0
2,0.02,0.11358574610244988,0.01567301782421635,0.02754523359438293,0.11358574610244988,0.01594746716697936,0.027968193035371538,0.12249443207126949,0.013781007266349286,0.02477477477477478,0.0,0.0,0.0
3,0.03,0.11358574610244988,0.01567301782421635,0.02754523359438293,0.11358574610244988,0.01594746716697936,0.027968193035371538,0.11804008908685969,0.014091996809359212,0.02517814726840855,0.0,0.0,0.0
4,0.04,0.11358574610244988,0.01567301782421635,0.02754523359438293,0.11358574610244988,0.01594746716697936,0.027968193035371538,0.11581291759465479,0.014594442885209093,0.025922233300099698,0.0,0.0,0.0
5,0.05,0.11358574610244988,0.01567301782421635,0.02754523359438293,0.11358574610244988,0.01594746716697936,0.027968193035371538,0.1091314031180401,0.014462809917355372,0.025540787073234296,0.0,0.0,0.0
6,0.06,0.11358574610244988,0.01567301782421635,0.02754523359438293,0.11358574610244988,0.01594746716697936,0.027968193035371538,0.10244988864142539,0.01424589656240322,0.02501359434475258,0.0,0.0,0.0
7,0.07,0.0801781737193764,0.014943960149439602,0.025192442267319804,0.10467706013363029,0.015445284258954979,0.026918671248568157,0.0957683741648107,0.013951979234263466,0.024355706598697253,0.0,0.0,0.0
8,0.08,0.0801781737193764,0.014943960149439602,0.025192442267319804,0.10244988864142539,0.015883977900552487,0.027503736920777285,0.09131403118040089,0.013907734056987787,0.024138946128937296,0.0,0.0,0.0
9,0.09,0.0801781737193764,0.014943960149439602,0.025192442267319804,0.09799554565701558,0.015855855855855857,0.02729528535980149,0.08685968819599109,0.013805309734513275,0.023824068417837508,0.0,0.0,0.0
10,0.1,0.0801781737193764,0.014943960149439602,0.025192442267319804,0.0801781737193764,0.015470562956596476,0.025936599423631124,0.08463251670378619,0.014011799410029498,0.024043024359379946,0.0,0.0,0.0
