,filter_abundance,precision_by_num_reads,recall_by_num_reads,F1_by_num_reads,precision_by_nts,recall_by_nts,F1_by_nts,precision_by_mean_cov,recall_by_mean_cov,F1_by_mean_cov,precision_by_med_cov,recall_by_med_cov,F1_by_med_cov
0,0.0,0.13518886679920478,0.018836565096952907,0.03306588864575735,0.17693836978131214,0.017423649177760375,0.03172340046337551,0.17693836978131214,0.017423649177760375,0.03172340046337551,0.003976143141153081,0.013793103448275862,0.006172839506172839
1,0.01,0.13518886679920478,0.018836565096952907,0.03306588864575735,0.13320079522862824,0.018772765480526758,0.03290766208251473,0.15308151093439365,0.01706182140483049,0.030701754385964914,0.0,0.0,0.0
2,0.02,0.13518886679920478,0.018836565096952907,0.03306588864575735,0.13320079522862824,0.018772765480526758,0.03290766208251473,0.14314115308151093,0.017163289630512515,0.03065134099616858,0.0,0.0,0.0
3,0.03,0.13518886679920478,0.018836565096952907,0.03306588864575735,0.13320079522862824,0.018772765480526758,0.03290766208251473,0.13518886679920478,0.017263264788017263,0.030616839261593875,0.0,0.0,0.0
4,0.04,0.13518886679920478,0.018836565096952907,0.03306588864575735,0.13320079522862824,0.018772765480526758,0.03290766208251473,0.12326043737574553,0.016671148158107017,0.02936996684036002,0.0,0.0,0.0
5,0.05,0.09741550695825049,0.01769591910436981,0.02995110024449878,0.12922465208747516,0.018529076396807297,0.03241087010720519,0.11332007952286283,0.0161793925631564,0.02831594634873323,0.0,0.0,0.0
6,0.06,0.09741550695825049,0.01769591910436981,0.02995110024449878,0.12127236580516898,0.018456883509833585,0.032037815126050424,0.1073558648111332,0.016124216183935502,0.028037383177570097,0.0,0.0,0.0
7,0.07,0.09741550695825049,0.01769591910436981,0.02995110024449878,0.11530815109343936,0.01845370664969774,0.03181568842567197,0.10139165009940358,0.01598245064243184,0.0276123443421765,0.0,0.0,0.0
8,0.08,0.09741550695825049,0.01769591910436981,0.02995110024449878,0.09741550695825049,0.018338323353293412,0.030866141732283463,0.09741550695825049,0.016076115485564306,0.027597859757814702,0.0,0.0,0.0
9,0.09,0.09741550695825049,0.01769591910436981,0.02995110024449878,0.09741550695825049,0.018338323353293412,0.030866141732283463,0.09343936381709742,0.016117969821673524,0.027493419128400115,0.0,0.0,0.0
10,0.1,0.09741550695825049,0.01769591910436981,0.02995110024449878,0.09741550695825049,0.018338323353293412,0.030866141732283463,0.0874751491053678,0.015759312320916905,0.026707132018209408,0.0,0.0,0.0
