,filter_abundance,precision_by_num_reads,recall_by_num_reads,F1_by_num_reads,precision_by_nts,recall_by_nts,F1_by_nts,precision_by_mean_cov,recall_by_mean_cov,F1_by_mean_cov,precision_by_med_cov,recall_by_med_cov,F1_by_med_cov
0,0.0,0.11576354679802955,0.01690039554117224,0.029494822717288986,0.1477832512315271,0.01389210465385506,0.025396825396825397,0.1477832512315271,0.01389210465385506,0.025396825396825397,0.0,0.0,0.0
1,0.01,0.11576354679802955,0.01690039554117224,0.029494822717288986,0.13793103448275862,0.014293006636038795,0.025901942645698426,0.13793103448275862,0.014425553838227717,0.026119402985074626,0.0,0.0,0.0
2,0.02,0.11576354679802955,0.01690039554117224,0.029494822717288986,0.11576354679802955,0.017203513909224012,0.029955385595920966,0.1354679802955665,0.015089163237311385,0.02715378918785485,0.0,0.0,0.0
3,0.03,0.11576354679802955,0.01690039554117224,0.029494822717288986,0.11576354679802955,0.017203513909224012,0.029955385595920966,0.12561576354679804,0.014782608695652174,0.02645228215767635,0.0,0.0,0.0
4,0.04,0.11576354679802955,0.01690039554117224,0.029494822717288986,0.11576354679802955,0.017203513909224012,0.029955385595920966,0.1206896551724138,0.014952700640830027,0.026608742872658162,0.0,0.0,0.0
5,0.05,0.11576354679802955,0.01690039554117224,0.029494822717288986,0.11576354679802955,0.017203513909224012,0.029955385595920966,0.1206896551724138,0.015710163513946777,0.027801418439716306,0.0,0.0,0.0
6,0.06,0.11576354679802955,0.01690039554117224,0.029494822717288986,0.11576354679802955,0.017203513909224012,0.029955385595920966,0.11576354679802955,0.015750670241286863,0.027728613569321534,0.0,0.0,0.0
7,0.07,0.11576354679802955,0.01690039554117224,0.029494822717288986,0.11576354679802955,0.017203513909224012,0.029955385595920966,0.11083743842364532,0.01575078753937697,0.027581979773214835,0.0,0.0,0.0
8,0.08,0.11576354679802955,0.01690039554117224,0.029494822717288986,0.11576354679802955,0.017203513909224012,0.029955385595920966,0.10591133004926108,0.015693430656934307,0.02733630006357279,0.0,0.0,0.0
9,0.09,0.08866995073891626,0.017769002961500493,0.029605263157894735,0.10837438423645321,0.016845329249617153,0.029158383035122595,0.10591133004926108,0.01633738601823708,0.02830809743252139,0.0,0.0,0.0
10,0.1,0.08866995073891626,0.017769002961500493,0.029605263157894735,0.10591133004926108,0.01720688275310124,0.029604130808950087,0.10098522167487685,0.016211941478845394,0.027938671209540036,0.0,0.0,0.0
