,filter_abundance,precision_by_num_reads,recall_by_num_reads,F1_by_num_reads,precision_by_nts,recall_by_nts,F1_by_nts,precision_by_mean_cov,recall_by_mean_cov,F1_by_mean_cov,precision_by_med_cov,recall_by_med_cov,F1_by_med_cov
0,0.0,0.10602910602910603,0.015848353014294592,0.027575020275750203,0.15176715176715178,0.015404093690652036,0.027969348659003832,0.15176715176715178,0.015404093690652036,0.027969348659003832,0.0,0.0,0.0
1,0.01,0.10602910602910603,0.015848353014294592,0.027575020275750203,0.14345114345114346,0.016098926738217452,0.0289490245437382,0.14345114345114346,0.016335227272727272,0.02933049946865037,0.0,0.0,0.0
2,0.02,0.10602910602910603,0.015848353014294592,0.027575020275750203,0.10602910602910603,0.016078184110970995,0.027922255680262794,0.12681912681912683,0.015462610899873257,0.027564392227745142,0.0,0.0,0.0
3,0.03,0.10602910602910603,0.015848353014294592,0.027575020275750203,0.10602910602910603,0.016078184110970995,0.027922255680262794,0.11434511434511435,0.014816810344827586,0.026234199856904367,0.0,0.0,0.0
4,0.04,0.10602910602910603,0.015848353014294592,0.027575020275750203,0.10602910602910603,0.016078184110970995,0.027922255680262794,0.10602910602910603,0.014513375071143995,0.025531914893617016,0.0,0.0,0.0
5,0.05,0.10602910602910603,0.015848353014294592,0.027575020275750203,0.10602910602910603,0.016078184110970995,0.027922255680262794,0.0997920997920998,0.01438417740485466,0.025144054478784705,0.0,0.0,0.0
6,0.06,0.10602910602910603,0.015848353014294592,0.027575020275750203,0.10602910602910603,0.016078184110970995,0.027922255680262794,0.09563409563409564,0.014469959106637308,0.025136612021857924,0.0,0.0,0.0
7,0.07,0.09147609147609148,0.018129377832715288,0.03026134800550206,0.10395010395010396,0.016600265604249667,0.0286286859433152,0.09563409563409564,0.015176509402837348,0.02619589977220957,0.0,0.0,0.0
8,0.08,0.09147609147609148,0.018129377832715288,0.03026134800550206,0.0997920997920998,0.016724738675958188,0.02864816472694718,0.09563409563409564,0.015851137146795313,0.02719479751699675,0.0,0.0,0.0
9,0.09,0.09147609147609148,0.018129377832715288,0.03026134800550206,0.09147609147609148,0.018851756640959727,0.03126110124333926,0.0893970893970894,0.015473191795609931,0.02638036809815951,0.0,0.0,0.0
10,0.1,0.09147609147609148,0.018129377832715288,0.03026134800550206,0.09147609147609148,0.018851756640959727,0.03126110124333926,0.08731808731808732,0.015736230798051705,0.02666666666666667,0.0,0.0,0.0
