,filter_abundance,precision_by_num_reads,recall_by_num_reads,F1_by_num_reads,precision_by_nts,recall_by_nts,F1_by_nts,precision_by_mean_cov,recall_by_mean_cov,F1_by_mean_cov,precision_by_med_cov,recall_by_med_cov,F1_by_med_cov
0,0.0,0.08383233532934131,0.012505582849486378,0.02176447726389429,0.12574850299401197,0.011348284247500676,0.020817843866171006,0.12574850299401197,0.011348284247500676,0.020817843866171006,0.0,0.0,0.0
1,0.01,0.08383233532934131,0.012505582849486378,0.02176447726389429,0.11976047904191617,0.01182382500738989,0.021522733387140166,0.11377245508982035,0.01132300357568534,0.02059620596205962,0.0,0.0,0.0
2,0.02,0.08383233532934131,0.012505582849486378,0.02176447726389429,0.11676646706586827,0.011981566820276499,0.021733073279465033,0.10479041916167664,0.0110062893081761,0.0199203187250996,0.0,0.0,0.0
3,0.03,0.08383233532934131,0.012505582849486378,0.02176447726389429,0.08383233532934131,0.012744651797906235,0.022125642038719872,0.10479041916167664,0.01154353562005277,0.020796197266785502,0.0,0.0,0.0
4,0.04,0.08383233532934131,0.012505582849486378,0.02176447726389429,0.08383233532934131,0.012744651797906235,0.022125642038719872,0.09880239520958084,0.011371467953135768,0.020395550061804695,0.0,0.0,0.0
5,0.05,0.08383233532934131,0.012505582849486378,0.02176447726389429,0.08383233532934131,0.012744651797906235,0.022125642038719872,0.08982035928143713,0.010783608914450037,0.01925545571245186,0.0,0.0,0.0
6,0.06,0.08383233532934131,0.012505582849486378,0.02176447726389429,0.08383233532934131,0.012744651797906235,0.022125642038719872,0.08383233532934131,0.010479041916167664,0.018629407850964737,0.0,0.0,0.0
7,0.07,0.08383233532934131,0.012505582849486378,0.02176447726389429,0.08383233532934131,0.012744651797906235,0.022125642038719872,0.08083832335329341,0.010509926041261192,0.01860144677919394,0.0,0.0,0.0
8,0.08,0.08383233532934131,0.012505582849486378,0.02176447726389429,0.08383233532934131,0.012744651797906235,0.022125642038719872,0.07784431137724551,0.010509296685529508,0.01851851851851852,0.0,0.0,0.0
9,0.09,0.08383233532934131,0.012505582849486378,0.02176447726389429,0.08383233532934131,0.012744651797906235,0.022125642038719872,0.07784431137724551,0.01090146750524109,0.01912467819051122,0.0,0.0,0.0
10,0.1,0.08383233532934131,0.012505582849486378,0.02176447726389429,0.08383233532934131,0.012744651797906235,0.022125642038719872,0.0748502994011976,0.01087429317094389,0.0189897455374098,0.0,0.0,0.0
