,filter_abundance,precision_by_num_reads,recall_by_num_reads,F1_by_num_reads,precision_by_nts,recall_by_nts,F1_by_nts,precision_by_mean_cov,recall_by_mean_cov,F1_by_mean_cov,precision_by_med_cov,recall_by_med_cov,F1_by_med_cov
0,0.0,0.10023310023310024,0.015512265512265512,0.02686660418619181,0.13752913752913754,0.013778608127043438,0.025047760560390576,0.13752913752913754,0.013778608127043438,0.025047760560390576,0.002331002331002331,0.010638297872340425,0.0038240917782026767
1,0.01,0.10023310023310024,0.015512265512265512,0.02686660418619181,0.12354312354312354,0.013628182051941374,0.024548402037980546,0.11188811188811189,0.012486992715920915,0.022466651064825646,0.0,0.0,0.0
2,0.02,0.10023310023310024,0.015512265512265512,0.02686660418619181,0.10023310023310024,0.015803013597941933,0.027301587301587302,0.1048951048951049,0.012444690265486726,0.022249690976514216,0.0,0.0,0.0
3,0.03,0.10023310023310024,0.015512265512265512,0.02686660418619181,0.10023310023310024,0.015803013597941933,0.027301587301587302,0.10256410256410256,0.012854221443178498,0.02284527518172378,0.0,0.0,0.0
4,0.04,0.10023310023310024,0.015512265512265512,0.02686660418619181,0.10023310023310024,0.015803013597941933,0.027301587301587302,0.10023310023310024,0.013218567476175837,0.02335687126561651,0.0,0.0,0.0
5,0.05,0.10023310023310024,0.015512265512265512,0.02686660418619181,0.10023310023310024,0.015803013597941933,0.027301587301587302,0.09557109557109557,0.013230074217489512,0.023242630385487524,0.0,0.0,0.0
6,0.06,0.10023310023310024,0.015512265512265512,0.02686660418619181,0.10023310023310024,0.015803013597941933,0.027301587301587302,0.09557109557109557,0.013860716700473293,0.02421021552996752,0.0,0.0,0.0
7,0.07,0.10023310023310024,0.015512265512265512,0.02686660418619181,0.10023310023310024,0.015803013597941933,0.027301587301587302,0.09324009324009325,0.014149274849663955,0.024570024570024572,0.0,0.0,0.0
8,0.08,0.10023310023310024,0.015512265512265512,0.02686660418619181,0.10023310023310024,0.015803013597941933,0.027301587301587302,0.08857808857808858,0.014016967908520842,0.024203821656050957,0.0,0.0,0.0
9,0.09,0.07692307692307693,0.016828148903620603,0.027615062761506277,0.0979020979020979,0.016266460108443067,0.02789770840252408,0.08624708624708624,0.01424172440338722,0.024446646845061114,0.0,0.0,0.0
10,0.1,0.07692307692307693,0.016828148903620603,0.027615062761506277,0.09557109557109557,0.016619375760032428,0.02831491712707182,0.08624708624708624,0.014823717948717948,0.025299145299145297,0.0,0.0,0.0
