,filter_abundance,precision_by_num_reads,recall_by_num_reads,F1_by_num_reads,precision_by_nts,recall_by_nts,F1_by_nts,precision_by_mean_cov,recall_by_mean_cov,F1_by_mean_cov,precision_by_med_cov,recall_by_med_cov,F1_by_med_cov
0,0.0,0.07692307692307693,0.012897282358360202,0.022090729783037475,0.11263736263736264,0.011078087003512564,0.02017220172201722,0.11263736263736264,0.011078087003512564,0.02017220172201722,0.0,0.0,0.0
1,0.01,0.07692307692307693,0.012897282358360202,0.022090729783037475,0.10989010989010989,0.01188707280832095,0.02145347278090641,0.09340659340659341,0.010197960407918417,0.018388318009734995,0.0,0.0,0.0
2,0.02,0.07692307692307693,0.012897282358360202,0.022090729783037475,0.10714285714285714,0.012108040981061783,0.02175732217573222,0.09340659340659341,0.010793650793650795,0.01935116676152533,0.0,0.0,0.0
3,0.03,0.07692307692307693,0.012897282358360202,0.022090729783037475,0.07417582417582418,0.012741859367626238,0.02174788562223117,0.09065934065934066,0.011003667889296432,0.019625334522747544,0.0,0.0,0.0
4,0.04,0.07692307692307693,0.012897282358360202,0.022090729783037475,0.07417582417582418,0.012741859367626238,0.02174788562223117,0.09065934065934066,0.011526370939573873,0.020452432599938022,0.0,0.0,0.0
5,0.05,0.07692307692307693,0.012897282358360202,0.022090729783037475,0.07417582417582418,0.012741859367626238,0.02174788562223117,0.08241758241758242,0.01095290251916758,0.019336126329358685,0.0,0.0,0.0
6,0.06,0.07692307692307693,0.012897282358360202,0.022090729783037475,0.07417582417582418,0.012741859367626238,0.02174788562223117,0.08241758241758242,0.011424219345011425,0.020066889632107024,0.0,0.0,0.0
7,0.07,0.07692307692307693,0.012897282358360202,0.022090729783037475,0.07417582417582418,0.012741859367626238,0.02174788562223117,0.08241758241758242,0.01190003966679889,0.02079722703639515,0.0,0.0,0.0
8,0.08,0.07692307692307693,0.012897282358360202,0.022090729783037475,0.07417582417582418,0.012741859367626238,0.02174788562223117,0.07417582417582418,0.0111340206185567,0.01936177841520258,0.0,0.0,0.0
9,0.09,0.07692307692307693,0.012897282358360202,0.022090729783037475,0.07417582417582418,0.012741859367626238,0.02174788562223117,0.07142857142857142,0.01113490364025696,0.0192663949610967,0.0,0.0,0.0
10,0.1,0.07692307692307693,0.012897282358360202,0.022090729783037475,0.07417582417582418,0.012741859367626238,0.02174788562223117,0.06868131868131869,0.011106175033318524,0.01912045889101338,0.0,0.0,0.0
