,filter_abundance,precision_by_num_reads,recall_by_num_reads,F1_by_num_reads,precision_by_nts,recall_by_nts,F1_by_nts,precision_by_mean_cov,recall_by_mean_cov,F1_by_mean_cov,precision_by_med_cov,recall_by_med_cov,F1_by_med_cov
0,0.0,0.06956521739130435,0.011544011544011544,0.019801980198019802,0.11594202898550725,0.01115137998327293,0.02034587995930824,0.11594202898550725,0.01115137998327293,0.02034587995930824,0.0,0.0,0.0
1,0.01,0.06956521739130435,0.011544011544011544,0.019801980198019802,0.11304347826086956,0.011937557392102846,0.02159468438538206,0.10434782608695652,0.011104256631708822,0.020072483969891274,0.0,0.0,0.0
2,0.02,0.06956521739130435,0.011544011544011544,0.019801980198019802,0.11014492753623188,0.012144455097475231,0.021876799078871616,0.10144927536231885,0.011422976501305483,0.02053388090349076,0.0,0.0,0.0
3,0.03,0.06956521739130435,0.011544011544011544,0.019801980198019802,0.06666666666666667,0.011341222879684419,0.019384745048461865,0.0927536231884058,0.010970174837161468,0.019619865113427344,0.0,0.0,0.0
4,0.04,0.06956521739130435,0.011544011544011544,0.019801980198019802,0.06666666666666667,0.011341222879684419,0.019384745048461865,0.08695652173913043,0.010775862068965518,0.019175455417066157,0.0,0.0,0.0
5,0.05,0.06956521739130435,0.011544011544011544,0.019801980198019802,0.06666666666666667,0.011341222879684419,0.019384745048461865,0.08405797101449275,0.010877719429857465,0.019262703420790433,0.0,0.0,0.0
6,0.06,0.06956521739130435,0.011544011544011544,0.019801980198019802,0.06666666666666667,0.011341222879684419,0.019384745048461865,0.0782608695652174,0.010579937304075235,0.018639972385226095,0.0,0.0,0.0
7,0.07,0.06956521739130435,0.011544011544011544,0.019801980198019802,0.06666666666666667,0.011341222879684419,0.019384745048461865,0.07536231884057971,0.010594947025264874,0.018578063594140763,0.0,0.0,0.0
8,0.08,0.06956521739130435,0.011544011544011544,0.019801980198019802,0.06666666666666667,0.011341222879684419,0.019384745048461865,0.07536231884057971,0.01100762066045724,0.01920945696342815,0.0,0.0,0.0
9,0.09,0.06956521739130435,0.011544011544011544,0.019801980198019802,0.06666666666666667,0.011341222879684419,0.019384745048461865,0.07246376811594203,0.010993843447669306,0.019091256204658267,0.0,0.0,0.0
10,0.1,0.06956521739130435,0.011544011544011544,0.019801980198019802,0.06666666666666667,0.011341222879684419,0.019384745048461865,0.07246376811594203,0.011420740063956145,0.01973164956590371,0.0,0.0,0.0
