,filter_abundance,precision_by_num_reads,recall_by_num_reads,F1_by_num_reads,precision_by_nts,recall_by_nts,F1_by_nts,precision_by_mean_cov,recall_by_mean_cov,F1_by_mean_cov,precision_by_med_cov,recall_by_med_cov,F1_by_med_cov
0,0.0,0.09375,0.015161086544535692,0.026101141924959218,0.130859375,0.014240170031880977,0.025685259727812923,0.130859375,0.014240170031880977,0.025685259727812923,0.0,0.0,0.0
1,0.01,0.09375,0.015161086544535692,0.026101141924959218,0.125,0.01509078047630276,0.026930359772775088,0.119140625,0.014656415185007208,0.026101839965768082,0.0,0.0,0.0
2,0.02,0.09375,0.015161086544535692,0.026101141924959218,0.09375,0.015434083601286173,0.026504693539480945,0.107421875,0.014186226463760639,0.025062656641604005,0.0,0.0,0.0
3,0.03,0.09375,0.015161086544535692,0.026101141924959218,0.09375,0.015434083601286173,0.026504693539480945,0.1015625,0.01426220515633571,0.025012025012025013,0.0,0.0,0.0
4,0.04,0.09375,0.015161086544535692,0.026101141924959218,0.09375,0.015434083601286173,0.026504693539480945,0.09765625,0.014518002322880372,0.02527805864509606,0.0,0.0,0.0
5,0.05,0.09375,0.015161086544535692,0.026101141924959218,0.09375,0.015434083601286173,0.026504693539480945,0.091796875,0.01439509954058193,0.024887476833465715,0.0,0.0,0.0
6,0.06,0.09375,0.015161086544535692,0.026101141924959218,0.09375,0.015434083601286173,0.026504693539480945,0.0859375,0.014161570646926296,0.0243161094224924,0.0,0.0,0.0
7,0.07,0.080078125,0.01699129714048902,0.028034188034188032,0.08984375,0.015593220338983051,0.026574234546504916,0.083984375,0.01451231859601755,0.024748201438848916,0.0,0.0,0.0
8,0.08,0.080078125,0.01699129714048902,0.028034188034188032,0.087890625,0.016002844950213372,0.027075812274368234,0.083984375,0.01519434628975265,0.025733093955715138,0.0,0.0,0.0
9,0.09,0.080078125,0.01699129714048902,0.028034188034188032,0.078125,0.01716001716001716,0.028139289482940553,0.080078125,0.015134736064968624,0.02545793231915554,0.0,0.0,0.0
10,0.1,0.080078125,0.01699129714048902,0.028034188034188032,0.078125,0.01716001716001716,0.028139289482940553,0.072265625,0.014258188824662813,0.023817186997103317,0.0,0.0,0.0
