,filter_abundance,precision_by_num_reads,recall_by_num_reads,F1_by_num_reads,precision_by_nts,recall_by_nts,F1_by_nts,precision_by_mean_cov,recall_by_mean_cov,F1_by_mean_cov,precision_by_med_cov,recall_by_med_cov,F1_by_med_cov
0,0.0,0.09970674486803519,0.015356820234869015,0.026614481409001953,0.12316715542521994,0.011357490535424553,0.020797227036395145,0.12316715542521994,0.011357490535424553,0.020797227036395145,0.002932551319648094,0.015384615384615385,0.0049261083743842365
1,0.01,0.09970674486803519,0.015356820234869015,0.026614481409001953,0.12023460410557185,0.012198750371913121,0.022150189086980014,0.11436950146627566,0.011624441132637855,0.021103896103896104,0.0,0.0,0.0
2,0.02,0.09970674486803519,0.015356820234869015,0.026614481409001953,0.12023460410557185,0.01271712158808933,0.023001402524544183,0.10850439882697947,0.011642542479546885,0.02102870133560671,0.0,0.0,0.0
3,0.03,0.09970674486803519,0.015356820234869015,0.026614481409001953,0.09970674486803519,0.01572617946345976,0.027167399121054737,0.10850439882697947,0.01221122112211221,0.021951943043607237,0.0,0.0,0.0
4,0.04,0.09970674486803519,0.015356820234869015,0.026614481409001953,0.09970674486803519,0.01572617946345976,0.027167399121054737,0.09970674486803519,0.011744386873920553,0.021013597033374538,0.0,0.0,0.0
5,0.05,0.09970674486803519,0.015356820234869015,0.026614481409001953,0.09970674486803519,0.01572617946345976,0.027167399121054737,0.09970674486803519,0.012252252252252252,0.021822849807445442,0.0,0.0,0.0
6,0.06,0.09970674486803519,0.015356820234869015,0.026614481409001953,0.09970674486803519,0.01572617946345976,0.027167399121054737,0.093841642228739,0.011998500187476566,0.02127659574468085,0.0,0.0,0.0
7,0.07,0.09970674486803519,0.015356820234869015,0.026614481409001953,0.09970674486803519,0.01572617946345976,0.027167399121054737,0.093841642228739,0.012470771628994544,0.022015823873409012,0.0,0.0,0.0
8,0.08,0.09970674486803519,0.015356820234869015,0.026614481409001953,0.09970674486803519,0.01572617946345976,0.027167399121054737,0.08797653958944282,0.012145748987854251,0.021344717182497336,0.0,0.0,0.0
9,0.09,0.09970674486803519,0.015356820234869015,0.026614481409001953,0.09970674486803519,0.01572617946345976,0.027167399121054737,0.08797653958944282,0.012605042016806723,0.02205071664829107,0.0,0.0,0.0
10,0.1,0.09970674486803519,0.015356820234869015,0.026614481409001953,0.09970674486803519,0.01572617946345976,0.027167399121054737,0.08797653958944282,0.013060513713539399,0.022744503411675516,0.0,0.0,0.0
