,filter_abundance,precision_by_num_reads,recall_by_num_reads,F1_by_num_reads,precision_by_nts,recall_by_nts,F1_by_nts,precision_by_mean_cov,recall_by_mean_cov,F1_by_mean_cov,precision_by_med_cov,recall_by_med_cov,F1_by_med_cov
0,0.0,0.11764705882352941,0.017759954167860213,0.030861124937779986,0.1555977229601518,0.01642957323181727,0.029720913374411018,0.1555977229601518,0.01642957323181727,0.029720913374411018,0.003795066413662239,0.015037593984962405,0.006060606060606061
1,0.01,0.11764705882352941,0.017759954167860213,0.030861124937779986,0.14800759013282733,0.01744186046511628,0.03120624124824965,0.1442125237191651,0.017276653784951124,0.03085667884693463,0.0,0.0,0.0
2,0.02,0.11764705882352941,0.017759954167860213,0.030861124937779986,0.11764705882352941,0.01801278326554329,0.03124212648022172,0.13282732447817835,0.01715686274509804,0.030388539179509448,0.0,0.0,0.0
3,0.03,0.11764705882352941,0.017759954167860213,0.030861124937779986,0.11764705882352941,0.01801278326554329,0.03124212648022172,0.1252371916508539,0.017277486910994764,0.030365769496204273,0.0,0.0,0.0
4,0.04,0.11764705882352941,0.017759954167860213,0.030861124937779986,0.11764705882352941,0.01801278326554329,0.03124212648022172,0.12144212523719165,0.01777284087753402,0.031007751937984496,0.0,0.0,0.0
5,0.05,0.09487666034155598,0.018545994065281898,0.031026993484331366,0.1157495256166983,0.017972893341190337,0.031114511604182604,0.11195445920303605,0.017296980357666372,0.029964448958862362,0.0,0.0,0.0
6,0.06,0.09487666034155598,0.018545994065281898,0.031026993484331366,0.11005692599620494,0.01816473535859693,0.03118279569892473,0.10436432637571158,0.016975308641975308,0.029200955667640027,0.0,0.0,0.0
7,0.07,0.09487666034155598,0.018545994065281898,0.031026993484331366,0.09297912713472485,0.018695154521175122,0.031130876747141042,0.0967741935483871,0.016515544041450777,0.028215767634854776,0.0,0.0,0.0
8,0.08,0.09487666034155598,0.018545994065281898,0.031026993484331366,0.09297912713472485,0.018695154521175122,0.031130876747141042,0.09108159392789374,0.01627670396744659,0.02761795166858458,0.0,0.0,0.0
9,0.09,0.09487666034155598,0.018545994065281898,0.031026993484331366,0.09297912713472485,0.018695154521175122,0.031130876747141042,0.08918406072106262,0.016666666666666666,0.028084852106363908,0.0,0.0,0.0
10,0.1,0.09487666034155598,0.018545994065281898,0.031026993484331366,0.09297912713472485,0.018695154521175122,0.031130876747141042,0.08918406072106262,0.01740096260644206,0.029120198265179677,0.0,0.0,0.0
