,filter_abundance,precision_by_num_reads,recall_by_num_reads,F1_by_num_reads,precision_by_nts,recall_by_nts,F1_by_nts,precision_by_mean_cov,recall_by_mean_cov,F1_by_mean_cov,precision_by_med_cov,recall_by_med_cov,F1_by_med_cov
0,0.0,0.07098765432098765,0.01058444546709618,0.0184221065278334,0.12654320987654322,0.01098018211033744,0.020206998521439135,0.12654320987654322,0.01098018211033744,0.020206998521439135,0.0,0.0,0.0
1,0.01,0.07098765432098765,0.01058444546709618,0.0184221065278334,0.11728395061728394,0.011130638547158758,0.020331728196896735,0.10493827160493827,0.010044313146233382,0.018333782690752223,0.0,0.0,0.0
2,0.02,0.07098765432098765,0.01058444546709618,0.0184221065278334,0.11419753086419752,0.011311525527361662,0.020584144645340748,0.10185185185185185,0.010302841086481423,0.018712787071165297,0.0,0.0,0.0
3,0.03,0.07098765432098765,0.01058444546709618,0.0184221065278334,0.07098765432098765,0.010818438381937912,0.018775510204081632,0.09259259259259259,0.00983284169124877,0.017777777777777778,0.0,0.0,0.0
4,0.04,0.07098765432098765,0.01058444546709618,0.0184221065278334,0.07098765432098765,0.010818438381937912,0.018775510204081632,0.08641975308641975,0.00960548885077187,0.017289286816918804,0.0,0.0,0.0
5,0.05,0.07098765432098765,0.01058444546709618,0.0184221065278334,0.07098765432098765,0.010818438381937912,0.018775510204081632,0.08333333333333333,0.009670487106017192,0.017329910141206675,0.0,0.0,0.0
6,0.06,0.07098765432098765,0.01058444546709618,0.0184221065278334,0.07098765432098765,0.010818438381937912,0.018775510204081632,0.08024691358024691,0.009705113848450915,0.017316017316017316,0.0,0.0,0.0
7,0.07,0.07098765432098765,0.01058444546709618,0.0184221065278334,0.07098765432098765,0.010818438381937912,0.018775510204081632,0.08024691358024691,0.010104935872522347,0.017949603037625127,0.0,0.0,0.0
8,0.08,0.07098765432098765,0.01058444546709618,0.0184221065278334,0.07098765432098765,0.010818438381937912,0.018775510204081632,0.07407407407407407,0.009696969696969697,0.01714898177920686,0.0,0.0,0.0
9,0.09,0.07098765432098765,0.01058444546709618,0.0184221065278334,0.07098765432098765,0.010818438381937912,0.018775510204081632,0.06790123456790123,0.009216589861751152,0.01623017336776097,0.0,0.0,0.0
10,0.1,0.07098765432098765,0.01058444546709618,0.0184221065278334,0.07098765432098765,0.010818438381937912,0.018775510204081632,0.06790123456790123,0.009569377990430622,0.01677468547464735,0.0,0.0,0.0
