,filter_abundance,precision_by_num_reads,recall_by_num_reads,F1_by_num_reads,precision_by_nts,recall_by_nts,F1_by_nts,precision_by_mean_cov,recall_by_mean_cov,F1_by_mean_cov,precision_by_med_cov,recall_by_med_cov,F1_by_med_cov
0,0.0,0.12549019607843137,0.017320703653585928,0.030439952437574316,0.17058823529411765,0.01696237083252096,0.030856534846604004,0.17058823529411765,0.01696237083252096,0.030856534846604004,0.00196078431372549,0.006802721088435374,0.0030441400304414
1,0.01,0.12549019607843137,0.017320703653585928,0.030439952437574316,0.12549019607843137,0.017567938512215206,0.030821093185648928,0.1411764705882353,0.015880017644464048,0.028548770816812053,0.0,0.0,0.0
2,0.02,0.12549019607843137,0.017320703653585928,0.030439952437574316,0.12549019607843137,0.017567938512215206,0.030821093185648928,0.11764705882352941,0.014238253440911248,0.02540220152413209,0.0,0.0,0.0
3,0.03,0.12549019607843137,0.017320703653585928,0.030439952437574316,0.12549019607843137,0.017567938512215206,0.030821093185648928,0.11372549019607843,0.014676113360323886,0.025997310623038998,0.0,0.0,0.0
4,0.04,0.12549019607843137,0.017320703653585928,0.030439952437574316,0.12549019607843137,0.017567938512215206,0.030821093185648928,0.10784313725490197,0.01474135620477084,0.02593727894364537,0.0,0.0,0.0
5,0.05,0.09803921568627451,0.017674089784376106,0.029949086552860136,0.12352941176470589,0.017816742081447963,0.031141868512110725,0.10392156862745099,0.01498868778280543,0.026198714780029657,0.0,0.0,0.0
6,0.06,0.09803921568627451,0.017674089784376106,0.029949086552860136,0.11960784313725491,0.018203521336914354,0.031598031598031595,0.10196078431372549,0.015466983938132063,0.026859504132231402,0.0,0.0,0.0
7,0.07,0.09803921568627451,0.017674089784376106,0.029949086552860136,0.09607843137254903,0.017831149927219795,0.030079803560466543,0.09803921568627451,0.015586034912718205,0.02689618074233459,0.0,0.0,0.0
8,0.08,0.09803921568627451,0.017674089784376106,0.029949086552860136,0.09607843137254903,0.017831149927219795,0.030079803560466543,0.09411764705882353,0.01564537157757497,0.026830631637786477,0.0,0.0,0.0
9,0.09,0.09803921568627451,0.017674089784376106,0.029949086552860136,0.09607843137254903,0.017831149927219795,0.030079803560466543,0.09019607843137255,0.015651582170806397,0.026674398376340967,0.0,0.0,0.0
10,0.1,0.09803921568627451,0.017674089784376106,0.029949086552860136,0.09607843137254903,0.017831149927219795,0.030079803560466543,0.08627450980392157,0.015602836879432624,0.026426426426426425,0.0,0.0,0.0
