,filter_abundance,precision_by_num_reads,recall_by_num_reads,F1_by_num_reads,precision_by_nts,recall_by_nts,F1_by_nts,precision_by_mean_cov,recall_by_mean_cov,F1_by_mean_cov,precision_by_med_cov,recall_by_med_cov,F1_by_med_cov
0,0.0,0.09769094138543517,0.015549901046084252,0.026829268292682926,0.13676731793960922,0.015256588072122053,0.027450980392156862,0.13676731793960922,0.015256588072122053,0.027450980392156862,0.0,0.0,0.0
1,0.01,0.09769094138543517,0.015549901046084252,0.026829268292682926,0.09769094138543517,0.015804597701149427,0.027207519168933963,0.12433392539964476,0.015783540022547914,0.028011204481792715,0.0,0.0,0.0
2,0.02,0.09769094138543517,0.015549901046084252,0.026829268292682926,0.09769094138543517,0.015804597701149427,0.027207519168933963,0.10479573712255773,0.014365717068419772,0.025267665952890792,0.0,0.0,0.0
3,0.03,0.09769094138543517,0.015549901046084252,0.026829268292682926,0.09769094138543517,0.015804597701149427,0.027207519168933963,0.0994671403197158,0.014575741801145237,0.02542565266742338,0.0,0.0,0.0
4,0.04,0.09769094138543517,0.015549901046084252,0.026829268292682926,0.09769094138543517,0.015804597701149427,0.027207519168933963,0.09769094138543517,0.015201768933112217,0.02630949533604401,0.0,0.0,0.0
5,0.05,0.08348134991119005,0.017235056839017236,0.02857142857142857,0.09591474245115453,0.015729682493445966,0.02702702702702703,0.09236234458259325,0.015195791934541203,0.026097867001254705,0.0,0.0,0.0
6,0.06,0.08348134991119005,0.017235056839017236,0.02857142857142857,0.09236234458259325,0.016119032858028518,0.027447875428873055,0.09236234458259325,0.016014782876501387,0.02729658792650919,0.0,0.0,0.0
7,0.07,0.08348134991119005,0.017235056839017236,0.02857142857142857,0.0905861456483126,0.016590761223162005,0.028045092108880947,0.08880994671403197,0.016181229773462782,0.027374760470845878,0.0,0.0,0.0
8,0.08,0.08348134991119005,0.017235056839017236,0.02857142857142857,0.08170515097690942,0.01735194266314598,0.028624766645924078,0.08170515097690942,0.015614392396469789,0.0262182958107723,0.0,0.0,0.0
9,0.09,0.08348134991119005,0.017235056839017236,0.02857142857142857,0.08170515097690942,0.01735194266314598,0.028624766645924078,0.0763765541740675,0.015280739161336177,0.025466390287237194,0.0,0.0,0.0
10,0.1,0.07104795737122557,0.017905102954341987,0.028602073650339652,0.08170515097690942,0.01735194266314598,0.028624766645924078,0.0763765541740675,0.01596732268845154,0.02641277641277641,0.0,0.0,0.0
