,filter_abundance,precision_by_num_reads,recall_by_num_reads,F1_by_num_reads,precision_by_nts,recall_by_nts,F1_by_nts,precision_by_mean_cov,recall_by_mean_cov,F1_by_mean_cov,precision_by_med_cov,recall_by_med_cov,F1_by_med_cov
0,0.0,0.9464788732394366,0.18471687740516768,0.3091076356945722,0.995774647887324,0.13898171810497345,0.24391926858720026,0.995774647887324,0.13898171810497345,0.24391926858720026,0.02112676056338028,0.10869565217391304,0.03537735849056604
1,0.01,0.9464788732394366,0.18471687740516768,0.3091076356945722,0.9436619718309859,0.18662952646239556,0.3116279069767442,0.9746478873239437,0.15405164737310775,0.26605151864667437,0.07692307692307693,0.0196078431372549,0.03125
2,0.02,0.9464788732394366,0.18471687740516768,0.3091076356945722,0.9436619718309859,0.18662952646239556,0.3116279069767442,0.9591549295774648,0.16327019899304723,0.27904118008604795,0.07692307692307693,0.0196078431372549,0.03125
3,0.03,0.9464788732394366,0.18471687740516768,0.3091076356945722,0.9436619718309859,0.18662952646239556,0.3116279069767442,0.9450704225352112,0.17169907881269192,0.2906019922044175,0.07692307692307693,0.0196078431372549,0.03125
4,0.04,0.9464788732394366,0.18471687740516768,0.3091076356945722,0.9436619718309859,0.18662952646239556,0.3116279069767442,0.9323943661971831,0.17969598262757872,0.30131998179335456,0.07692307692307693,0.0196078431372549,0.03125
5,0.05,0.8802816901408451,0.22353361945636624,0.356531660011409,0.9366197183098591,0.1910919540229885,0.31742243436754175,0.9042253521126761,0.18400687876182287,0.3057870921648011,0.07692307692307693,0.0196078431372549,0.03125
6,0.06,0.8802816901408451,0.22353361945636624,0.356531660011409,0.9267605633802817,0.19969650986342943,0.32858926342072414,0.8915492957746479,0.19095022624434388,0.31453416149068325,0.07692307692307693,0.0196078431372549,0.03125
7,0.07,0.8802816901408451,0.22353361945636624,0.356531660011409,0.8732394366197183,0.22685693377241126,0.36015103107754864,0.8845070422535212,0.19873417721518988,0.3245478036175711,0.07692307692307693,0.0196078431372549,0.03125
8,0.08,0.8802816901408451,0.22353361945636624,0.356531660011409,0.8732394366197183,0.22685693377241126,0.36015103107754864,0.8718309859154929,0.20510271703114646,0.3320815450643777,0.07692307692307693,0.0196078431372549,0.03125
9,0.09,0.8802816901408451,0.22353361945636624,0.356531660011409,0.8732394366197183,0.22685693377241126,0.36015103107754864,0.8605633802816901,0.21141868512110726,0.33944444444444444,0.07692307692307693,0.0196078431372549,0.03125
10,0.1,0.8295774647887324,0.25743006993006995,0.3929286190793863,0.8732394366197183,0.22693997071742314,0.3602556653108658,0.852112676056338,0.21833273186575244,0.34760126400459634,0.07692307692307693,0.0196078431372549,0.03125
