,filter_abundance,precision_by_num_reads,recall_by_num_reads,F1_by_num_reads,precision_by_nts,recall_by_nts,F1_by_nts,precision_by_mean_cov,recall_by_mean_cov,F1_by_mean_cov,precision_by_med_cov,recall_by_med_cov,F1_by_med_cov
0,0.0,0.9964136282127914,0.6127925499326063,0.758877086494689,0.9992030284917314,0.5840223593804589,0.7371747758341908,0.9992030284917314,0.5840223593804589,0.7371747758341908,0.7909942219565651,0.7511825922421949,0.7705745341614907
1,0.01,0.9390316796174537,0.7718637405830331,0.8472808988764045,0.9408248655110579,0.7734643734643735,0.848975188781014,0.9324566646742379,0.7520488510364776,0.8325920654687778,0.6573022514445108,0.8220782457014703,0.7305137289636847
2,0.02,0.8874277744570631,0.8295772024585584,0.8575279168271083,0.8874277744570631,0.8295772024585584,0.8575279168271083,0.8782626021119745,0.8018919410587593,0.8383415747432483,0.6573022514445108,0.8220782457014703,0.7305137289636847
3,0.03,0.844590555887627,0.8631643249847282,0.8537764350453172,0.8437935843793585,0.8697884575888273,0.8565938511326862,0.830842797369994,0.8325014973048512,0.8316713203031512,0.6752960616909942,0.7367788461538461,0.7046989509987067
4,0.04,0.8029487945805938,0.8904109589041096,0.8444211629125197,0.7987646941621837,0.8948660714285714,0.8440888514580481,0.7901972504482965,0.8558480794130341,0.8217134569563865,0.6752960616909942,0.7367788461538461,0.7046989509987067
5,0.05,0.9082897273478381,0.7815165876777251,0.8401477518787417,0.9071881024511154,0.791256305548883,0.8452655889145496,0.8826769484990361,0.7410404624277457,0.8056812468577174,0.6103001927843569,0.786094359702022,0.6871317829457364
6,0.06,0.8840539796199394,0.8110156644770086,0.845961259718013,0.8790966675846874,0.8197226502311248,0.8483720930232558,0.8565133572018727,0.7650676506765067,0.8082120582120581,0.6103001927843569,0.786094359702022,0.6871317829457364
7,0.07,0.8578903883227761,0.8366908407198496,0.8471580092466683,0.8496282015973561,0.842896174863388,0.8462487998902757,0.8342054530432388,0.789007554050534,0.8109772423025435,0.6103001927843569,0.786094359702022,0.6871317829457364
8,0.08,0.8317267970256128,0.8596641047537718,0.845464725643897,0.8237400165243735,0.8662033014769766,0.8444381705251272,0.8069402368493528,0.8053875755909841,0.8061631586187921,0.6373352333452084,0.7284201954397395,0.6798403952118564
9,0.09,0.8047369870559075,0.878796992481203,0.8401380103507764,0.7959239878821261,0.8843329253365974,0.8378025800840703,0.7832553015698155,0.8229166666666666,0.802596303090165,0.6373352333452084,0.7284201954397395,0.6798403952118564
10,0.1,0.7744423023960342,0.889873417721519,0.8281549109115005,0.7711374277058661,0.9029345372460497,0.8318478906714201,0.7617736160837235,0.8409851018546671,0.7994219653179192,0.6355539722123263,0.7296523517382413,0.6793602437166794
