,filter_abundance,precision_by_num_reads,recall_by_num_reads,F1_by_num_reads,precision_by_nts,recall_by_nts,F1_by_nts,precision_by_mean_cov,recall_by_mean_cov,F1_by_mean_cov,precision_by_med_cov,recall_by_med_cov,F1_by_med_cov
0,0.0,0.9339774557165862,0.17780502759043532,0.29873808910636107,0.9951690821256038,0.13090446939207795,0.23137401722201423,0.9951690821256038,0.13090446939207795,0.23137401722201423,0.01610305958132045,0.08928571428571429,0.027285129604365615
1,0.01,0.9339774557165862,0.17780502759043532,0.29873808910636107,0.9790660225442834,0.14329483855762432,0.25,0.9726247987117552,0.14370687604092314,0.25041459369817576,0.0,0.0,0.0
2,0.02,0.9339774557165862,0.17780502759043532,0.29873808910636107,0.9307568438003221,0.18107769423558898,0.3031733543141883,0.9597423510466989,0.15188583078491336,0.26226622662266225,0.0,0.0,0.0
3,0.03,0.9339774557165862,0.17780502759043532,0.29873808910636107,0.9307568438003221,0.18107769423558898,0.3031733543141883,0.9484702093397746,0.15923222492565559,0.2726851851851852,0.0,0.0,0.0
4,0.04,0.9339774557165862,0.17780502759043532,0.29873808910636107,0.9307568438003221,0.18107769423558898,0.3031733543141883,0.9323671497584541,0.16533409480296973,0.28086344894494303,0.0,0.0,0.0
5,0.05,0.9339774557165862,0.17780502759043532,0.29873808910636107,0.9307568438003221,0.18107769423558898,0.3031733543141883,0.9227053140096618,0.17233082706766917,0.2904206791687785,0.0,0.0,0.0
6,0.06,0.855072463768116,0.21691176470588236,0.3460410557184751,0.9259259259259259,0.18312101910828024,0.3057697420898697,0.9066022544283414,0.17760252365930598,0.29701925613294644,0.0,0.0,0.0
7,0.07,0.855072463768116,0.21691176470588236,0.3460410557184751,0.9194847020933977,0.19199731002017484,0.317663421418637,0.895330112721417,0.18380165289256198,0.30499177180471754,0.0,0.0,0.0
8,0.08,0.855072463768116,0.21691176470588236,0.3460410557184751,0.9098228663446055,0.1988036593947924,0.3263066705168928,0.8856682769726248,0.1903772931810315,0.31339031339031337,0.0,0.0,0.0
9,0.09,0.855072463768116,0.21691176470588236,0.3460410557184751,0.8518518518518519,0.22273684210526315,0.3531375166889186,0.8743961352657005,0.19595813785636954,0.32016509433962265,0.0,0.0,0.0
10,0.1,0.855072463768116,0.21691176470588236,0.3460410557184751,0.8518518518518519,0.22273684210526315,0.3531375166889186,0.856682769726248,0.2000752162467093,0.32439024390243903,0.0,0.0,0.0
