,filter_abundance,precision_by_num_reads,recall_by_num_reads,F1_by_num_reads,precision_by_nts,recall_by_nts,F1_by_nts,precision_by_mean_cov,recall_by_mean_cov,F1_by_mean_cov,precision_by_med_cov,recall_by_med_cov,F1_by_med_cov
0,0.0,0.741756206002223,0.701062215477997,0.7208353336533846,0.7502778806965543,0.678391959798995,0.7125263898662914,0.7502778806965543,0.678391959798995,0.7125263898662914,0.6250463134494257,0.780898009566425,0.694333927836466
1,0.01,0.7664568804218405,0.7179732313575525,0.7414232825997532,0.765946589556047,0.723141159466838,0.7439286304311912,0.7588025174349379,0.698012830542951,0.7271393643031786,0.6502806599761864,0.7423300970873786,0.6932632151600326
2,0.02,0.8118640398354622,0.6813226744186046,0.7408870888076656,0.810348560294436,0.6871672480264366,0.7436916352076296,0.8008226888936999,0.6587711487088157,0.7228845026382646,0.7284595300261096,0.6327965525062372,0.6772666585750698
3,0.03,0.8459530026109661,0.6503412284223203,0.7353608715388107,0.8451697127937337,0.657793131477342,0.7398011655810763,0.8328981723237598,0.6268422086853999,0.7153268303621483,0.7295330503335354,0.6223486808070356,0.6716917922948072
4,0.04,0.8699211643420255,0.627103825136612,0.728820017782294,0.8699211643420255,0.635437430786268,0.734416997312172,0.8544572468162522,0.6012374653296352,0.7058234189104571,0.7649674991447143,0.5789746245468669,0.6591009579955784
5,0.05,0.8908655490933972,0.6144407739499764,0.7272727272727273,0.8901813205610674,0.6223391533126046,0.732545045045045,0.871365035921998,0.5844424047728316,0.6996291718170581,0.7633472169632715,0.5840092699884125,0.6617429837518464
6,0.06,0.9076107535024612,0.6048448145344436,0.725923682616596,0.9053388867853086,0.6132341626057963,0.7311926605504587,0.8867853085952291,0.5735978447220181,0.6966091612135634,0.7585487906588824,0.5839486356340289,0.659894794122982
7,0.07,0.9228523769808173,0.5955328310010765,0.723912332351979,0.9203502919099249,0.603335155822854,0.7288639365918098,0.8936613844870726,0.5574921956295525,0.6866388977891701,0.7585487906588824,0.5839486356340289,0.659894794122982
8,0.08,0.9320344358858178,0.5870433789954338,0.7203642094204167,0.9320344358858178,0.5972706155632985,0.7280127411077686,0.9012233801540552,0.5479338842975207,0.6815144766146993,0.7682570593963,0.5460207612456748,0.6383495145631068
9,0.09,0.9386562804284323,0.5826533695980659,0.719000559388402,0.9381694255111976,0.5925584255842559,0.7263475310968714,0.8992210321324245,0.5373872563281932,0.6727372063376434,0.7822899041173152,0.5171513795674869,0.6226711560044893
10,0.1,0.939203354297694,0.5719757421002234,0.710970045625868,0.9371069182389937,0.580896686159844,0.717208182912154,0.9035639412997903,0.5285101164929491,0.6669245647969052,0.7660332541567696,0.5180722891566265,0.6181121226641112
