,filter_abundance,precision_by_num_reads,recall_by_num_reads,F1_by_num_reads,precision_by_nts,recall_by_nts,F1_by_nts,precision_by_mean_cov,recall_by_mean_cov,F1_by_mean_cov,precision_by_med_cov,recall_by_med_cov,F1_by_med_cov
0,0.0,0.728347302815388,0.7616586133273402,0.7446305959901126,0.7347947560713518,0.7463435931019428,0.740524149880875,0.7347947560713518,0.7463435931019428,0.740524149880875,0.7011605415860735,0.794762484774665,0.7450331125827815
1,0.01,0.7781541066892464,0.7366142994549535,0.7568146257102858,0.7784928027095681,0.7426494345718901,0.7601488218272013,0.7683319220999153,0.7160669191919192,0.7412793072461401,0.7974583002382843,0.6713473754597125,0.72898892721002
2,0.02,0.8436371841155235,0.6820503465888362,0.7542868670566875,0.8431859205776173,0.6891019730776323,0.7583967529173009,0.8328068592057761,0.6607590404582886,0.736873627470553,0.8174638989169675,0.6699334319526628,0.7363821138211382
3,0.03,0.8857459789240155,0.6442113755546591,0.7459131247080802,0.8857459789240155,0.6514378951662247,0.7507345163944059,0.8710482529118136,0.6186724443569037,0.7234826672808937,0.8546866333887965,0.6287229702162382,0.7244945933239303
4,0.04,0.8963341346153846,0.6530210157618214,0.7555724417426545,0.8957331730769231,0.6617092119866814,0.7611387718626325,0.8777043269230769,0.6233461374306445,0.7289742949837785,0.8814550178629426,0.5989847715736041,0.7132720105124836
5,0.05,0.9213639526791928,0.6239396795475967,0.7440292216914863,0.9196242171189979,0.6322966507177034,0.7493620640771192,0.9022268615170494,0.5932280942576069,0.7158040027605245,0.8771746694502436,0.6005240590757503,0.7129524886877828
6,0.06,0.9267385645221272,0.6281825056717922,0.7487980769230769,0.9241353663071774,0.6366897258519087,0.7539441747572815,0.9140378548895899,0.5648148148148148,0.6981927710843373,0.8927444794952681,0.5753494282083863,0.6997372894452172
7,0.07,0.9435146443514645,0.6048819742489271,0.7371690094802223,0.9414225941422594,0.6139154160982264,0.7431874483897605,0.9209205020920502,0.5684400826446281,0.702970297029703,0.894979079497908,0.5799891540130152,0.7038499506416585
8,0.08,0.9437804338202744,0.6061984646005119,0.7382271468144044,0.9437804338202744,0.6170767004341534,0.7462373118655934,0.9176626826029216,0.5657751091703057,0.6999831166638528,0.8942009738822487,0.5741898806139852,0.6993249091223819
9,0.09,0.9480269489894129,0.5917693000901172,0.7286850379138156,0.9461020211742059,0.6015911872705019,0.7355031799476245,0.9210779595765158,0.5506329113924051,0.6892329852358661,0.8936477382098171,0.5573229291716687,0.6865064695009242
10,0.1,0.9435282358820589,0.5976574865463754,0.7317829457364341,0.9410294852573713,0.6076153597934818,0.7384313725490196,0.9150424787606197,0.5543445352709658,0.690422322775264,0.8840579710144928,0.5605196451204055,0.6860577855342253
