,filter_abundance,precision_by_num_reads,recall_by_num_reads,F1_by_num_reads,precision_by_nts,recall_by_nts,F1_by_nts,precision_by_mean_cov,recall_by_mean_cov,F1_by_mean_cov,precision_by_med_cov,recall_by_med_cov,F1_by_med_cov
0,0.0,0.991125573140068,0.7570040668775418,0.8583872414013963,0.99260464428339,0.735774586119943,0.8451076690593123,0.99260464428339,0.735774586119943,0.8451076690593123,0.9713060198195533,0.8049767099779358,0.8803539111200481
1,0.01,0.9585379159847245,0.8509848240232483,0.9015650389121695,0.8594882413844106,0.945646867371847,0.900511390051139,0.9450809238043281,0.8282071713147411,0.8827925938508578,0.9132569558101473,0.8460242587601078,0.8783559247923044
2,0.02,0.9050736497545008,0.9143854492008083,0.9097057210747579,0.9028914348063284,0.9221768202080238,0.9124322337590738,0.8885251863975269,0.8824273072060683,0.885465748459587,0.8603382433169667,0.8839686098654709,0.871993364666851
3,0.03,0.9213928273561302,0.8956222132144305,0.9083247687564234,0.9165971643035863,0.902113687666735,0.909297755714138,0.8990825688073395,0.8567454798331016,0.87740360158714,0.872185154295246,0.8559443421321874,0.8639884333367757
4,0.04,0.8796914095079232,0.9288859533245266,0.9036196187620474,0.8736447039199333,0.9350591385851372,0.9033092594588766,0.8561301084236864,0.8833907056798623,0.8695468022024566,0.8716136631330977,0.8273703041144902,0.8489159114374212
5,0.05,0.8994110718492344,0.9043107531975367,0.9018542577063895,0.8939929328621908,0.9122596153846154,0.9030339083878643,0.8661955241460542,0.8478210744754439,0.856909811232813,0.8393404004711426,0.8489397188467953,0.8441127694859039
6,0.06,0.8628975265017668,0.9271070615034168,0.8938506588579794,0.8558303886925795,0.9344135802469136,0.8933972703799337,0.8906958144494801,0.8202798919715197,0.8540388548057259,0.8573713676352972,0.821455938697318,0.8390294808244194
7,0.07,0.8946947480671821,0.9036079698438342,0.8991292699263229,0.8872300719808052,0.9112814895947426,0.8990949615020938,0.8659024260197281,0.8451730418943534,0.8554121675006584,0.8304452146094374,0.8384925975773889,0.8344495044200374
8,0.08,0.9149689991142604,0.884417808219178,0.8994340444057468,0.9117212872748746,0.8968922451350566,0.9042459736456808,0.8774726896958961,0.816932380428807,0.8461209964412811,0.8417478594626513,0.811095305832148,0.8261373514923211
9,0.09,0.8901682905225864,0.9089538739825144,0.8994630071599046,0.8848538529672276,0.9201719373656739,0.9021673690547862,0.8520814880425155,0.8360370799536501,0.8439830384559146,0.8175376439326838,0.831032412965186,0.8242297961006103
10,0.1,0.9027688345138442,0.8907242693773825,0.8967061080908219,0.8960077269800386,0.9012305699481865,0.8986115595737811,0.8628461043142305,0.8163265306122449,0.8389419314446706,0.8261429491307147,0.8146031746031746,0.8203324808184143
