,filter_abundance,precision_by_num_reads,recall_by_num_reads,F1_by_num_reads,precision_by_nts,recall_by_nts,F1_by_nts,precision_by_mean_cov,recall_by_mean_cov,F1_by_mean_cov,precision_by_med_cov,recall_by_med_cov,F1_by_med_cov
0,0.0,0.7558282208588957,0.3412742382271468,0.4702290076335878,0.8282208588957055,0.264291307752545,0.4007123775601068,0.8282208588957055,0.264291307752545,0.4007123775601068,0.010429447852760737,0.11724137931034483,0.01915492957746479
1,0.01,0.7558282208588957,0.3412742382271468,0.4702290076335878,0.7533742331288343,0.34407397029980386,0.4723985381804194,0.798159509202454,0.2882783071127853,0.42357154484779425,0.025,0.01818181818181818,0.021052631578947368
2,0.02,0.7558282208588957,0.3412742382271468,0.4702290076335878,0.7533742331288343,0.34407397029980386,0.4723985381804194,0.7711656441717791,0.299642431466031,0.431587982832618,0.025,0.01818181818181818,0.021052631578947368
3,0.03,0.7558282208588957,0.3412742382271468,0.4702290076335878,0.7533742331288343,0.34407397029980386,0.4723985381804194,0.7558282208588957,0.31276973851231277,0.44244927275992096,0.025,0.01818181818181818,0.021052631578947368
4,0.04,0.7558282208588957,0.3412742382271468,0.4702290076335878,0.7533742331288343,0.34407397029980386,0.4723985381804194,0.7392638036809815,0.3240118311374025,0.45055150495419705,0.025,0.01818181818181818,0.021052631578947368
5,0.05,0.6858895705521473,0.40375586854460094,0.5082973403046147,0.745398773006135,0.34635119726339797,0.47294667185675365,0.7220858895705522,0.3340902639795629,0.456821269163594,0.025,0.01818181818181818,0.021052631578947368
6,0.06,0.6858895705521473,0.40375586854460094,0.5082973403046147,0.7294478527607362,0.35975794251134646,0.48186423505572445,0.7061349693251534,0.34368468199462526,0.46234183570998194,0.025,0.01818181818181818,0.021052631578947368
7,0.07,0.6858895705521473,0.40375586854460094,0.5082973403046147,0.7134969325153374,0.37002863506204264,0.48732453383616176,0.6932515337423313,0.35412096521466624,0.4687824102883219,0.025,0.01818181818181818,0.021052631578947368
8,0.08,0.6858895705521473,0.40375586854460094,0.5082973403046147,0.6779141104294478,0.41354790419161674,0.513714551371455,0.6840490797546013,0.36581364829396323,0.47669944420692606,0.025,0.01818181818181818,0.021052631578947368
9,0.09,0.6858895705521473,0.40375586854460094,0.5082973403046147,0.6779141104294478,0.41354790419161674,0.513714551371455,0.6699386503067485,0.37448559670781895,0.4804223493180819,0.025,0.01818181818181818,0.021052631578947368
10,0.1,0.6858895705521473,0.40375586854460094,0.5082973403046147,0.6779141104294478,0.41354790419161674,0.513714551371455,0.656441717791411,0.3832378223495702,0.48394391677973764,0.025,0.01818181818181818,0.021052631578947368
