,filter_abundance,precision_by_num_reads,recall_by_num_reads,F1_by_num_reads,precision_by_nts,recall_by_nts,F1_by_nts,precision_by_mean_cov,recall_by_mean_cov,F1_by_mean_cov,precision_by_med_cov,recall_by_med_cov,F1_by_med_cov
0,0.0,0.9268680445151033,0.18116842759477936,0.3030933194697166,0.9936406995230525,0.13188436378982907,0.23286140089418775,0.9936406995230525,0.13188436378982907,0.23286140089418775,0.02702702702702703,0.14049586776859505,0.04533333333333334
1,0.01,0.9268680445151033,0.18116842759477936,0.3030933194697166,0.985691573926868,0.14465702286514232,0.25228891149542215,0.972972972972973,0.14488636363636365,0.2522151246651556,0.0,0.0,0.0
2,0.02,0.9268680445151033,0.18116842759477936,0.3030933194697166,0.9268680445151033,0.18379571248423707,0.30676137858458297,0.9666136724960255,0.1541191381495564,0.2658504591167468,0.0,0.0,0.0
3,0.03,0.9268680445151033,0.18116842759477936,0.3030933194697166,0.9268680445151033,0.18379571248423707,0.30676137858458297,0.9507154213036566,0.16109913793103448,0.2755125547108961,0.0,0.0,0.0
4,0.04,0.9268680445151033,0.18116842759477936,0.3030933194697166,0.9268680445151033,0.18379571248423707,0.30676137858458297,0.9300476947535771,0.16647694934547524,0.2824040550325851,0.0,0.0,0.0
5,0.05,0.9268680445151033,0.18116842759477936,0.3030933194697166,0.9268680445151033,0.18379571248423707,0.30676137858458297,0.9141494435612083,0.17231045849565477,0.2899646999495713,0.0,0.0,0.0
6,0.06,0.9268680445151033,0.18116842759477936,0.3030933194697166,0.9268680445151033,0.18379571248423707,0.30676137858458297,0.9030206677265501,0.17867253853413023,0.29831932773109243,0.0,0.0,0.0
7,0.07,0.8426073131955485,0.21837659662134323,0.34685863874345546,0.9141494435612083,0.19090305444887118,0.31584729469925843,0.8950715421303657,0.185747278126031,0.3076502732240437,0.0,0.0,0.0
8,0.08,0.8426073131955485,0.21837659662134323,0.34685863874345546,0.9062003179650239,0.1986062717770035,0.32580737353529576,0.8839427662957074,0.191592005513439,0.3149249504389691,0.0,0.0,0.0
9,0.09,0.8426073131955485,0.21837659662134323,0.34685863874345546,0.8378378378378378,0.22579263067694944,0.35572055349308135,0.875993640699523,0.19827275998560634,0.32335680751173707,0.0,0.0,0.0
10,0.1,0.8426073131955485,0.21837659662134323,0.34685863874345546,0.8378378378378378,0.22579263067694944,0.35572055349308135,0.8648648648648649,0.20382165605095542,0.32989690721649484,0.0,0.0,0.0
