,filter_abundance,precision_by_num_reads,recall_by_num_reads,F1_by_num_reads,precision_by_nts,recall_by_nts,F1_by_nts,precision_by_mean_cov,recall_by_mean_cov,F1_by_mean_cov,precision_by_med_cov,recall_by_med_cov,F1_by_med_cov
0,0.0,0.726957726957727,0.32517048977061375,0.44934675519383166,0.7983367983367984,0.24161073825503357,0.370954757687973,0.7983367983367984,0.24161073825503357,0.370954757687973,0.009009009009009009,0.09848484848484848,0.016507936507936506
1,0.01,0.726957726957727,0.32517048977061375,0.44934675519383166,0.7830907830907831,0.2617558489691916,0.3923611111111111,0.7692307692307693,0.2611764705882353,0.38995257333567546,0.0,0.0,0.0
2,0.02,0.726957726957727,0.32517048977061375,0.44934675519383166,0.726957726957727,0.3301857097891092,0.45411255411255413,0.7574497574497574,0.27573158425832495,0.40429073423340117,0.0,0.0,0.0
3,0.03,0.726957726957727,0.32517048977061375,0.44934675519383166,0.726957726957727,0.3301857097891092,0.45411255411255413,0.7408177408177408,0.28636485400482187,0.41306027820710967,0.0,0.0,0.0
4,0.04,0.726957726957727,0.32517048977061375,0.44934675519383166,0.726957726957727,0.3301857097891092,0.45411255411255413,0.7234927234927235,0.2957507082152975,0.4198672833299819,0.0,0.0,0.0
5,0.05,0.726957726957727,0.32517048977061375,0.44934675519383166,0.726957726957727,0.3301857097891092,0.45411255411255413,0.7061677061677062,0.30399761336515513,0.42502606882168925,0.0,0.0,0.0
6,0.06,0.726957726957727,0.32517048977061375,0.44934675519383166,0.726957726957727,0.3301857097891092,0.45411255411255413,0.693000693000693,0.31338138514572234,0.4315925766076823,0.0,0.0,0.0
7,0.07,0.6555786555786556,0.39107069036792064,0.48990160538581046,0.7165627165627165,0.3423841059602649,0.46336544924938383,0.6798336798336798,0.32206172028890345,0.4370683893963021,0.0,0.0,0.0
8,0.08,0.6555786555786556,0.39107069036792064,0.48990160538581046,0.7061677061677062,0.353451266042317,0.47110494683310217,0.6729036729036729,0.33321894303363075,0.4457195317879275,0.0,0.0,0.0
9,0.09,0.6555786555786556,0.39107069036792064,0.48990160538581046,0.6909216909216909,0.3605786618444846,0.47385931558935357,0.6645876645876646,0.3434813753581662,0.4528925619834711,0.0,0.0,0.0
10,0.1,0.6555786555786556,0.39107069036792064,0.48990160538581046,0.6493416493416494,0.4011130136986301,0.4958983858163535,0.6521136521136521,0.35151288756070226,0.45679611650485435,0.0,0.0,0.0
