,filter_abundance,precision_by_num_reads,recall_by_num_reads,F1_by_num_reads,precision_by_nts,recall_by_nts,F1_by_nts,precision_by_mean_cov,recall_by_mean_cov,F1_by_mean_cov,precision_by_med_cov,recall_by_med_cov,F1_by_med_cov
0,0.0,0.9971284996410624,0.648535076456169,0.7859113091449182,0.999102656137832,0.6216638749302066,0.766434914297515,0.999102656137832,0.6216638749302066,0.766434914297515,0.8783201722900216,0.7551303811140256,0.8120799800879448
1,0.01,0.9276740847092606,0.8236137667304015,0.8725523295070898,0.9258793969849246,0.8284888389272523,0.8744808882108653,0.915470208183776,0.7981536535753403,0.8527961213742371,0.7670495333811916,0.8299029126213592,0.7972393210221974
2,0.02,0.8664752333094041,0.8771802325581395,0.8717948717948717,0.8623474515434314,0.8821369561226363,0.8721299573464015,0.8549892318736539,0.8484416740872662,0.8517028694019844,0.6866475233309404,0.8677704694942163,0.7666566476304979
3,0.03,0.8158650394831299,0.9124849458048976,0.8614743225317415,0.8097631012203876,0.9168868116236537,0.8600019060325931,0.8047379755922469,0.8811161328355276,0.8411968858456055,0.7330108827085853,0.7840144852560786,0.7576552930883639
4,0.04,0.9051995163240629,0.8181420765027322,0.8594718714121699,0.9022974607013301,0.8263565891472868,0.8626589595375723,0.8795646916565901,0.7759761041177725,0.8245295851280889,0.7325272067714631,0.7843086483687208,0.7575340752782294
5,0.05,0.8720677146311971,0.8508730533270411,0.8613400214976712,0.8691656590084643,0.859602965797656,0.8643578643578643,0.849093107617896,0.8056447911886186,0.8267985399740964,0.6831922611850061,0.8183661645422943,0.7446948728087519
6,0.06,0.841596130592503,0.878122634367903,0.8594714744381329,0.8345828295042321,0.8850987432675045,0.8590988299726162,0.8183796856106409,0.8288023512123439,0.8235580433195425,0.6336154776299879,0.841091492776886,0.7227586206896551
7,0.07,0.8079806529625151,0.8990850376749193,0.8511017704750987,0.8033857315598549,0.9081465281574631,0.8525599897343771,0.7869407496977026,0.8465140478668054,0.8156410577766638,0.6336154776299879,0.841091492776886,0.7227586206896551
8,0.08,0.8940234134319162,0.8281963470319634,0.8598518518518519,0.88909426987061,0.837979094076655,0.862780269058296,0.8533579790511399,0.7630853994490359,0.8057009889470623,0.6900800985828712,0.7750865051903114,0.7301173402868318
9,0.09,0.8672211953173136,0.8507101843457238,0.858886346300534,0.863524337646334,0.8619311193111932,0.8627269929208988,0.8308687615526802,0.7846959557753855,0.8071225497531048,0.6568083795440542,0.7949291573452647,0.7192982456140351
10,0.1,0.8407270486752927,0.8710501117140121,0.8556200031352879,0.8348736906962415,0.8804418453541261,0.8570524984187223,0.8111521873074553,0.8071735131820968,0.8091579594345422,0.6947761194029851,0.7477911646586345,0.7203094777562862
