,filter_abundance,precision_by_num_reads,recall_by_num_reads,F1_by_num_reads,precision_by_nts,recall_by_nts,F1_by_nts,precision_by_mean_cov,recall_by_mean_cov,F1_by_mean_cov,precision_by_med_cov,recall_by_med_cov,F1_by_med_cov
0,0.0,0.7434966727162734,0.3417686318131257,0.46827967231853684,0.822746521476104,0.26798029556650244,0.4042806183115339,0.822746521476104,0.26798029556650244,0.4042806183115339,0.0102843315184513,0.12056737588652482,0.018952062430323297
1,0.01,0.7434966727162734,0.3417686318131257,0.46827967231853684,0.7392619479733817,0.3459796149490374,0.4713596914175507,0.7840290381125227,0.2891566265060241,0.42249388753056233,0.0,0.0,0.0
2,0.02,0.7434966727162734,0.3417686318131257,0.46827967231853684,0.7392619479733817,0.3459796149490374,0.4713596914175507,0.7676950998185118,0.3051948051948052,0.4367578729994837,0.0,0.0,0.0
3,0.03,0.7434966727162734,0.3417686318131257,0.46827967231853684,0.7392619479733817,0.3459796149490374,0.4713596914175507,0.7537810042347247,0.31997945557267593,0.4492518478456824,0.0,0.0,0.0
4,0.04,0.7434966727162734,0.3417686318131257,0.46827967231853684,0.7392619479733817,0.3459796149490374,0.4713596914175507,0.7392619479733817,0.3329700272479564,0.45913958294195,0.0,0.0,0.0
5,0.05,0.6823956442831216,0.4060475161987041,0.5091401489505755,0.735632183908046,0.3514450867052023,0.4756503031488363,0.721113127646703,0.3429228998849252,0.4648079547670111,0.0,0.0,0.0
6,0.06,0.6823956442831216,0.4060475161987041,0.5091401489505755,0.7180883242589232,0.3636642156862745,0.4828147244254627,0.7065940713853599,0.35361792310021195,0.47134786117836963,0.0,0.0,0.0
7,0.07,0.6823956442831216,0.4060475161987041,0.5091401489505755,0.6757410768300061,0.4149331352154532,0.5141542002301497,0.6884452510586812,0.36161423578010804,0.4741666666666667,0.0,0.0,0.0
8,0.08,0.6823956442831216,0.4060475161987041,0.5091401489505755,0.6757410768300061,0.4149331352154532,0.5141542002301497,0.6757410768300061,0.37146657798470234,0.47939914163090125,0.0,0.0,0.0
9,0.09,0.6823956442831216,0.4060475161987041,0.5091401489505755,0.6757410768300061,0.4149331352154532,0.5141542002301497,0.6575922565033273,0.3776928422515636,0.4798057823879938,0.0,0.0,0.0
10,0.1,0.6140350877192983,0.4539355992844365,0.521985086140396,0.6757410768300061,0.4149331352154532,0.5141542002301497,0.6436781609195402,0.38578680203045684,0.48243028791657216,0.0,0.0,0.0
