,filter_abundance,precision_by_num_reads,recall_by_num_reads,F1_by_num_reads,precision_by_nts,recall_by_nts,F1_by_nts,precision_by_mean_cov,recall_by_mean_cov,F1_by_mean_cov,precision_by_med_cov,recall_by_med_cov,F1_by_med_cov
0,0.0,0.9973206311402203,0.739514348785872,0.8492838129040435,0.9982137540934802,0.7249729729729729,0.8399298597194389,0.9982137540934802,0.7249729729729729,0.8399298597194389,0.9775230723429592,0.7879769618430525,0.8725750730799894
1,0.01,0.8757070556713308,0.9330689928628073,0.903478461184059,0.8742185174158976,0.936682615629984,0.9043732676316599,0.8699017564751415,0.9082996580665216,0.8886861313868613,0.8307532003572492,0.9119281045751634,0.8694500701043777
2,0.02,0.9065181668796787,0.8976676911950823,0.9020712209302326,0.9035968595946686,0.9042572629270966,0.9039269406392693,0.8902683951068103,0.8642325416518964,0.8770572893245796,0.8548475442760636,0.8673582808447573,0.8610574712643679
3,0.03,0.9291772688719253,0.876750700280112,0.9022030059707639,0.928117048346056,0.8869300911854103,0.9070562635996272,0.9026717557251909,0.8327464788732394,0.8663003663003663,0.8594147582697201,0.8361873323705384,0.8476419533619156
4,0.04,0.8876166242578456,0.9123801220575414,0.8998280309544283,0.8837998303647159,0.9213085764809903,0.9021645021645022,0.8632315521628499,0.8656176908356368,0.8644229748380932,0.8225190839694656,0.8608521970705726,0.841249186727391
5,0.05,0.9084745762711864,0.8828235294117647,0.8954653937947494,0.9033898305084745,0.8908787010506208,0.8970906467900938,0.876997578692494,0.8284537968892955,0.8520348153375678,0.8382566585956417,0.8296189791516895,0.833915452246176
6,0.06,0.8726392251815981,0.9087241553202219,0.8903162055335968,0.8668280871670703,0.9174782162993337,0.8914342629482073,0.8406779661016949,0.8478632478632478,0.8442553191489361,0.8002421307506054,0.8472186618815688,0.8230606400199229
7,0.07,0.9026644915715063,0.8924731182795699,0.8975398756420654,0.8988580750407831,0.9035255534298989,0.9011857707509882,0.8613376835236541,0.8215767634854771,0.8409875232280329,0.8181076672104405,0.8223558349275758,0.8202262505111081
8,0.08,0.8684067427949973,0.9115296803652968,0.8894458368142579,0.8646003262642741,0.9230769230769231,0.8928822125508915,0.8349646547036433,0.8434496017577588,0.839185681103976,0.7887438825448614,0.8418456181079512,0.8144300954519933
9,0.09,0.8932448733413751,0.8943236714975845,0.8937839468919735,0.887816646562123,0.9050107592991086,0.8963312528543157,0.8489143546441495,0.8168891468369124,0.8325939071280687,0.7985524728588661,0.8140178296956655,0.8062109910184198
10,0.1,0.8624849215922799,0.9111181905065308,0.8861347792408985,0.8558504221954162,0.9214285714285714,0.8874296435272044,0.8247889022919179,0.8366472927500764,0.8306757782839786,0.77291917973462,0.8353976531942634,0.8029448621553885
