,filter_abundance,precision_by_num_reads,recall_by_num_reads,F1_by_num_reads,precision_by_nts,recall_by_nts,F1_by_nts,precision_by_mean_cov,recall_by_mean_cov,F1_by_mean_cov,precision_by_med_cov,recall_by_med_cov,F1_by_med_cov
0,0.0,0.9926512153759186,0.6357711803041275,0.7751048333701169,0.9952892406255889,0.6076852277956741,0.7546253303807414,0.9952892406255889,0.6076852277956741,0.7546253303807414,0.7802901827774638,0.7634587020648967,0.7717826856770105
1,0.01,0.9314113435085736,0.7980303519535034,0.8595774280497347,0.9327303561334087,0.7941601155141986,0.8578856152512998,0.9255700018843037,0.7731780261293877,0.8425385934819897,0.6350103636706237,0.8397707450784949,0.723175965665236
2,0.02,0.8818541548897683,0.8478260869565217,0.8645054031587697,0.8814772941398153,0.8539612997444322,0.8675011590171534,0.8716789146410401,0.8243050605844618,0.847330341606374,0.6350103636706237,0.8397707450784949,0.723175965665236
3,0.03,0.8345581307706802,0.8829744816586922,0.8580838903419549,0.8311663840211042,0.8882400322190898,0.8587559622310913,0.8241944601469757,0.8549648162627053,0.8392977069941475,0.6531853026698388,0.7568147013782542,0.7011918274687855
4,0.04,0.7874505370265686,0.903177004538578,0.8413529293336018,0.784624081401922,0.9105619943144544,0.842914979757085,0.9080095162569389,0.7251424952501583,0.8063380281690141,0.6531853026698388,0.7568147013782542,0.7011918274687855
5,0.05,0.9019296854348401,0.795152645071079,0.8451820658905126,0.8969072164948454,0.7976022566995769,0.8443449048152296,0.8797250859106529,0.7517506211881635,0.8107186358099878,0.6531853026698388,0.7568147013782542,0.7011918274687855
6,0.06,0.8736452550885541,0.8196924603174603,0.8458093410108766,0.8707375099127677,0.8276381909547739,0.8486409893082573,0.852498017446471,0.7750540735400144,0.8119335347432024,0.5794343113930743,0.7907647907647908,0.6688024408848208
7,0.07,0.8472112080359503,0.8440874374506189,0.8456464379947229,0.8390166534496432,0.8491171749598716,0.8440366972477065,0.8250066085117631,0.7945519348268839,0.8094929321748151,0.5794343113930743,0.7907647907647908,0.6688024408848208
8,0.08,0.8183980967486122,0.8645629712370846,0.8408473655621944,0.8115252445149352,0.8706749858196257,0.8400601997537283,0.8001586042823157,0.8134909970438055,0.8067697228144989,0.5794343113930743,0.7907647907647908,0.6688024408848208
9,0.09,0.7909066878139043,0.8825958702064897,0.8342395092708769,0.7861485593444356,0.8909526662672259,0.8352759443898329,0.7731958762886598,0.8274398868458275,0.7993987428259087,0.6063939498109316,0.7319502074688796,0.6632825719120136
10,0.1,0.8814025438294947,0.7955321129382563,0.8362687540769733,0.878652457889309,0.8070729396905589,0.8413429888084266,0.8456514266070815,0.7314897413024085,0.784438775510204,0.6063939498109316,0.7319502074688796,0.6632825719120136
