,filter_abundance,precision_by_num_reads,recall_by_num_reads,F1_by_num_reads,precision_by_nts,recall_by_nts,F1_by_nts,precision_by_mean_cov,recall_by_mean_cov,F1_by_mean_cov,precision_by_med_cov,recall_by_med_cov,F1_by_med_cov
0,0.0,0.9175738724727839,0.1835718730553827,0.30593725693544205,0.9906687402799378,0.13430318363904703,0.23653917564054958,0.9906687402799378,0.13430318363904703,0.23653917564054958,0.012441679626749611,0.06896551724137931,0.021080368906455864
1,0.01,0.9175738724727839,0.1835718730553827,0.30593725693544205,0.9720062208398134,0.14650726676043133,0.25463434508046445,0.973561430793157,0.14837639251007348,0.2575071986836693,0.0,0.0,0.0
2,0.02,0.9175738724727839,0.1835718730553827,0.30593725693544205,0.9160186625194401,0.1864514086736309,0.309836927932667,0.9471228615863142,0.15464702894870494,0.2658808120497708,0.0,0.0,0.0
3,0.03,0.9175738724727839,0.1835718730553827,0.30593725693544205,0.9160186625194401,0.1864514086736309,0.309836927932667,0.9206842923794712,0.15982721382289417,0.2723717506326202,0.0,0.0,0.0
4,0.04,0.9175738724727839,0.1835718730553827,0.30593725693544205,0.9160186625194401,0.1864514086736309,0.309836927932667,0.911353032659409,0.1673807483576121,0.2828185328185328,0.0,0.0,0.0
5,0.05,0.9175738724727839,0.1835718730553827,0.30593725693544205,0.9160186625194401,0.1864514086736309,0.309836927932667,0.8973561430793157,0.17348165965123272,0.290753338372386,0.0,0.0,0.0
6,0.06,0.9175738724727839,0.1835718730553827,0.30593725693544205,0.9160186625194401,0.1864514086736309,0.309836927932667,0.8818040435458787,0.17903378591727187,0.29763779527559053,0.0,0.0,0.0
7,0.07,0.8289269051321928,0.220703933747412,0.3485938521909745,0.8973561430793157,0.19349429912810195,0.3183448275862069,0.8631415241057543,0.1835924578233543,0.3027823240589198,0.0,0.0,0.0
8,0.08,0.8289269051321928,0.220703933747412,0.3485938521909745,0.8880248833592534,0.20056199508254302,0.3272206303724928,0.8491446345256609,0.18886198547215496,0.3089983022071307,0.0,0.0,0.0
9,0.09,0.8289269051321928,0.220703933747412,0.3485938521909745,0.8211508553654744,0.22631804543506215,0.3548387096774193,0.838258164852255,0.19472543352601157,0.31603635297566696,0.0,0.0,0.0
10,0.1,0.8289269051321928,0.220703933747412,0.3485938521909745,0.8211508553654744,0.22631804543506215,0.3548387096774193,0.8211508553654744,0.19879518072289157,0.32009699909063355,0.0,0.0,0.0
