,filter_abundance,precision_by_num_reads,recall_by_num_reads,F1_by_num_reads,precision_by_nts,recall_by_nts,F1_by_nts,precision_by_mean_cov,recall_by_mean_cov,F1_by_mean_cov,precision_by_med_cov,recall_by_med_cov,F1_by_med_cov
0,0.0,0.8491803278688524,0.115676641357749,0.20361635220125787,0.9934426229508196,0.08186976492839773,0.15127309036445333,0.9934426229508196,0.08186976492839773,0.15127309036445333,0.013114754098360656,0.05970149253731343,0.021505376344086023
1,0.01,0.8491803278688524,0.115676641357749,0.20361635220125787,0.9770491803278688,0.08808749630505469,0.1616052060737527,0.9606557377049181,0.08730631704410012,0.1600655558590549,0.0,0.0,0.0
2,0.02,0.8491803278688524,0.115676641357749,0.20361635220125787,0.9639344262295082,0.09032258064516129,0.16516853932584266,0.940983606557377,0.09025157232704402,0.16470588235294115,0.0,0.0,0.0
3,0.03,0.8491803278688524,0.115676641357749,0.20361635220125787,0.8459016393442623,0.11743286299499317,0.2062350119904077,0.921311475409836,0.09267810026385224,0.16841474378183996,0.0,0.0,0.0
4,0.04,0.8491803278688524,0.115676641357749,0.20361635220125787,0.8459016393442623,0.11743286299499317,0.2062350119904077,0.9114754098360656,0.0957960027567195,0.173370751481135,0.0,0.0,0.0
5,0.05,0.8491803278688524,0.115676641357749,0.20361635220125787,0.8459016393442623,0.11743286299499317,0.2062350119904077,0.8950819672131147,0.09813084112149532,0.17687074829931973,0.0,0.0,0.0
6,0.06,0.8491803278688524,0.115676641357749,0.20361635220125787,0.8459016393442623,0.11743286299499317,0.2062350119904077,0.8754098360655738,0.0999251497005988,0.17937520994289555,0.0,0.0,0.0
7,0.07,0.8491803278688524,0.115676641357749,0.20361635220125787,0.8459016393442623,0.11743286299499317,0.2062350119904077,0.8721311475409836,0.10354223433242507,0.1851078636047321,0.0,0.0,0.0
8,0.08,0.8491803278688524,0.115676641357749,0.20361635220125787,0.8459016393442623,0.11743286299499317,0.2062350119904077,0.8557377049180328,0.10549717057396928,0.18783735156531126,0.0,0.0,0.0
9,0.09,0.8491803278688524,0.115676641357749,0.20361635220125787,0.8459016393442623,0.11743286299499317,0.2062350119904077,0.8524590163934426,0.1090146750524109,0.1933085501858736,0.0,0.0,0.0
10,0.1,0.8491803278688524,0.115676641357749,0.20361635220125787,0.8459016393442623,0.11743286299499317,0.2062350119904077,0.8459016393442623,0.11222270552414093,0.19815668202764977,0.0,0.0,0.0
