,filter_abundance,precision_by_num_reads,recall_by_num_reads,F1_by_num_reads,precision_by_nts,recall_by_nts,F1_by_nts,precision_by_mean_cov,recall_by_mean_cov,F1_by_mean_cov,precision_by_med_cov,recall_by_med_cov,F1_by_med_cov
0,0.0,0.7344173441734417,0.7277291301809691,0.7310579404175463,0.7430187345351714,0.706000895656068,0.7240369711234859,0.7430187345351714,0.706000895656068,0.7240369711234859,0.6581831035701662,0.7998281786941581,0.7221252666278845
1,0.01,0.8170221247757624,0.671526867627785,0.7371639241075443,0.7507232401157184,0.7702836411609498,0.7603776656356829,0.8084512656966315,0.6542990804968544,0.7232524964336662,0.7406816822802471,0.701926709482433,0.7207836291339346
2,0.02,0.8493444576877235,0.6661058141708731,0.746647108130763,0.8486293206197855,0.6722054380664653,0.7501843852070381,0.834088200238379,0.6428440198419989,0.7260842498443661,0.768772348033373,0.6707570715474209,0.716427857380873
3,0.03,0.8709324582991523,0.6598301222291278,0.7508250825082509,0.8703855619360131,0.666178317287568,0.7547125074096029,0.8558928083128248,0.6339882519748835,0.7284151733767745,0.7837024883784522,0.6492976891708201,0.7101970016107049
4,0.04,0.8860565110565111,0.6500675980171249,0.7499350142968547,0.8839066339066339,0.656777727065267,0.7536004189578425,0.8611793611793612,0.6153170945797674,0.717778062204019,0.8240963855421687,0.5866209262435678,0.6853707414829658
5,0.05,0.9029259896729777,0.6371144036920088,0.7470806038165766,0.9032702237521515,0.6458282057592911,0.7531572904707233,0.9001118151323145,0.568904593639576,0.6971709006928407,0.8306386418755053,0.5738620497067858,0.6787778695293145
6,0.06,0.9296685529506872,0.5977130977130977,0.7276178424549195,0.9280517380759903,0.6058047493403694,0.7330779054916986,0.904607922392886,0.5625942684766214,0.6937383756974581,0.826334208223972,0.5605341246290801,0.667963224893918
7,0.07,0.9335083114610674,0.5906448934403543,0.723512459738939,0.9308836395450568,0.5982569581107675,0.7283929488276569,0.9068241469816273,0.5538338231365215,0.6876762315475203,0.8269049858889934,0.5510971786833856,0.6613995485327313
8,0.08,0.9374412041392286,0.585143863769818,0.720535068691251,0.9346190028222013,0.5926036385326573,0.7253148384741741,0.9087488240827846,0.5466893039049237,0.6826855123674912,0.8244122061030515,0.5486018641810919,0.6588047171696982
9,0.09,0.9404702351175588,0.5829457364341085,0.7197549770290964,0.9389694847423712,0.5923004102240454,0.7263931888544892,0.9059529764882441,0.5410815655811174,0.677515899738122,0.820254506892895,0.5428070175438596,0.653293918918919
10,0.1,0.943796394485684,0.5820797907128843,0.7200647249190939,0.9411452810180275,0.591075591075591,0.726119860912252,0.9034994697773064,0.5358490566037736,0.672720094749309,0.8186383928571429,0.5401325478645066,0.6508429458740017
