,filter_abundance,precision_by_num_reads,recall_by_num_reads,F1_by_num_reads,precision_by_nts,recall_by_nts,F1_by_nts,precision_by_mean_cov,recall_by_mean_cov,F1_by_mean_cov,precision_by_med_cov,recall_by_med_cov,F1_by_med_cov
0,0.0,0.9946102021174206,0.6274438372799028,0.7694713328369323,0.9971126082771896,0.5957446808510638,0.7458603311735061,0.9971126082771896,0.5957446808510638,0.7458603311735061,0.7636188642925891,0.7645018307959144,0.764060092449923
1,0.01,0.9308950914340712,0.7816389203167933,0.8497627833421191,0.9308950914340712,0.7851924013638578,0.8518583759027656,0.9199230028873917,0.762079413171743,0.8335949764521194,0.6300288739172281,0.841388174807198,0.7205283434232251
2,0.02,0.8789220404234841,0.8384135145060595,0.8581900197349872,0.8794995187680462,0.8443910552578082,0.8615877805016028,0.8671799807507219,0.8156798841209487,0.8406419108042547,0.6300288739172281,0.841388174807198,0.7205283434232251
3,0.03,0.8340712223291626,0.8737648719499899,0.8534567658065788,0.8311838306063523,0.8810446847582126,0.8553882725832013,0.8161693936477382,0.8439490445859873,0.8298267932283003,0.6538461538461539,0.7550828902095714,0.7008274060095805
4,0.04,0.7882579403272377,0.8994069844058862,0.8401723430447271,0.7842155919153032,0.9049311417147934,0.8402598741878932,0.7765158806544754,0.8690219732873762,0.8201687506353562,0.6538461538461539,0.7550828902095714,0.7008274060095805
5,0.05,0.9011375947995667,0.7854107648725213,0.8393037336024219,0.9000541711809318,0.7961188308576904,0.8449021103483346,0.8764897074756229,0.7469990766389658,0.806580259222333,0.5831527627302275,0.7906720528828498,0.6712392829306314
6,0.06,0.8743228602383532,0.8161820480404551,0.844252648097293,0.8694474539544962,0.8239219712525667,0.84607274644175,0.850216684723727,0.7716322517207473,0.8090206185567012,0.5831527627302275,0.7906720528828498,0.6712392829306314
7,0.07,0.8485915492957746,0.8426573426573427,0.8456140350877193,0.8447995666305526,0.8528848783155591,0.8488229691114438,0.8244853737811484,0.7929148215681167,0.8083919798167574,0.5831527627302275,0.7906720528828498,0.6712392829306314
8,0.08,0.8206933911159263,0.86521987435751,0.842368640533778,0.816088840736728,0.8740934145633884,0.8440958117383388,0.8020043336944745,0.8148046230049533,0.8083538083538084,0.6150137741046832,0.7494754511120436,0.6756194439190467
9,0.09,0.7973997833152763,0.8875489900512511,0.8400627764303038,0.7900866738894908,0.8947852760736197,0.8391829689298045,0.7778981581798483,0.8329466357308585,0.8044817927170868,0.6150137741046832,0.7494754511120436,0.6756194439190467
10,0.1,0.8842975206611571,0.8178343949044586,0.8497683653209795,0.8791322314049587,0.8259462956971854,0.8517097581317765,0.8550275482093664,0.7577052181873665,0.8034298657175213,0.5619834710743802,0.7716312056737589,0.6503287507471608
