,filter_abundance,precision_by_num_reads,recall_by_num_reads,F1_by_num_reads,precision_by_nts,recall_by_nts,F1_by_nts,precision_by_mean_cov,recall_by_mean_cov,F1_by_mean_cov,precision_by_med_cov,recall_by_med_cov,F1_by_med_cov
0,0.0,0.8567415730337079,0.14035895075931892,0.24120205614867538,0.9887640449438202,0.09426888055704338,0.17212713936430318,0.9887640449438202,0.09426888055704338,0.17212713936430318,0.014044943820224719,0.05952380952380952,0.022727272727272728
1,0.01,0.8567415730337079,0.14035895075931892,0.24120205614867538,0.9775280898876404,0.10193321616871705,0.18461538461538463,0.9719101123595506,0.10221565731166912,0.18497727880245923,0.0,0.0,0.0
2,0.02,0.8567415730337079,0.14035895075931892,0.24120205614867538,0.9719101123595506,0.1057780495261388,0.1907912875654811,0.952247191011236,0.10583827661567281,0.1905029502669289,0.0,0.0,0.0
3,0.03,0.8567415730337079,0.14035895075931892,0.24120205614867538,0.8539325842696629,0.14299153339604892,0.24496373892022563,0.9325842696629213,0.10881678138315307,0.194892867625477,0.0,0.0,0.0
4,0.04,0.8567415730337079,0.14035895075931892,0.24120205614867538,0.8539325842696629,0.14299153339604892,0.24496373892022563,0.9241573033707865,0.11286449399656946,0.20116172424335066,0.0,0.0,0.0
5,0.05,0.8567415730337079,0.14035895075931892,0.24120205614867538,0.8539325842696629,0.14299153339604892,0.24496373892022563,0.9157303370786517,0.1167621776504298,0.2071156289707751,0.0,0.0,0.0
6,0.06,0.8567415730337079,0.14035895075931892,0.24120205614867538,0.8539325842696629,0.14299153339604892,0.24496373892022563,0.9044943820224719,0.12019410227696901,0.21219110378912684,0.0,0.0,0.0
7,0.07,0.8567415730337079,0.14035895075931892,0.24120205614867538,0.8539325842696629,0.14299153339604892,0.24496373892022563,0.8904494382022472,0.12320248736883016,0.21645612837145783,0.0,0.0,0.0
8,0.08,0.8567415730337079,0.14035895075931892,0.24120205614867538,0.8539325842696629,0.14299153339604892,0.24496373892022563,0.8735955056179775,0.12565656565656566,0.21971034969975275,0.0,0.0,0.0
9,0.09,0.8567415730337079,0.14035895075931892,0.24120205614867538,0.8539325842696629,0.14299153339604892,0.24496373892022563,0.8651685393258427,0.12903225806451613,0.2245716368939118,0.0,0.0,0.0
10,0.1,0.8567415730337079,0.14035895075931892,0.24120205614867538,0.8539325842696629,0.14299153339604892,0.24496373892022563,0.851123595505618,0.13179643323183993,0.22824858757062147,0.0,0.0,0.0
