,filter_abundance,precision_by_num_reads,recall_by_num_reads,F1_by_num_reads,precision_by_nts,recall_by_nts,F1_by_nts,precision_by_mean_cov,recall_by_mean_cov,F1_by_mean_cov,precision_by_med_cov,recall_by_med_cov,F1_by_med_cov
0,0.0,0.6655518394648829,0.28715728715728717,0.4012096774193548,0.802675585284281,0.20072483969891275,0.32114183764495985,0.802675585284281,0.20072483969891275,0.32114183764495985,0.005574136008918618,0.0684931506849315,0.010309278350515465
1,0.01,0.6655518394648829,0.28715728715728717,0.4012096774193548,0.7714604236343366,0.21181512090603,0.3323727185398655,0.7658862876254181,0.21190623072177667,0.33196424257066925,0.0,0.0,0.0
2,0.02,0.6655518394648829,0.28715728715728717,0.4012096774193548,0.7591973244147158,0.21764141898370087,0.33830104321907606,0.7447045707915273,0.21801566579634465,0.33728856349406716,0.0,0.0,0.0
3,0.03,0.6655518394648829,0.28715728715728717,0.4012096774193548,0.6577480490523969,0.29092702169625245,0.40341880341880343,0.7290969899665551,0.2242029482344875,0.3429470372312533,0.0,0.0,0.0
4,0.04,0.6655518394648829,0.28715728715728717,0.4012096774193548,0.6577480490523969,0.29092702169625245,0.40341880341880343,0.7112597547380156,0.22916666666666666,0.3466449334419994,0.0,0.0,0.0
5,0.05,0.6655518394648829,0.28715728715728717,0.4012096774193548,0.6577480490523969,0.29092702169625245,0.40341880341880343,0.6978818283166109,0.2348087021755439,0.3513892786977266,0.0,0.0,0.0
6,0.06,0.6655518394648829,0.28715728715728717,0.4012096774193548,0.6577480490523969,0.29092702169625245,0.40341880341880343,0.6833890746934225,0.24020376175548588,0.355465352276022,0.0,0.0,0.0
7,0.07,0.6655518394648829,0.28715728715728717,0.4012096774193548,0.6577480490523969,0.29092702169625245,0.40341880341880343,0.6755852842809364,0.2469437652811736,0.36168307967770813,0.0,0.0,0.0
8,0.08,0.6655518394648829,0.28715728715728717,0.4012096774193548,0.6577480490523969,0.29092702169625245,0.40341880341880343,0.6644370122630993,0.2523285351397121,0.3657563669837373,0.0,0.0,0.0
9,0.09,0.6655518394648829,0.28715728715728717,0.4012096774193548,0.6577480490523969,0.29092702169625245,0.40341880341880343,0.6454849498327759,0.2546174142480211,0.3651844843897824,0.0,0.0,0.0
10,0.1,0.6655518394648829,0.28715728715728717,0.4012096774193548,0.6577480490523969,0.29092702169625245,0.40341880341880343,0.6287625418060201,0.25765189584285064,0.3655217109526896,0.0,0.0,0.0
