,filter_abundance,precision_by_num_reads,recall_by_num_reads,F1_by_num_reads,precision_by_nts,recall_by_nts,F1_by_nts,precision_by_mean_cov,recall_by_mean_cov,F1_by_mean_cov,precision_by_med_cov,recall_by_med_cov,F1_by_med_cov
0,0.0,0.9965536005804462,0.6558433806852095,0.7910727141828653,0.9987302738980591,0.6283236334588611,0.7713645278789577,0.9987302738980591,0.6282519397535372,0.7713104994046369,0.8857246508253219,0.7623731459797034,0.8194327907367007
1,0.01,0.9272628333031018,0.828390860476422,0.875042793563848,0.9241792127698168,0.8308871493803001,0.8750536711034779,0.9191003083620534,0.809813009429439,0.8610025488530162,0.7908579720660257,0.8295281582952816,0.8097316371065093
2,0.02,0.8650462543079993,0.8772994849153789,0.871129783541876,0.8643206965354616,0.8843726800296956,0.8742317218603797,0.8547070560493379,0.8539325842696629,0.8543196446378388,0.7193905314710684,0.8666958041958042,0.7862027951234017
3,0.03,0.8151641574460367,0.9106382978723404,0.8602603369065851,0.8097224741520044,0.9147540983606557,0.8590397382853843,0.9155405405405406,0.7553255026876369,0.8277517181193412,0.7697876447876448,0.7841691248770895,0.7769118363370677
4,0.04,0.9075772200772201,0.8265934065934066,0.8651943869335175,0.9041988416988417,0.8350791174504123,0.8682655543969413,0.8836872586872587,0.7882049074472665,0.8332195676905575,0.7157335907335908,0.8132711817932547,0.7613913489924272
5,0.05,0.8747586872586872,0.8581912878787878,0.8663957934990438,0.8713803088803089,0.866362763915547,0.8688642925890279,0.8508687258687259,0.8137549042234018,0.831898077149935,0.7157335907335908,0.8132711817932547,0.7613913489924272
6,0.06,0.8419401544401545,0.8821744627054362,0.8615878503518953,0.8356660231660231,0.888632281241981,0.8613356547693073,0.819015444015444,0.833701793171211,0.8262933657942787,0.668918918918919,0.8336842105263158,0.7422680412371134
7,0.07,0.8074324324324325,0.8992206396130072,0.8508582326764145,0.8006756756756757,0.9060622610595304,0.8501152959262107,0.8710157879058683,0.760863908404892,0.8122222222222222,0.7125409591897528,0.7718618909325589,0.7410161090458489
8,0.08,0.8829311885612153,0.8434832100170746,0.862756512880221,0.8745904081024725,0.85002895193978,0.8621347819703421,0.850163836759011,0.7836353651839648,0.8155450778682669,0.6839439976169198,0.7939142461964038,0.7348375740118418
9,0.09,0.8591003872505213,0.8665865384615384,0.86282722513089,0.8507596067917784,0.8736616702355461,0.8620585571989134,0.8260351504319333,0.8014450867052023,0.8135543494205663,0.6839439976169198,0.7939142461964038,0.7348375740118418
10,0.1,0.8331843908251415,0.8854067742956632,0.8585021485573971,0.8245457253500149,0.8923275306254029,0.8570986220777209,0.8045874292523086,0.8202247191011236,0.8123308270676692,0.7266212826943748,0.7444933920704846,0.7354487760652765
