,filter_abundance,precision_by_num_reads,recall_by_num_reads,F1_by_num_reads,precision_by_nts,recall_by_nts,F1_by_nts,precision_by_mean_cov,recall_by_mean_cov,F1_by_mean_cov,precision_by_med_cov,recall_by_med_cov,F1_by_med_cov
0,0.0,0.7367424242424242,0.7250698974836906,0.7308595584781588,0.7423058712121212,0.7039739559946115,0.7226319428439731,0.7423058712121212,0.7039739559946115,0.7226319428439731,0.6666666666666666,0.7881332213825917,0.7223291009362576
1,0.01,0.7502808537955384,0.7525756600128783,0.7514265048621717,0.818364073777065,0.6615883306320908,0.731672342713748,0.8087409783480353,0.6389988911769365,0.7139191222015752,0.7485966319165999,0.6841333821912788,0.7149147999234157
2,0.02,0.8493413173652694,0.6486189866471557,0.7355320472930926,0.8488622754491018,0.6549621142117908,0.7394116419778844,0.8376047904191617,0.6282788357887172,0.7179960989631455,0.7765269461077844,0.6540246116602784,0.7100306614104248
3,0.03,0.8705654101995566,0.6339051463168517,0.7336213943711316,0.871119733924612,0.6420837589376915,0.7392684934728918,0.8536585365853658,0.6080947680157947,0.7102502017756255,0.7899113082039911,0.628029969149405,0.6997299287994108
4,0.04,0.8885082528807225,0.6255207191405393,0.7341739577972207,0.8860168171909063,0.6320817596089758,0.7378112033195022,0.8698224852071006,0.5967948717948718,0.7078950703332911,0.8022422921208346,0.6143572621035058,0.6958400864397624
5,0.05,0.9009287925696594,0.6181260325702148,0.7332026875699889,0.8995528035775714,0.626047402441944,0.7382834556747602,0.905511811023622,0.5531378836463582,0.6867624058012228,0.8170228721409823,0.5818424566088117,0.6796631316281971
6,0.06,0.9175103112110986,0.6173057517658931,0.7380485597949027,0.9148856392950881,0.6253203485392107,0.7428832394580606,0.913469387755102,0.5458536585365854,0.6833587786259543,0.823265306122449,0.5744802050697807,0.6767320919308841
7,0.07,0.9429455992923486,0.5721953837895867,0.7122097878737264,0.9402919062361786,0.5803985803985804,0.7177582714382174,0.9177355152587351,0.5365916731316266,0.6772193211488251,0.843127962085308,0.5340738516961874,0.6539239110457636
8,0.08,0.9478672985781991,0.5688282138794084,0.7109847138286528,0.9445497630331754,0.5771792644077613,0.7165198633830666,0.9180094786729858,0.5293796119158239,0.671520194141099,0.8465,0.5317211055276382,0.6531635802469136
9,0.09,0.951,0.5715144230769231,0.713963963963964,0.9505,0.5820575627679119,0.7219901253323205,0.9235,0.5321233074042063,0.67519649058673,0.8322784810126582,0.5383828045035824,0.653822249844624
10,0.1,0.9535864978902954,0.572695597085841,0.7156144864436967,0.9530590717299579,0.5830913197805744,0.7235235235235236,0.9261603375527426,0.5322825098514702,0.6760346487006738,0.8252372975991067,0.5289906943450251,0.644711014176663
