,filter_abundance,precision_by_num_reads,recall_by_num_reads,F1_by_num_reads,precision_by_nts,recall_by_nts,F1_by_nts,precision_by_mean_cov,recall_by_mean_cov,F1_by_mean_cov,precision_by_med_cov,recall_by_med_cov,F1_by_med_cov
0,0.0,0.9928763958413555,0.6323727774371551,0.7726421454790622,0.9961494031574895,0.6023282887077998,0.7507254788160185,0.9961494031574895,0.6021880819366853,0.7506165675322791,0.7870619946091644,0.7642550009347542,0.7754908470074932
1,0.01,0.9270311898344243,0.7875368007850834,0.8516094800141492,0.9278013092029265,0.7874183006535947,0.8518649460844969,0.9191374663072777,0.7653093940365502,0.8351994401679497,0.6559491721216789,0.8391625615763547,0.7363302355738061
2,0.02,0.878513669618791,0.841726618705036,0.8597268016957136,0.87639584135541,0.84862043251305,0.8622845235840122,0.8646515209857528,0.8178838098706975,0.8406176883481518,0.6559491721216789,0.8391625615763547,0.7363302355738061
3,0.03,0.8313438582980361,0.8788927335640139,0.8544573068170573,0.8267231420870235,0.8848135174119102,0.8547825221459142,0.8176742395071236,0.8512728001603528,0.8341353235785133,0.6771929824561403,0.7633100091268634,0.7176773455377575
4,0.04,0.784366576819407,0.9025254762959681,0.8393077873918418,0.7782056218713901,0.9068880412833744,0.8376334058646773,0.7724297266076242,0.8708487084870848,0.8186919702071218,0.6771929824561403,0.7633100091268634,0.7176773455377575
5,0.05,0.8974358974358975,0.7935560859188544,0.8423052564914502,0.8947368421052632,0.8014990328820116,0.8455554138502742,0.8771929824561403,0.7568700512342804,0.8126015751968996,0.6080971659919029,0.8037816625044595,0.6923786109403811
6,0.06,0.8736842105263158,0.8270311701584058,0.849717810736317,0.8690958164642375,0.833980833980834,0.851176315093841,0.8475033738191633,0.7799304520615996,0.8123140602768076,0.6080971659919029,0.8037816625044595,0.6923786109403811
7,0.07,0.8450742240215925,0.8524367002450313,0.8487394957983194,0.8426450742240216,0.8619547211485368,0.8521905281834311,0.8186234817813766,0.8000527565286204,0.80923159018143,0.627914951989026,0.7485690923957482,0.6829541215964192
8,0.08,0.8167341430499325,0.8733044733044732,0.8440725244072524,0.8121457489878543,0.882145998240985,0.845699831365936,0.7937921727395412,0.8212789723540911,0.8073016744441396,0.627914951989026,0.7485690923957482,0.6829541215964192
9,0.09,0.7894736842105263,0.8928571428571429,0.8379888268156425,0.7856950067476384,0.9031957803288861,0.8403579676674365,0.7670715249662619,0.8381008552049543,0.8010146561443068,0.627914951989026,0.7485690923957482,0.6829541215964192
10,0.1,0.872085048010974,0.8190016103059581,0.844710181033051,0.8731138545953361,0.833933835571569,0.8530742167867316,0.8395061728395061,0.7607209446861405,0.7981741115096185,0.5809327846364883,0.7717539863325741,0.662883975738603
