,filter_abundance,precision_by_num_reads,recall_by_num_reads,F1_by_num_reads,precision_by_nts,recall_by_nts,F1_by_nts,precision_by_mean_cov,recall_by_mean_cov,F1_by_mean_cov,precision_by_med_cov,recall_by_med_cov,F1_by_med_cov
0,0.0,0.9916255420966054,0.7536083645868848,0.8563864135348057,0.993719156572454,0.7312644437107957,0.8425256751616584,0.993719156572454,0.7312644437107957,0.8425256751616584,0.9669508000598176,0.799455984174085,0.8752622673434857
1,0.01,0.8698968147151189,0.9358108108108109,0.9016507788886307,0.8646627785254972,0.9383317104836092,0.8999922172931746,0.8642141468521011,0.9186138928628199,0.8905840653413469,0.8129205921938089,0.9276450511945392,0.8665019526580058
2,0.02,0.9047619047619048,0.8996146081849881,0.9021809146958683,0.9003322259136213,0.9048414023372288,0.9025811823480433,0.8898117386489479,0.8722634340510222,0.8809502055733212,0.8490217792543374,0.8795411089866156,0.8640120210368144
3,0.03,0.9223803363518758,0.8675725005069965,0.8941373184240776,0.9191461836998707,0.8751796345719565,0.8966242507098539,0.8986632169038379,0.8311066799601197,0.8635657308608722,0.8592065545493748,0.8396544458491361,0.8493179880647911
4,0.04,0.881845623113411,0.9024713150926743,0.8920392584514721,0.8760241483398017,0.9085420393559929,0.89198682766191,0.8607158257869771,0.8623892849427522,0.8615517427430668,0.8167313497197067,0.8668192219679633,0.8410301953818826
5,0.05,0.9121721919841662,0.87660485021398,0.894034917555771,0.9084611578426521,0.8856729377713459,0.8969223253541769,0.8864423552696685,0.8305516921650441,0.8575873623743419,0.8347352795645719,0.8337039782554979,0.8342193101743106
6,0.06,0.8797624938149431,0.9048346055979644,0.8921224284997491,0.8743196437407225,0.9129423921467321,0.8932136989763679,0.8527956457199406,0.8523738872403561,0.8525847143210488,0.8082632360217714,0.8501170960187353,0.8286620164870007
7,0.07,0.9024524662441444,0.8877744646245596,0.8950532932495218,0.8974924221548636,0.896504266446463,0.8969980721564306,0.8669054836042988,0.8265895953757225,0.8462676529926025,0.8159272526866905,0.8298766816143498,0.822842851187995
8,0.08,0.8729677597134197,0.9108683151236343,0.8915154073448713,0.868283273629099,0.9208065458796025,0.8937739327754928,0.8407274731330945,0.8484427141268076,0.8445674740484429,0.7900248002204464,0.8454733117074609,0.8168091168091168
9,0.09,0.8958460598656078,0.8917604134995439,0.8937985677281731,0.8927916921197312,0.9038342609771182,0.8982790411800862,0.8591936469150886,0.8256530672145582,0.8420895075587488,0.8036041539401344,0.8232165206508135,0.8132921174652242
10,0.1,0.8698839340256567,0.9134060295060936,0.8911138923654569,0.8653023824068418,0.9249102187397976,0.8941139340381885,0.8338423946243128,0.8441558441558441,0.8389674247080516,0.7816127061698228,0.8387413962635202,0.8091699604743082
