,filter_abundance,precision_by_num_reads,recall_by_num_reads,F1_by_num_reads,precision_by_nts,recall_by_nts,F1_by_nts,precision_by_mean_cov,recall_by_mean_cov,F1_by_mean_cov,precision_by_med_cov,recall_by_med_cov,F1_by_med_cov
0,0.0,0.9975209172606135,0.7303460011344299,0.8432772283712097,0.9986055159590951,0.7088649362076551,0.829152193490287,0.9986055159590951,0.7088649362076551,0.829152193490287,0.9707158351409978,0.7856784549786807,0.868450235652897
1,0.01,0.8870467926867059,0.9177621032382174,0.9021430822565395,0.8839479392624728,0.9223928860145514,0.9027612944062029,0.8792996591261233,0.8963828779023851,0.8877590926867424,0.8348311124883793,0.900852700217355,0.8665862484921593
2,0.02,0.9171133231240429,0.8752283522104494,0.8956814357823893,0.916156202143951,0.8830258302583026,0.8992859827132658,0.9050535987748851,0.8474637031726115,0.8753124132185504,0.8568147013782542,0.859612060687536,0.8582111015243026
3,0.03,0.8702143950995406,0.9156092648539779,0.8923348709392481,0.8654287901990811,0.9224648031014079,0.8930370370370371,0.8564318529862175,0.8819239109008477,0.8689909682431778,0.8166156202143952,0.8878251821019771,0.8507328746634758
4,0.04,0.9114382785956965,0.8811035690825487,0.8960142507236695,0.9089467723669309,0.890788013318535,0.8997757847533631,0.8865232163080408,0.8356105892399659,0.860314320254973,0.8416761041902605,0.8393946238988028,0.8405338158787604
5,0.05,0.8733861834654587,0.90879094979967,0.8907368907368908,0.8665911664779162,0.9155300311079205,0.8903886432394693,0.8525481313703285,0.8613272311212815,0.8569151963574275,0.7997734994337485,0.8612195121951219,0.8293599530240752
6,0.06,0.90625,0.8776796973518285,0.891736066623959,0.9010416666666666,0.8864975659748912,0.8937104481467131,0.8723958333333334,0.8164757494516207,0.8435100088127911,0.821875,0.8210197710718002,0.8214471629359709
7,0.07,0.8783854166666667,0.9052603327965647,0.8916204070843247,0.8700520833333333,0.9115961800818554,0.8903397734843438,0.8442708333333333,0.8375096874192715,0.840876669692647,0.7934895833333333,0.8373179444902445,0.8148148148148147
8,0.08,0.9054213317619328,0.8737560420813193,0.8893069020402259,0.9024749558043607,0.8865412445730825,0.8944371441086292,0.8688862698880377,0.8050778050778051,0.8357659061924331,0.8149675898644667,0.8043035766211107,0.8096004683155276
9,0.09,0.8815556865055981,0.8990384615384616,0.890211246652782,0.8744843842074249,0.9082007343941249,0.8910237166016213,0.842368886269888,0.8227338129496403,0.8324355801426698,0.7905126694166176,0.8194868662186927,0.804739052189562
10,0.1,0.8497348261638185,0.9126582278481012,0.8800732377174244,0.8432527990571597,0.9232258064516129,0.881429011395134,0.8185032410135533,0.8413082980012114,0.8297491039426523,0.7645845609899823,0.8319974350753446,0.7968678028558269
