,filter_abundance,precision_by_num_reads,recall_by_num_reads,F1_by_num_reads,precision_by_nts,recall_by_nts,F1_by_nts,precision_by_mean_cov,recall_by_mean_cov,F1_by_mean_cov,precision_by_med_cov,recall_by_med_cov,F1_by_med_cov
0,0.0,0.9972569338616275,0.7385170973930708,0.8486027361732478,0.9984760743675709,0.7177914110429447,0.8351816443594645,0.9984760743675709,0.7177914110429447,0.8351816443594645,0.975312404754648,0.7893438579181056,0.87252897068848
1,0.01,0.8785431270953977,0.9261044176706827,0.9016970360522405,0.8771715940262115,0.9303378050751576,0.9029727821789943,0.8735141725083816,0.9051002684351808,0.8890267545560294,0.8287107589149649,0.9104302695462917,0.8676505783805346
2,0.02,0.9099233788076995,0.8885036496350365,0.8990859569753485,0.908615212109886,0.8968824940047961,0.902710731526179,0.897776116613717,0.8604692817481641,0.878726906895921,0.8549803774995328,0.8682862023154299,0.8615819209039548
3,0.03,0.8613343300317697,0.9281111558598469,0.8934767858873703,0.8564754251541767,0.9349245206038351,0.8939822490978251,0.8463838534853299,0.8925896728419394,0.868872901678657,0.8753269398430689,0.8389387925631919,0.8567466666666665
4,0.04,0.8979947689625108,0.9017290435543883,0.8998580321065852,0.8953792502179599,0.9118756936736959,0.9035521829979106,0.8759808195292066,0.8578441835645678,0.8668176426183544,0.8280296425457716,0.8630168105406634,0.8451612903225807
5,0.05,0.8570183086312119,0.9264844486333648,0.8903985507246377,0.8513513513513513,0.9344497607655502,0.8909671532846715,0.8927860696517413,0.8214694438086518,0.8556442961020384,0.8544776119402985,0.8205924510272337,0.8371922983183038
6,0.06,0.8902985074626866,0.9021930930173935,0.8962063352948542,0.8845771144278607,0.9110940302331539,0.8976397829105136,0.8592039800995025,0.8418230563002681,0.85042471993106,0.8146766169154229,0.8434200360545969,0.828799190180944
7,0.07,0.8587064676616916,0.9262141132277971,0.8911836840067123,0.8502487562189055,0.9326057298772169,0.8895250487963566,0.8731802911534154,0.8057349522087316,0.8381029154910654,0.8367861142217246,0.8074014046461372,0.8218311795435799
8,0.08,0.8840985442329228,0.8979243673585442,0.8909578219777119,0.8801791713325868,0.909985528219971,0.8948342109008112,0.8502239641657335,0.8288755458515283,0.8394140409065783,0.805431131019037,0.8274374460742019,0.8162859980139027
9,0.09,0.8566629339305711,0.918918918918919,0.8866995073891626,0.8491041433370661,0.9278066687060263,0.88671246893729,0.8227883538633819,0.8457553956834533,0.8341138072938838,0.7819148936170213,0.8448275862068966,0.8121546961325966
10,0.1,0.8821339950372209,0.8997152799746916,0.8908379013312453,0.874379652605459,0.9093548387096774,0.8915243516761544,0.842741935483871,0.8225855283075991,0.832541749655278,0.7943548387096774,0.81952,0.8067412190896204
