,filter_abundance,precision_by_num_reads,recall_by_num_reads,F1_by_num_reads,precision_by_nts,recall_by_nts,F1_by_nts,precision_by_mean_cov,recall_by_mean_cov,F1_by_mean_cov,precision_by_med_cov,recall_by_med_cov,F1_by_med_cov
0,0.0,0.9960346070656092,0.6588768331942292,0.7931108719052745,0.9983777937995674,0.6315849486887115,0.773711412208409,0.9983777937995674,0.6314409484724122,0.7736033519553073,0.8927541456380678,0.762821500077006,0.8226891454198155
1,0.01,0.9224945926459985,0.8278874150760271,0.8726342710997441,0.9221341023792358,0.834039778284969,0.8758774182502996,0.910057678442682,0.807323313079629,0.8556176919166242,0.7957822638788753,0.8371255214258627,0.8159305119201627
2,0.02,0.8615717375630858,0.8809436048654626,0.8711499908875524,0.8581470800288392,0.8864271085458946,0.8720578807583111,0.8487743330930065,0.8561818181818182,0.8524619840695148,0.7209805335255948,0.8720296490080662,0.7893438579181055
3,0.03,0.8111031002162942,0.9157509157509157,0.8602561651691836,0.8065969718817592,0.9211609715932483,0.8600807226600038,0.7972242249459265,0.8854854854854854,0.839040121407569,0.7578947368421053,0.782608695652174,0.7700534759358288
4,0.04,0.8985645933014355,0.8330006653359947,0.8645413741512257,0.8944976076555023,0.8381528805200628,0.8654090961694247,0.8748803827751196,0.7929314830875975,0.8318926296633303,0.7138755980861244,0.8197802197802198,0.7631713554987212
5,0.05,0.8672248803827751,0.8659818442427138,0.8666029165670572,0.8622009569377991,0.870741725054361,0.8664502945065513,0.8423444976076555,0.8190276808560131,0.830522467272084,0.6667464114832536,0.8397107562518831,0.7432991065475397
6,0.06,0.8313397129186603,0.88625350675848,0.8579187754598199,0.8248803827751197,0.8918779099844801,0.8570718369376088,0.8098086124401914,0.8397419995038452,0.82450371452929,0.6667464114832536,0.8397107562518831,0.7432991065475397
7,0.07,0.7968899521531101,0.9061479869423286,0.8480142566191445,0.7875598086124402,0.9076371657016818,0.8433457153836302,0.7820574162679426,0.8613965744400527,0.8198119122257054,0.7142428785607197,0.7822660098522167,0.7467084639498434
8,0.08,0.8707646176911544,0.8383371824480369,0.8542432710692749,0.8680659670164917,0.8474824355971897,0.8576507184120872,0.847976011994003,0.7888423988842399,0.8173410404624278,0.6860569715142428,0.8056338028169014,0.7410526315789473
9,0.09,0.8458770614692653,0.8597988418165193,0.8527811366384521,0.8440779610194903,0.8720570012391574,0.8578394027121744,0.823088455772114,0.808303886925795,0.8156291784281683,0.6812593703148426,0.8096935138987883,0.7399446344243608
10,0.1,0.8224887556221889,0.8831294269156471,0.8517310976556436,0.8179910044977511,0.8920863309352518,0.8534334428280931,0.7985007496251874,0.8259925558312655,0.8120140265284342,0.6524737631184407,0.8251801289343952,0.7287340924313462
