,filter_abundance,precision_by_num_reads,recall_by_num_reads,F1_by_num_reads,precision_by_nts,recall_by_nts,F1_by_nts,precision_by_mean_cov,recall_by_mean_cov,F1_by_mean_cov,precision_by_med_cov,recall_by_med_cov,F1_by_med_cov
0,0.0,0.9923761118170267,0.7195669699412646,0.8342345950998064,0.9945997458703939,0.6970169189670525,0.8196335078534032,0.9945997458703939,0.6970169189670525,0.8196335078534032,0.9436149936467598,0.7874088800530152,0.8584639838161983
1,0.01,0.8899301143583227,0.9018187671012393,0.8958349988008634,0.8888182973316391,0.9062348178137651,0.8974420655921739,0.8846886912325286,0.8810503005378045,0.8828657473450626,0.7951080050825922,0.9000359582883855,0.844324506662169
2,0.02,0.9348441926345609,0.8439897698209718,0.8870967741935483,0.9305949008498584,0.8493074792243768,0.8880950082070097,0.9156212059894779,0.8119504755069084,0.860675225867808,0.8636179684338324,0.8223506743737957,0.8424792735886301
3,0.03,0.8911371914204775,0.8879032258064516,0.8895172692385377,0.8854714690408741,0.8936083316316112,0.8895212928143104,0.8715095103197086,0.8498421468034728,0.8605394605394605,0.7942128692836908,0.8645374449339207,0.8278844125711876
4,0.04,0.8429785511938487,0.9143985952589991,0.8772373131185515,0.8365034399028733,0.9184625638746945,0.8755692047018956,0.8340752731687576,0.8803929944468176,0.8566084788029925,0.7673006879805747,0.8787949015063731,0.8192719023441719
5,0.05,0.8926060606060606,0.8686010851615947,0.8804399808703971,0.888969696969697,0.8776926759214936,0.8832951945080091,0.8683636363636363,0.8202427295626288,0.843617522373999,0.7910303030303031,0.8300686848130246,0.8100794438927508
6,0.06,0.8644848484848485,0.8991427130610187,0.8814732418736868,0.8567272727272728,0.9059215585747245,0.880637926738101,0.8402424242424242,0.8453658536585366,0.8427963525835866,0.765090909090909,0.8416,0.8015238095238095
7,0.07,0.8999151823579304,0.854038100348806,0.8763766519823788,0.8965224766751484,0.8654475982532751,0.8807110123593944,0.8713599095278485,0.7970002585983967,0.8325229605618586,0.7794741306191688,0.8035558146313029,0.7913318025258324
8,0.08,0.8750353406841956,0.8810133788784514,0.878014184397163,0.8679672038450664,0.8888245512449334,0.8782720640823916,0.843652813118462,0.8153005464480875,0.8292344032235653,0.7619451512581283,0.8132166566083283,0.7867464603707487
9,0.09,0.8447837150127226,0.8986466165413534,0.870883124453512,0.8399773819621148,0.9093970003060912,0.8733098177542621,0.816793893129771,0.8323249783923942,0.824486301369863,0.7415889171614363,0.8269230769230769,0.7819347145625279
10,0.1,0.8873742291463811,0.866012036743744,0.8765630009618468,0.8841285296981499,0.8789932236205228,0.8815533980582524,0.8529698149951315,0.7966050318278266,0.8238244514106583,0.762739370334307,0.7976917854718262,0.7798241247718598
