,filter_abundance,precision_by_num_reads,recall_by_num_reads,F1_by_num_reads,precision_by_nts,recall_by_nts,F1_by_nts,precision_by_mean_cov,recall_by_mean_cov,F1_by_mean_cov,precision_by_med_cov,recall_by_med_cov,F1_by_med_cov
0,0.0,0.9925394967817437,0.756578947368421,0.8586433814224246,0.9934172030427151,0.7370306056001736,0.8462305295950157,0.9934172030427151,0.736950623982637,0.8461778082362469,0.9684025746050322,0.8032031060422228,0.8781005438387054
1,0.01,0.8622001170275014,0.9415335463258786,0.9001221747098351,0.8578115857226448,0.9441313798100145,0.8989039625967655,0.8562024575775308,0.9239147592738753,0.8887707842988383,0.8282621416032768,0.9253145938878902,0.8741026630644539
2,0.02,0.9033417175709666,0.9150136487716105,0.9091402224030375,0.9002874595759971,0.9199559390490178,0.9100154363025517,0.88699245418613,0.8858783420061008,0.8864350480294462,0.8449514911965504,0.8888678888678889,0.866353504651377
3,0.03,0.9253918495297806,0.8880866425992779,0.906355541909733,0.922466039707419,0.8958798457479197,0.9089785831960461,0.8959247648902822,0.8463968410661402,0.8704568527918781,0.8660397074190178,0.8509240246406571,0.858415328845158
4,0.04,0.8802507836990595,0.9184474487570868,0.898943549247679,0.877324973876698,0.9277348066298342,0.9018259935553168,0.8557993730407524,0.8759358288770054,0.8657505285412262,0.863764705882353,0.8225408917768318,0.8426489154137495
5,0.05,0.8981176470588236,0.8974841288502233,0.8978007761966366,0.8924705882352941,0.9046029096112569,0.8984957953334124,0.8675294117647059,0.8458362009635237,0.8565454756650017,0.8329411764705882,0.8448687350835322,0.8388625592417062
6,0.06,0.8609411764705882,0.9211983887210473,0.8900510824616882,0.8543529411764705,0.92769545222279,0.889514943655071,0.8769068911099421,0.8147605083088955,0.8446921712693185,0.8314045239347712,0.8142709943328181,0.8227485684539302
7,0.07,0.8787480273540242,0.895710455764075,0.8871481678173128,0.8753287743293003,0.906071331336782,0.8904347826086957,0.8471856917411889,0.8344559585492228,0.8407726442182197,0.8072067332982641,0.8312567713976164,0.8190552441953565
8,0.08,0.8503419253024724,0.9187269110542767,0.8832126758639531,0.8999124598774438,0.8910719445247038,0.8954703832752613,0.8616866063612489,0.8085980284775466,0.8342986297499648,0.8234607528450539,0.8090596330275229,0.8161966738973245
9,0.09,0.8771520280128392,0.9029738660258336,0.8898756660746004,0.8713160198424278,0.9125916870415648,0.8914763397522016,0.8392179749051649,0.8302540415704388,0.834711943114207,0.7980741173037642,0.8265336959806588,0.8120546318289785
10,0.1,0.8927554571338184,0.8930379746835443,0.8928966935611453,0.8895919012970579,0.9065119277885235,0.8979722177870031,0.8554254982600443,0.8213851761846902,0.8380598171393152,0.8054413160392281,0.8186495176848875,0.8119917078615851
