,filter_abundance,precision_by_num_reads,recall_by_num_reads,F1_by_num_reads,precision_by_nts,recall_by_nts,F1_by_nts,precision_by_mean_cov,recall_by_mean_cov,F1_by_mean_cov,precision_by_med_cov,recall_by_med_cov,F1_by_med_cov
0,0.0,0.9946202531645569,0.7194689252603869,0.8349604834960483,0.9958860759493671,0.6936301520828742,0.8177211900740547,0.9958860759493671,0.6936301520828742,0.8177211900740547,0.9425632911392405,0.7943725830110682,0.8621463202836674
1,0.01,0.8936708860759494,0.9031020147105853,0.8983616987434389,0.8887658227848101,0.9052377115229654,0.8969261477045909,0.8829113924050633,0.8824924877431599,0.8827018903741201,0.7753164556962026,0.9070714550166605,0.8360348063470399
2,0.02,0.9359854604200323,0.843801201529219,0.8875059837242699,0.9337641357027464,0.8498437787171476,0.8898296930626384,0.9170032310177706,0.8165797518431936,0.8638828117568724,0.8447092084006462,0.8301250248065092,0.8373536182564307
3,0.03,0.8941841680129241,0.8887996788438378,0.8914837930340247,0.8889337641357028,0.8939886271324127,0.8914540299716484,0.8707592891760905,0.8530168150346192,0.8617967422804039,0.7859450726978998,0.8612524894888249,0.8218773096821876
4,0.04,0.8459208400646203,0.9144291639380048,0.8788419175495648,0.8412762520193862,0.9212737726669615,0.8794595735697699,0.8281502423263328,0.8787229483608314,0.8526873895415323,0.7558562197092084,0.877197093977033,0.8120186571211627
5,0.05,0.8946096204979453,0.871849234393404,0.8830827964686232,0.8897751994198695,0.8785202863961814,0.884111925063048,0.8670534203529128,0.8240294050080404,0.8449941107184924,0.7751994198694706,0.8280402788536019,0.8007490636704121
6,0.06,0.8602852308436065,0.8966994205089444,0.8781149765605726,0.8547256466038192,0.9041165942214268,0.878727634194831,0.836113125453227,0.8461350293542075,0.8410942249240123,0.7493352671017646,0.8426202772492525,0.7932446264073695
7,0.07,0.9004806333050608,0.8541163850898364,0.8766859344894027,0.819676093787769,0.9239782016348774,0.8687075701293712,0.8713599095278485,0.7992738589211619,0.8337616664412282,0.7755159739892564,0.812259401835949,0.7934625397743709
8,0.08,0.8767316935255867,0.8819681456200228,0.8793421239188999,0.8710771840542832,0.8904624277456648,0.8806631413462913,0.8461973423805484,0.82,0.8328927229720328,0.7543115634718688,0.8214285714285714,0.7864406779661017
9,0.09,0.848741871642635,0.9025856885147324,0.8748360775171207,0.8442182640655923,0.9128706817487007,0.8772032902467685,0.8221656771275092,0.8399768919699596,0.8309758536933848,0.7305626236923947,0.8335483870967741,0.778665059514841
10,0.1,0.888351080993869,0.8720304086157745,0.8801150895140665,0.8854469183607615,0.8845905867182463,0.8850185453959039,0.8505969667634721,0.8012158054711246,0.82516825794334,0.7602452404001291,0.7959459459459459,0.7776860868130054
