,filter_abundance,precision_by_num_reads,recall_by_num_reads,F1_by_num_reads,precision_by_nts,recall_by_nts,F1_by_nts,precision_by_mean_cov,recall_by_mean_cov,F1_by_mean_cov,precision_by_med_cov,recall_by_med_cov,F1_by_med_cov
0,0.0,0.7348484848484849,0.7179181091082727,0.7262846446470624,0.7410801564027371,0.6921145726349424,0.7157609016345076,0.7410801564027371,0.692035600182565,0.7157186688694831,0.6259775171065494,0.7998438719750195,0.7023099595585715
1,0.01,0.7562046260341043,0.7258142926592125,0.7406978667107657,0.7556981259496877,0.7299412915851272,0.7425964330153463,0.7497889582981597,0.7097650631292952,0.7292282430213465,0.6584501097416849,0.7420091324200914,0.6977368279810359
2,0.02,0.8611890788466445,0.6208609271523179,0.7215392838054516,0.8076923076923077,0.705456570155902,0.753120665742025,0.8474100535850982,0.6018484958318231,0.7038253682314295,0.741005358509824,0.6346153846153846,0.6836962919364332
3,0.03,0.8886567164179104,0.603242147922999,0.7186481593240798,0.8871641791044776,0.6090163934426229,0.722235722964763,0.8704477611940299,0.5805295640055743,0.6965245431744893,0.7477611940298508,0.6157817109144543,0.6753842005931519
4,0.04,0.9025623735670937,0.5883516483516483,0.7123469930814262,0.9015509103169251,0.5959438377535101,0.717563397289682,0.8809844908968307,0.5624192854068015,0.686547556489753,0.7805243445692884,0.5714285714285714,0.6598068703498496
5,0.05,0.9172284644194757,0.579782196969697,0.7104728749637367,0.9157303370786517,0.5866122840690979,0.7151213805206201,0.895505617977528,0.5518116778213709,0.6828502070541196,0.7805243445692884,0.5714285714285714,0.6598068703498496
6,0.06,0.9261083743842364,0.570417193426043,0.7059928023783446,0.9252873563218391,0.5783936361303567,0.7118269382599085,0.9006568144499179,0.5389339228690739,0.6743506992469648,0.7742200328407225,0.567218045112782,0.654747439680611
7,0.07,0.9298480786416443,0.5592582639075517,0.6984393354589696,0.9311885612153709,0.5690879300928454,0.7064406779661018,0.9057193923145666,0.5274525110590684,0.6666666666666666,0.789701636188643,0.5295256534365924,0.6339578906702723
8,0.08,0.9374398460057748,0.5543540125213432,0.6967095851216023,0.9359961501443695,0.5631152287203243,0.7031814895155459,0.9085659287776708,0.5183964854475562,0.6601398601398601,0.8001095290251917,0.5051867219917012,0.6193302246714709
9,0.09,0.9360824742268041,0.5456730769230769,0.6894457099468488,0.9365979381443299,0.5558274701743653,0.6976387022461126,0.9092783505154639,0.5098265895953757,0.6533333333333333,0.8001095290251917,0.5051867219917012,0.6193302246714709
10,0.1,0.93921139101862,0.5428933206710984,0.6880641925777332,0.9381161007667032,0.5522243713733076,0.6952110389610391,0.9107338444687842,0.5050106286061342,0.6497362766165267,0.7910621009866512,0.500367107195301,0.6129975264223071
