,filter_abundance,precision_by_num_reads,recall_by_num_reads,F1_by_num_reads,precision_by_nts,recall_by_nts,F1_by_nts,precision_by_mean_cov,recall_by_mean_cov,F1_by_mean_cov,precision_by_med_cov,recall_by_med_cov,F1_by_med_cov
0,0.0,0.7403444034440344,0.7047184170471842,0.7220922560134365,0.7488314883148831,0.6803755029056773,0.7129640473123317,0.7488314883148831,0.6803755029056773,0.7129640473123317,0.631980319803198,0.7897325545650169,0.7021044001093195
1,0.01,0.7669134102255122,0.7114340466304695,0.7381327147709387,0.7667412635565501,0.7152722017022644,0.7401129943502825,0.7583060767774144,0.6915227629513344,0.7233763034731915,0.6644861421931486,0.7287143666226166,0.6951197550873403
2,0.02,0.8196973020399211,0.6813126709206928,0.7441258462763839,0.8207940337793376,0.6869836607306774,0.7479512292624425,0.806097828471156,0.6560157086754731,0.7233540005904932,0.7444678609062171,0.6210989010989011,0.6772106398274622
3,0.03,0.8532665964172813,0.6493584603047313,0.7374772313296902,0.850895679662803,0.6554383116883117,0.7404860155891793,0.8374604847207587,0.6249262826813446,0.7157491838342902,0.7547916032856709,0.6227409638554217,0.6824370788062165
4,0.04,0.8834803772436872,0.6335078534031413,0.73789861516961,0.8834803772436872,0.6419098143236074,0.7435667648188453,0.8658351080012169,0.6066936687273502,0.7134620205565304,0.796435915010281,0.5837729213765386,0.6737208291056676
5,0.05,0.9078135709389993,0.6227080394922426,0.7387060791968768,0.9043865661411926,0.6290822407628128,0.7420216504990862,0.9055386949924128,0.5458495312142694,0.6811242687972606,0.7803490136570561,0.5782963171211696,0.6642984014209591
6,0.06,0.9138846737481032,0.6055806938159879,0.7284547928636226,0.9112291350531108,0.6132244064334951,0.7330993438119946,0.8941578148710166,0.5744577138679016,0.6995103131028343,0.7707724425887265,0.5716940229173119,0.6564722617354196
7,0.07,0.9252609603340293,0.5936244307527457,0.7232375979112271,0.9248434237995825,0.6025571273122959,0.7296985669576677,0.9073068893528183,0.5619343160072408,0.6940274672628552,0.7707724425887265,0.5716940229173119,0.6564722617354196
8,0.08,0.9315931593159316,0.5875674141356798,0.720626631853786,0.9302430243024302,0.5965367965367966,0.7269210480042202,0.9086408640864087,0.5523939808481532,0.6870852475752934,0.7798343886994642,0.5372483221476511,0.6362010729187364
9,0.09,0.9361909400876766,0.576311844077961,0.7134372680029695,0.9352167559668777,0.585544373284538,0.7201800450112528,0.9094008767657087,0.5388167388167389,0.6766944545125045,0.7833795013850415,0.5113924050632911,0.6188183807439824
10,0.1,0.9404699738903394,0.5693961429023079,0.7093343836155966,0.9399477806788512,0.5787781350482315,0.7164179104477612,0.9112271540469974,0.5295902883156297,0.6698656429942418,0.7764636309875813,0.5095071788901824,0.6152764761012184
