,filter_abundance,precision_by_num_reads,recall_by_num_reads,F1_by_num_reads,precision_by_nts,recall_by_nts,F1_by_nts,precision_by_mean_cov,recall_by_mean_cov,F1_by_mean_cov,precision_by_med_cov,recall_by_med_cov,F1_by_med_cov
0,0.0,0.7360197368421053,0.7182985553772071,0.727051177904143,0.7436560150375939,0.6992929739284136,0.7207925301753587,0.7436560150375939,0.6992929739284136,0.7207925301753587,0.6629464285714286,0.7813625034616449,0.7173001144019321
1,0.01,0.7509560229445507,0.7498806682577566,0.750417960353475,0.7506373486297004,0.7547260493431592,0.7526761463492571,0.7434671765455704,0.7282659591072265,0.7357880627611764,0.728017585931255,0.6881375141669814,0.7075160225286464
2,0.02,0.8444338725023787,0.6435823060188542,0.7304526748971194,0.8446717411988582,0.6507238409382444,0.7351205879308561,0.8330161750713606,0.622356495468278,0.7124402400569626,0.7516650808753568,0.6624737945492662,0.7042567416982394
3,0.03,0.8704109589041096,0.6364182692307693,0.7352464707243693,0.8684931506849315,0.643262987012987,0.7391000233154581,0.8553424657534247,0.6122769170425574,0.7136815636072694,0.7682191780821918,0.6428243924805135,0.6999500748876685
4,0.04,0.8890610474124574,0.6264192139737991,0.7349814269245548,0.8881313913851875,0.6340707964601769,0.7398993158642054,0.8704679268670592,0.5985510334540806,0.7093434343434344,0.7765726681127982,0.625249500998004,0.6927436074637181
5,0.05,0.8990105765950188,0.6208765315739868,0.7344947735191638,0.8973046741726374,0.6287353573989959,0.7393871239808827,0.8802456499488229,0.5912007332722273,0.7073337902673064,0.8124531132783196,0.5841423948220065,0.6796360213366802
6,0.06,0.9156039009752438,0.6159475145092101,0.7364610046764217,0.9129782445611403,0.6241025641025642,0.7413950654888821,0.8942235558889723,0.5830276351186109,0.7058475203552924,0.8102815177478581,0.5721694036300777,0.6707193515704153
7,0.07,0.9241126070991432,0.6087073367374362,0.7339598185353209,0.923296613627091,0.6184749931675321,0.7407528641571196,0.8988168094655242,0.5726540161164544,0.699587170530327,0.8091670339356545,0.5589041095890411,0.6611451206337775
8,0.08,0.9330101366240635,0.6041666666666666,0.7334141694093191,0.9312472454825914,0.6131746952988972,0.7394575678040245,0.8999559277214632,0.5620699146710707,0.6919688241274145,0.8045112781954887,0.5504823151125402,0.653684612447499
9,0.09,0.948345035105316,0.5707817687896166,0.7126436781609194,0.948345035105316,0.5813095604057793,0.7207928340003812,0.9027255639097744,0.5585926141320151,0.6901383150709538,0.8039117352056169,0.5419202163624071,0.6474151857835219
10,0.1,0.9491525423728814,0.5708824466390571,0.7129500696240303,0.9470338983050848,0.5803310613437196,0.7196619038035822,0.9126059322033898,0.5278799019607843,0.6688664596273293,0.8040254237288136,0.5458468176914779,0.6502463054187192
