,filter_abundance,precision_by_num_reads,recall_by_num_reads,F1_by_num_reads,precision_by_nts,recall_by_nts,F1_by_nts,precision_by_mean_cov,recall_by_mean_cov,F1_by_mean_cov,precision_by_med_cov,recall_by_med_cov,F1_by_med_cov
0,0.0,0.9295977011494253,0.204358812381554,0.33505955463490417,0.9913793103448276,0.14665249734325186,0.25550823921496024,0.9913793103448276,0.14665249734325186,0.25550823921496024,0.02586206896551724,0.1258741258741259,0.04290822407628129
1,0.01,0.9295977011494253,0.204358812381554,0.33505955463490417,0.9899425287356322,0.16246168356519688,0.27911687259469314,0.9655172413793104,0.16146083613647286,0.276657060518732,0.0,0.0,0.0
2,0.02,0.9295977011494253,0.204358812381554,0.33505955463490417,0.9281609195402298,0.2077170418006431,0.3394640042038886,0.9511494252873564,0.17075058034562807,0.28952547561775643,0.0,0.0,0.0
3,0.03,0.9295977011494253,0.204358812381554,0.33505955463490417,0.9281609195402298,0.2077170418006431,0.3394640042038886,0.9410919540229885,0.17964893033461327,0.30170428374021185,0.0,0.0,0.0
4,0.04,0.9295977011494253,0.204358812381554,0.33505955463490417,0.9281609195402298,0.2077170418006431,0.3394640042038886,0.9295977011494253,0.18786295005807202,0.31256038647343,0.0,0.0,0.0
5,0.05,0.9295977011494253,0.204358812381554,0.33505955463490417,0.9281609195402298,0.2077170418006431,0.3394640042038886,0.9195402298850575,0.19601837672281777,0.3231507195152739,0.0,0.0,0.0
6,0.06,0.9295977011494253,0.204358812381554,0.33505955463490417,0.9281609195402298,0.2077170418006431,0.3394640042038886,0.9037356321839081,0.20244608947537818,0.3307914804102025,0.0,0.0,0.0
7,0.07,0.8563218390804598,0.24699544135930376,0.3834030234802187,0.9137931034482759,0.21559322033898304,0.3488754799780581,0.8864942528735632,0.2082348970637867,0.33725061492210984,0.0,0.0,0.0
8,0.08,0.8563218390804598,0.24699544135930376,0.3834030234802187,0.9051724137931034,0.2240398293029872,0.35917901938426455,0.8764367816091954,0.21554770318021202,0.34600113442994895,0.0,0.0,0.0
9,0.09,0.8563218390804598,0.24699544135930376,0.3834030234802187,0.8520114942528736,0.2543972543972544,0.39180706970597956,0.8649425287356322,0.2222222222222222,0.3535976505139501,0.0,0.0,0.0
10,0.1,0.8563218390804598,0.24699544135930376,0.3834030234802187,0.8520114942528736,0.2543972543972544,0.39180706970597956,0.8505747126436781,0.22813102119460502,0.3597690671528411,0.0,0.0,0.0
