,filter_abundance,precision_by_num_reads,recall_by_num_reads,F1_by_num_reads,precision_by_nts,recall_by_nts,F1_by_nts,precision_by_mean_cov,recall_by_mean_cov,F1_by_mean_cov,precision_by_med_cov,recall_by_med_cov,F1_by_med_cov
0,0.0,0.9918796992481203,0.744049633389735,0.8502739284563328,0.9932330827067669,0.7267825704225352,0.8393696784851952,0.9932330827067669,0.7267825704225352,0.8393696784851952,0.9639097744360903,0.7947923124612524,0.8712198436969079
1,0.01,0.878796992481203,0.9265895037260187,0.9020606621903219,0.8762406015037594,0.9289016419575961,0.9018029869225412,0.8714285714285714,0.9047619047619048,0.8877824588280353,0.8285714285714286,0.9110449735449735,0.86785320522917
2,0.02,0.9194718244374186,0.890169247389269,0.9045832952154425,0.9172400967082016,0.8952622980577237,0.9061179496601138,0.8984563883206249,0.8558015943312666,0.8766104155325712,0.8528919471824438,0.869548729616989,0.8611397990798986
3,0.03,0.8679561093546587,0.9243414537532184,0.8952618453865336,0.8631206992746885,0.9296875,0.8951682900954768,0.9137331594958713,0.8179342540361797,0.8631838242841013,0.8798348544111256,0.8275086858777846,0.8528699315429172
4,0.04,0.9013472403302912,0.8905109489051095,0.8958963282937366,0.8954802259887006,0.8966492602262838,0.8960643618177866,0.8796175575836592,0.8509564851797351,0.8650496847953841,0.8409387222946545,0.8473834026713378,0.8441487621332752
5,0.05,0.863754889178618,0.9178018933271762,0.8899585805440502,0.8581051716644937,0.924607820182627,0.8901160824974641,0.9006242197253433,0.8120216118865375,0.8540310169290873,0.8055193394176445,0.8693714821763602,0.8362282878411912
6,0.06,0.9021223470661673,0.8925395256916996,0.897305352042717,0.898876404494382,0.9018036072144289,0.9003376266099787,0.8679151061173533,0.832774317201725,0.849981660349676,0.8177278401997503,0.832274459974587,0.8249370277078085
7,0.07,0.8706616729088639,0.9154633762142295,0.8925006398771436,0.864669163545568,0.9239594450373533,0.8933316135689411,0.8372034956304619,0.8503677402992645,0.8437342727730245,0.8273561301084237,0.8019401778496362,0.8144499178981937
8,0.08,0.8915763135946623,0.8923205342237062,0.8919482686691699,0.8871281623575201,0.9024321266968326,0.8947147062946865,0.8509869335557408,0.8193254817987152,0.8348561298240829,0.7992771754239644,0.8176905574516496,0.8083790243216646
9,0.09,0.8665554628857381,0.91595650896268,0.8905714285714286,0.8601612454823464,0.9249626307922272,0.8913857677902621,0.8281901584653878,0.8401015228426396,0.8341033179336412,0.7756463719766472,0.8388454600120264,0.8060089556550629
10,0.1,0.8901644430654669,0.8879603837821108,0.8890610474124573,0.8839590443686007,0.8976055450535602,0.8907300297014226,0.8461061123177164,0.8082394783639597,0.8267394270122783,0.7942910331988831,0.8080808080808081,0.8011265842591143
