,filter_abundance,precision_by_num_reads,recall_by_num_reads,F1_by_num_reads,precision_by_nts,recall_by_nts,F1_by_nts,precision_by_mean_cov,recall_by_mean_cov,F1_by_mean_cov,precision_by_med_cov,recall_by_med_cov,F1_by_med_cov
0,0.0,0.7274088332798632,0.7641837995730817,0.7453429761122069,0.7328627954229494,0.7523328576133494,0.7424702058504876,0.7328627954229494,0.7523328576133494,0.7424702058504876,0.7016361886429259,0.8002195389681669,0.7476923076923077
1,0.01,0.7758562224482876,0.7248534769523206,0.7494881664073376,0.7758562224482876,0.7293592604399107,0.751889582648702,0.7683960664632079,0.7072409488139825,0.7365512758004226,0.747371990505256,0.7293183322303111,0.7382348015407805
2,0.02,0.842655752614825,0.6663070837828119,0.7441767068273093,0.8417462482946794,0.6719912869849337,0.7473503583324921,0.8292405638926785,0.6459440311725115,0.726204699322979,0.8105957253296954,0.6637497672686651,0.7298597604667827
3,0.03,0.8912800447177194,0.6311102315456165,0.7389641988182135,0.8647208121827411,0.6823552974163829,0.76278965633046,0.8728339854667412,0.6073512252042007,0.7162844036697248,0.8529904974846283,0.6227300550907978,0.7198962141762
4,0.04,0.9022900763358779,0.6342562781712814,0.7448953869422738,0.9010687022900763,0.6419403959103763,0.7497459349593496,0.8821374045801527,0.60718789407314,0.7192829577990788,0.8832188420019627,0.585429314830876,0.7041335245794759
5,0.05,0.9067713444553483,0.6398891966759003,0.7503045066991474,0.9070984625449787,0.6491104868913857,0.7567198799290489,0.8967809657102869,0.5767326732673267,0.7019994522048754,0.8726382085374388,0.5851712810886908,0.700561797752809
6,0.06,0.927683615819209,0.6075481006413419,0.734237591295275,0.928436911487759,0.6174849699398798,0.7416879795396419,0.9005649717514125,0.5726946107784431,0.7001464128843338,0.8859649122807017,0.5589937106918239,0.6854851149159339
7,0.07,0.9322169059011164,0.613809398792334,0.7402247902485357,0.9310207336523126,0.6229989327641409,0.7464833759590793,0.911344537815126,0.5499492900608519,0.6859582542694497,0.888235294117647,0.5583729529846804,0.6856957508919883
8,0.08,0.9375274967003959,0.5927677329624479,0.7263122017723246,0.935767707875055,0.6016973125884016,0.7324380165289256,0.9089309282886053,0.5528498795825528,0.6875207986688852,0.8781346238451386,0.5566090351366425,0.6813449394094555
9,0.09,0.9371824480369515,0.5960634547591069,0.7286766026216557,0.9362586605080832,0.6059790732436472,0.7357531760435572,0.9053117782909931,0.552423900789177,0.6861543847365658,0.8850796716562047,0.5424681858538029,0.6726605504587155
10,0.1,0.9489898989898989,0.581553698545342,0.7211667626175399,0.9489898989898989,0.591997479521109,0.7291424136592938,0.9136363636363637,0.536,0.6756302521008404,0.8883838383838384,0.5423990132593278,0.6735592571319167
