,filter_abundance,precision_by_num_reads,recall_by_num_reads,F1_by_num_reads,precision_by_nts,recall_by_nts,F1_by_nts,precision_by_mean_cov,recall_by_mean_cov,F1_by_mean_cov,precision_by_med_cov,recall_by_med_cov,F1_by_med_cov
0,0.0,0.7047308319738989,0.3106796116504854,0.43124532068879456,0.7960848287112561,0.22597823570270897,0.3520288548241659,0.7960848287112561,0.22597823570270897,0.3520288548241659,0.00734094616639478,0.08737864077669903,0.013544018058690743
1,0.01,0.7047308319738989,0.3106796116504854,0.43124532068879456,0.7814029363784666,0.24451250638080654,0.3724727838258165,0.765089722675367,0.24162802679031428,0.36726703210649964,0.0,0.0,0.0
2,0.02,0.7047308319738989,0.3106796116504854,0.43124532068879456,0.7030995106035889,0.31551976573938506,0.43557352198079835,0.7471451876019576,0.25130315500685874,0.376103469513447,0.0,0.0,0.0
3,0.03,0.7047308319738989,0.3106796116504854,0.43124532068879456,0.7030995106035889,0.31551976573938506,0.43557352198079835,0.7373572593800979,0.2620289855072464,0.38665526090675795,0.0,0.0,0.0
4,0.04,0.7047308319738989,0.3106796116504854,0.43124532068879456,0.7030995106035889,0.31551976573938506,0.43557352198079835,0.7226753670473083,0.27036924015868175,0.3935154341550078,0.0,0.0,0.0
5,0.05,0.7047308319738989,0.3106796116504854,0.43124532068879456,0.7030995106035889,0.31551976573938506,0.43557352198079835,0.7055464926590538,0.2773324783584482,0.39815880322209435,0.0,0.0,0.0
6,0.06,0.7047308319738989,0.3106796116504854,0.43124532068879456,0.7030995106035889,0.31551976573938506,0.43557352198079835,0.6941272430668842,0.2851876675603217,0.4042755344418052,0.0,0.0,0.0
7,0.07,0.7047308319738989,0.3106796116504854,0.43124532068879456,0.7030995106035889,0.31551976573938506,0.43557352198079835,0.6818923327895595,0.2926146307315366,0.40950281655645354,0.0,0.0,0.0
8,0.08,0.7047308319738989,0.3106796116504854,0.43124532068879456,0.7030995106035889,0.31551976573938506,0.43557352198079835,0.6729200652528549,0.3010948905109489,0.4160363086232981,0.0,0.0,0.0
9,0.09,0.6207177814029364,0.37561697926949655,0.468019680196802,0.6924959216965743,0.32503828483920366,0.4424179260031266,0.6615008156606852,0.3081306990881459,0.4204250907205806,0.0,0.0,0.0
10,0.1,0.6207177814029364,0.37561697926949655,0.468019680196802,0.6810766721044046,0.33413365346138457,0.44832214765100675,0.6549755301794453,0.31751680506128904,0.4276964047936085,0.0,0.0,0.0
