,filter_abundance,precision_by_num_reads,recall_by_num_reads,F1_by_num_reads,precision_by_nts,recall_by_nts,F1_by_nts,precision_by_mean_cov,recall_by_mean_cov,F1_by_mean_cov,precision_by_med_cov,recall_by_med_cov,F1_by_med_cov
0,0.0,0.6727664155005382,0.2822944896115628,0.3977091950365892,0.7728740581270183,0.19415900486749593,0.31035228009509397,0.7728740581270183,0.19415900486749593,0.31035228009509397,0.006458557588805167,0.09230769230769231,0.012072434607645876
1,0.01,0.6727664155005382,0.2822944896115628,0.3977091950365892,0.7534983853606028,0.20827134781315085,0.32634032634032634,0.7470398277717977,0.2068554396423249,0.3239962651727358,0.0,0.0,0.0
2,0.02,0.6727664155005382,0.2822944896115628,0.3977091950365892,0.7427341227125942,0.2140198511166253,0.33228991090777754,0.7298170075349839,0.21334172435494023,0.33016800584368156,0.0,0.0,0.0
3,0.03,0.6727664155005382,0.2822944896115628,0.3977091950365892,0.6684607104413348,0.2872340425531915,0.40181171142025235,0.7168998923573735,0.2198019801980198,0.3364485981308411,0.0,0.0,0.0
4,0.04,0.6727664155005382,0.2822944896115628,0.3977091950365892,0.6684607104413348,0.2872340425531915,0.40181171142025235,0.7050592034445641,0.22625215889464595,0.3425732217573222,0.0,0.0,0.0
5,0.05,0.6727664155005382,0.2822944896115628,0.3977091950365892,0.6684607104413348,0.2872340425531915,0.40181171142025235,0.6953713670613563,0.2327927927927928,0.3488120950323974,0.0,0.0,0.0
6,0.06,0.6727664155005382,0.2822944896115628,0.3977091950365892,0.6684607104413348,0.2872340425531915,0.40181171142025235,0.6889128094725512,0.2399700037495313,0.3559510567296997,0.0,0.0,0.0
7,0.07,0.6727664155005382,0.2822944896115628,0.3977091950365892,0.6684607104413348,0.2872340425531915,0.40181171142025235,0.6803013993541442,0.24629773967264224,0.36165951359084403,0.0,0.0,0.0
8,0.08,0.6727664155005382,0.2822944896115628,0.3977091950365892,0.6684607104413348,0.2872340425531915,0.40181171142025235,0.6759956942949408,0.25425101214574897,0.3695204471903501,0.0,0.0,0.0
9,0.09,0.6727664155005382,0.2822944896115628,0.3977091950365892,0.6684607104413348,0.2872340425531915,0.40181171142025235,0.6652314316469322,0.2596638655462185,0.37352674524025387,0.0,0.0,0.0
10,0.1,0.6727664155005382,0.2822944896115628,0.3977091950365892,0.6684607104413348,0.2872340425531915,0.40181171142025235,0.6566200215285253,0.2655637788419678,0.37817730936143834,0.0,0.0,0.0
