,filter_abundance,precision_by_num_reads,recall_by_num_reads,F1_by_num_reads,precision_by_nts,recall_by_nts,F1_by_nts,precision_by_mean_cov,recall_by_mean_cov,F1_by_mean_cov,precision_by_med_cov,recall_by_med_cov,F1_by_med_cov
0,0.0,0.7465853335101446,0.6794593289886556,0.7114424717255322,0.7546744463598992,0.6547399907961344,0.7011642949547219,0.7546744463598992,0.6547399907961344,0.7011642949547219,0.5676965919639305,0.7892699115044248,0.6603933667566526
1,0.01,0.7896044334034015,0.6670971908298353,0.7231994399229894,0.7909420982228167,0.664046205679448,0.7219605791034363,0.7811962545385056,0.6434755233747835,0.7056792680821681,0.635695023290022,0.6461500124595067,0.6408798813643104
2,0.02,0.8386859524393233,0.6197463768115942,0.7127825815189082,0.839666584947291,0.6252281854691494,0.7167521188657529,0.8278989948516793,0.6017462580185318,0.6969353007945517,0.635695023290022,0.6461500124595067,0.6408798813643104
3,0.03,0.8835412953060012,0.5929027113237639,0.7096158434741112,0.8838383838383839,0.599073701167942,0.714114258281325,0.8704693998811646,0.5727130570758405,0.6908747936807357,0.7052797478329393,0.5482388973966309,0.6169222815784938
4,0.04,0.9027008310249307,0.5634320293926951,0.693812375249501,0.9040858725761773,0.5709599825060135,0.6999061787964079,0.8878116343490304,0.5412708465273379,0.6725245901639344,0.7052797478329393,0.5482388973966309,0.6169222815784938
5,0.05,0.8919667590027701,0.600326264274062,0.7176486975901936,0.8919667590027701,0.6055477197931358,0.7213665639876784,0.871191135734072,0.5683306979896092,0.6879015721120985,0.7052797478329393,0.5482388973966309,0.6169222815784938
6,0.06,0.913317572892041,0.5749007936507936,0.7056316590563165,0.9125295508274232,0.5819095477386935,0.7106474378643756,0.8920409771473601,0.5440999759673155,0.6759217793700552,0.6981677917068466,0.5223665223665224,0.5976062732150227
7,0.07,0.926412614980289,0.5570186989728734,0.6957236842105264,0.9250985545335085,0.565008025682183,0.7015445939212755,0.9010074463425317,0.5236761710794298,0.6623732088230558,0.6981677917068466,0.5223665223665224,0.5976062732150227
8,0.08,0.9363548698167792,0.542306618263055,0.6868258178603007,0.9349083895853423,0.5499149177538287,0.6925,0.9136933461909353,0.5092717011556034,0.6540120793787748,0.6981677917068466,0.5223665223665224,0.5976062732150227
9,0.09,0.9271938283510125,0.5672566371681416,0.7038799414348462,0.9423480083857443,0.5386458957459557,0.6854746473503621,0.9203354297693921,0.49674681753889677,0.6452324085981996,0.7154912597950572,0.49253112033195023,0.583435733595478
10,0.1,0.9365828092243187,0.5544523735650015,0.6965503800428767,0.9365828092243187,0.5642563940637828,0.7042364532019705,0.9077568134171907,0.5150163544454356,0.6571808006070954,0.7154912597950572,0.49253112033195023,0.583435733595478
