,filter_abundance,precision_by_num_reads,recall_by_num_reads,F1_by_num_reads,precision_by_nts,recall_by_nts,F1_by_nts,precision_by_mean_cov,recall_by_mean_cov,F1_by_mean_cov,precision_by_med_cov,recall_by_med_cov,F1_by_med_cov
0,0.0,0.7252183406113537,0.756347489468291,0.7404558880900629,0.7306768558951965,0.7398850320583683,0.7352521146874657,0.7306768558951965,0.7398850320583683,0.7352521146874657,0.6922489082969432,0.802252024291498,0.743202062822316
1,0.01,0.7775665399239544,0.725177304964539,0.7504587155963303,0.7770480470100242,0.7299886345185906,0.7527835914608623,0.7692706533010716,0.7074062301335029,0.7370425567146879,0.7450743173176633,0.726002020882452,0.7354145342886387
2,0.02,0.8549101936085841,0.6716144401685908,0.7522577996715929,0.8535106134826219,0.6773417252869308,0.755289503560739,0.8367156519710753,0.6473560729110269,0.72995522995523,0.8138558432470259,0.6576814326107446,0.7274812343619683
3,0.03,0.8672566371681416,0.6731313131313131,0.7579617834394905,0.8641332639250391,0.6790754755573737,0.7605085328141107,0.8438313378448724,0.6431263638167031,0.7299335809974108,0.8141592920353983,0.6550785340314136,0.726006730880817
4,0.04,0.9022698612862547,0.6276315789473684,0.7403000517330574,0.9019546027742749,0.636060471320587,0.7460234680573664,0.880201765447667,0.5992702296630178,0.7130634657131911,0.8442622950819673,0.6135166093928981,0.7106275706514529
5,0.05,0.9084099421178072,0.6290969111058713,0.7433825578155475,0.9077289751447055,0.6381043561512686,0.7494026704146171,0.8828736806264896,0.5966405890473999,0.7120692022518192,0.870635795663359,0.5775231594344222,0.694415946064781
6,0.06,0.9323101141282959,0.5971767078396774,0.7280270436385986,0.9334907516725699,0.6071154338367033,0.7357320099255582,0.9075167256985439,0.5649191572758452,0.6963611656349086,0.8873239436619719,0.5524890379159144,0.6809728183118742
7,0.07,0.9362054681027341,0.6055734190782422,0.7354376830458834,0.932062966031483,0.6129120130754563,0.7395234182415776,0.9059652029826015,0.5674623767514271,0.6978302488832163,0.8755477651183172,0.5577889447236181,0.6814461118690314
8,0.08,0.9303242769500438,0.6026114107294919,0.7314384151593454,0.9272567922874672,0.6110308980652613,0.7366405570060922,0.9130234698573401,0.5434127636264037,0.6813186813186813,0.8716060745513116,0.5541252194265652,0.6775174387408335
9,0.09,0.9409486931268151,0.5830833833233353,0.72,0.941432720232333,0.5935306682941714,0.7280553995882463,0.9114230396902226,0.542964244521338,0.6805204192265992,0.8697967086156825,0.5532635467980296,0.6763266842303349
10,0.1,0.9429735234215886,0.5845959595959596,0.7217459080280592,0.9404276985743381,0.5940816982952718,0.7281687364478612,0.9078411405295316,0.5399757722592369,0.6771743258640336,0.88,0.5298651252408478,0.661455201443175
