,filter_abundance,precision_by_num_reads,recall_by_num_reads,F1_by_num_reads,precision_by_nts,recall_by_nts,F1_by_nts,precision_by_mean_cov,recall_by_mean_cov,F1_by_mean_cov,precision_by_med_cov,recall_by_med_cov,F1_by_med_cov
0,0.0,0.9962345346960731,0.6625327927498211,0.7958175177254172,0.9985655370270755,0.6360210141617176,0.7770878392520757,0.9985655370270755,0.6360210141617176,0.7770878392520757,0.8940290478752018,0.766369505072241,0.8252917321857155
1,0.01,0.925587233279541,0.835004852798447,0.8779658134195085,0.9254079254079254,0.8397331597787179,0.8804913418067047,0.9173390711852251,0.814519980894762,0.8628773823579019,0.799354491662184,0.8363977485928705,0.8174566791968462
2,0.02,0.8665949435180205,0.887929450670586,0.8771324863883848,0.8622915545992469,0.8925389755011136,0.8771545827633378,0.854043392504931,0.8609906001446131,0.8575029255558556,0.7251210328133405,0.8704261730520878,0.7911571945612834
3,0.03,0.9375900144023044,0.7906882591093117,0.8578958928179221,0.8070647301416533,0.9221471010038926,0.8607764390896921,0.9171867498799808,0.7590385379419944,0.8306521739130436,0.7791646663466154,0.7874818049490538,0.7833011583011583
4,0.04,0.9114258281325012,0.8346889426247527,0.8713711990820424,0.9061449831973115,0.8409445310759635,0.8723281340265742,0.8881421027364378,0.7948442534908701,0.83890715338397,0.7198751800288046,0.8173889343145271,0.76553924696873
5,0.05,0.8744599135861738,0.8640891840607211,0.8692436172751135,0.871099375900144,0.870263788968825,0.8706813819577734,0.8557369179068651,0.8202945236999539,0.837640977443609,0.7198751800288046,0.8173889343145271,0.76553924696873
6,0.06,0.843254920787326,0.8873452892144481,0.8647384615384616,0.8370139222275564,0.89479086476777,0.8649386084583902,0.8271723475756121,0.8441940225379716,0.8355965082444229,0.6757081132981277,0.8395466746197435,0.7487697832158532
7,0.07,0.8125300048007681,0.9097016930932545,0.8583745403829086,0.8055688910225636,0.9169398907103825,0.8576539739330437,0.8826347305389222,0.7655154505323293,0.819913781115283,0.7200598802395209,0.7798313878080415,0.7487546699875467
8,0.08,0.8889221556886228,0.8463511972633979,0.8671144859813084,0.8847305389221557,0.8560254924681344,0.8701413427561837,0.8592814371257484,0.7873799725651578,0.8217609162491053,0.7200598802395209,0.7798313878080415,0.7487546699875467
9,0.09,0.8637724550898204,0.8687142426979826,0.8662363008557274,0.859880239520958,0.8799019607843137,0.8697758933979407,0.8380239520958084,0.8087258017913898,0.8231142479047199,0.6811377245508982,0.7988061797752809,0.7352941176470588
10,0.1,0.8422155688622754,0.8916006339144216,0.8662047729022325,0.8338323353293413,0.8992573458185341,0.8653099269846203,0.811377245508982,0.8232077764277035,0.8172496984318457,0.7181453085067543,0.746206373292868,0.731906976744186
