,filter_abundance,precision_by_num_reads,recall_by_num_reads,F1_by_num_reads,precision_by_nts,recall_by_nts,F1_by_nts,precision_by_mean_cov,recall_by_mean_cov,F1_by_mean_cov,precision_by_med_cov,recall_by_med_cov,F1_by_med_cov
0,0.0,0.7313253012048193,0.7512376237623762,0.7411477411477413,0.7375684556407448,0.735715066098547,0.7366405950883335,0.7375684556407448,0.735715066098547,0.7366405950883335,0.6957283680175247,0.7943971985992997,0.7417960994978395
1,0.01,0.7890295358649789,0.717620722737448,0.7516328923128454,0.7881504922644164,0.7220164277661459,0.7536353702614104,0.7797116736990155,0.7005212446690886,0.7379981695648556,0.7450773558368495,0.7225916453537937,0.7336622522288584
2,0.02,0.8521923620933521,0.6575118224809021,0.7422997946611909,0.8517208863743517,0.6636664217487142,0.7460251909973157,0.8399339933993399,0.6399066091954023,0.726401630988787,0.8038661008958039,0.6631660832360949,0.7267689684569479
3,0.03,0.8722280887011615,0.6627883650952858,0.7532201071469281,0.8711721224920802,0.6697787700426223,0.7573149741824441,0.8524287222808871,0.6378901619913078,0.7297175141242938,0.8215417106652587,0.6539188905232192,0.7282087282087283
4,0.04,0.8872136851261235,0.6678306416412048,0.7620470676129997,0.8872136851261235,0.6762430939226519,0.7674943566591422,0.8856601389766267,0.5999144201968335,0.7153061224489795,0.8584965255843335,0.612438035150969,0.7148869016307207
5,0.05,0.9184782608695652,0.6359360301034808,0.7515286270150084,0.9167798913043478,0.6438454198473282,0.7564461883408072,0.8858695652173914,0.5983023629272769,0.7142270299876763,0.870575221238938,0.57557289127255,0.6929850308189022
6,0.06,0.9233038348082596,0.6305716444220599,0.7493640580577585,0.9218289085545722,0.6387327542156361,0.7546030787805613,0.9098425196850394,0.5647605083088955,0.6969240048250905,0.8740157480314961,0.576473643209556,0.6947269597872007
7,0.07,0.9346733668341709,0.5979105277256898,0.7292925992484888,0.932998324958124,0.6064235166031573,0.7350709336852523,0.9066164154103853,0.560880829015544,0.6930217669654289,0.8668341708542714,0.5716652858326429,0.6889665501747378
8,0.08,0.9402125775022143,0.603125,0.7348563516787815,0.9379982285208148,0.6117850953206239,0.7405594405594405,0.9078830823737821,0.5611825896523406,0.6936220605650483,0.8773408239700374,0.5513386290085319,0.6771454381210479
9,0.09,0.9414794007490637,0.6037226058240769,0.7356868483629048,0.9528023598820059,0.5919364691508857,0.7302185380557649,0.9169124877089478,0.5380842469705712,0.6781818181818181,0.8761061946902655,0.5486453201970444,0.6747444149943203
10,0.1,0.9521358723623263,0.585257829800696,0.7249216300940439,0.9521358723623263,0.5960051546391752,0.7331087774915792,0.9181677817807514,0.5415907710989678,0.68130609127363,0.863098301595471,0.5480392156862746,0.6703977613431942
