,filter_abundance,precision_by_num_reads,recall_by_num_reads,F1_by_num_reads,precision_by_nts,recall_by_nts,F1_by_nts,precision_by_mean_cov,recall_by_mean_cov,F1_by_mean_cov,precision_by_med_cov,recall_by_med_cov,F1_by_med_cov
0,0.0,0.7373188405797102,0.3397328881469115,0.46514285714285714,0.8031400966183575,0.26294978252273626,0.396187071790289,0.8031400966183575,0.26294978252273626,0.396187071790289,0.012681159420289856,0.14583333333333334,0.023333333333333334
1,0.01,0.7373188405797102,0.3397328881469115,0.46514285714285714,0.7342995169082126,0.3435998869737214,0.4681424446583253,0.7608695652173914,0.2829553110262744,0.41250613848420364,0.021739130434782608,0.016129032258064516,0.018518518518518517
2,0.02,0.7373188405797102,0.3397328881469115,0.46514285714285714,0.7342995169082126,0.3435998869737214,0.4681424446583253,0.7421497584541062,0.2977950084807366,0.42503890714162196,0.021739130434782608,0.016129032258064516,0.018518518518518517
3,0.03,0.7373188405797102,0.3397328881469115,0.46514285714285714,0.7342995169082126,0.3435998869737214,0.4681424446583253,0.7246376811594203,0.31096138896087067,0.43517679057116954,0.021739130434782608,0.016129032258064516,0.018518518518518517
4,0.04,0.7373188405797102,0.3397328881469115,0.46514285714285714,0.7342995169082126,0.3435998869737214,0.4681424446583253,0.7083333333333334,0.32234130255564714,0.4430594900849859,0.021739130434782608,0.016129032258064516,0.018518518518518517
5,0.05,0.6630434782608695,0.40397350993377484,0.5020576131687242,0.7294685990338164,0.3497394325419803,0.4727984344422701,0.6950483091787439,0.3343014812663375,0.45146107079819575,0.021739130434782608,0.016129032258064516,0.018518518518518517
6,0.06,0.6630434782608695,0.40397350993377484,0.5020576131687242,0.711352657004831,0.3610174685871897,0.4789591380361863,0.6805555555555556,0.34475374732334046,0.4576649746192894,0.021739130434782608,0.016129032258064516,0.018518518518518517
7,0.07,0.6630434782608695,0.40397350993377484,0.5020576131687242,0.6986714975845411,0.37214538436796396,0.48562434417628536,0.663647342995169,0.3530356569225827,0.46089326902914657,0.021739130434782608,0.016129032258064516,0.018518518518518517
8,0.08,0.6630434782608695,0.40397350993377484,0.5020576131687242,0.6545893719806763,0.41216730038022814,0.5058329444703686,0.6551932367149759,0.36507402422611035,0.46888504753673294,0.021739130434782608,0.016129032258064516,0.018518518518518517
9,0.09,0.6630434782608695,0.40397350993377484,0.5020576131687242,0.6545893719806763,0.41216730038022814,0.5058329444703686,0.6455314009661836,0.3761435608726249,0.47532236549577583,0.021739130434782608,0.016129032258064516,0.018518518518518517
10,0.1,0.6630434782608695,0.40397350993377484,0.5020576131687242,0.6545893719806763,0.41216730038022814,0.5058329444703686,0.6346618357487923,0.3861131520940485,0.4801279122887164,0.021739130434782608,0.016129032258064516,0.018518518518518517
