,filter_abundance,precision_by_num_reads,recall_by_num_reads,F1_by_num_reads,precision_by_nts,recall_by_nts,F1_by_nts,precision_by_mean_cov,recall_by_mean_cov,F1_by_mean_cov,precision_by_med_cov,recall_by_med_cov,F1_by_med_cov
0,0.0,0.925,0.1729593671341244,0.29142684035140864,0.9942307692307693,0.11970363510071776,0.21368051250258316,0.9942307692307693,0.11970363510071776,0.21368051250258316,0.019230769230769232,0.0970873786407767,0.03210272873194222
1,0.01,0.925,0.1729593671341244,0.29142684035140864,0.9884615384615385,0.1311893823379275,0.23163587201442087,0.9769230769230769,0.13086038124678,0.230804179918219,0.0,0.0,0.0
2,0.02,0.925,0.1729593671341244,0.29142684035140864,0.925,0.17606149341142022,0.29581795817958184,0.9673076923076923,0.13799725651577505,0.24153661464585835,0.0,0.0,0.0
3,0.03,0.925,0.1729593671341244,0.29142684035140864,0.925,0.17606149341142022,0.29581795817958184,0.9576923076923077,0.1443478260869565,0.2508816120906801,0.0,0.0,0.0
4,0.04,0.925,0.1729593671341244,0.29142684035140864,0.925,0.17606149341142022,0.29581795817958184,0.948076923076923,0.1504424778761062,0.259678693705557,0.0,0.0,0.0
5,0.05,0.925,0.1729593671341244,0.29142684035140864,0.925,0.17606149341142022,0.29581795817958184,0.9346153846153846,0.15581917281179866,0.2671063478977741,0.0,0.0,0.0
6,0.06,0.925,0.1729593671341244,0.29142684035140864,0.925,0.17606149341142022,0.29581795817958184,0.9192307692307692,0.1601876675603217,0.2728310502283105,0.0,0.0,0.0
7,0.07,0.925,0.1729593671341244,0.29142684035140864,0.925,0.17606149341142022,0.29581795817958184,0.9115384615384615,0.16590829541477073,0.280722534794196,0.0,0.0,0.0
8,0.08,0.925,0.1729593671341244,0.29142684035140864,0.925,0.17606149341142022,0.29581795817958184,0.9,0.1708029197080292,0.2871165644171779,0.0,0.0,0.0
9,0.09,0.825,0.21174728529121423,0.33699921445404557,0.9134615384615384,0.18185298621745788,0.30332056194125157,0.8903846153846153,0.17591185410334345,0.29378172588832485,0.0,0.0,0.0
10,0.1,0.825,0.21174728529121423,0.33699921445404557,0.8884615384615384,0.18487394957983194,0.3060616098045711,0.8769230769230769,0.18030842230130487,0.2991144637586094,0.0,0.0,0.0
