,filter_abundance,precision_by_num_reads,recall_by_num_reads,F1_by_num_reads,precision_by_nts,recall_by_nts,F1_by_nts,precision_by_mean_cov,recall_by_mean_cov,F1_by_mean_cov,precision_by_med_cov,recall_by_med_cov,F1_by_med_cov
0,0.0,0.8790560471976401,0.13713759779107226,0.23726114649681532,1.0,0.09078735940010713,0.16646206727228088,1.0,0.09078735940010713,0.16646206727228088,0.008849557522123894,0.03571428571428571,0.014184397163120567
1,0.01,0.8790560471976401,0.13713759779107226,0.23726114649681532,0.9941002949852508,0.0987111892208553,0.17958966160405007,0.9882005899705014,0.09896602658788774,0.17991407089151448,0.0,0.0,0.0
2,0.02,0.8790560471976401,0.13713759779107226,0.23726114649681532,0.9823008849557522,0.10180372974625497,0.18448753462603878,0.9616519174041298,0.10177958164221043,0.18407679277244496,0.0,0.0,0.0
3,0.03,0.8790560471976401,0.13713759779107226,0.23726114649681532,0.8761061946902655,0.1396989651928504,0.24097363083164297,0.9528023598820059,0.10586692887577843,0.19056047197640116,0.0,0.0,0.0
4,0.04,0.8790560471976401,0.13713759779107226,0.23726114649681532,0.8761061946902655,0.1396989651928504,0.24097363083164297,0.9380530973451328,0.10909090909090909,0.1954517516902274,0.0,0.0,0.0
5,0.05,0.8790560471976401,0.13713759779107226,0.23726114649681532,0.8761061946902655,0.1396989651928504,0.24097363083164297,0.9380530973451328,0.11389684813753581,0.2031299904183967,0.0,0.0,0.0
6,0.06,0.8790560471976401,0.13713759779107226,0.23726114649681532,0.8761061946902655,0.1396989651928504,0.24097363083164297,0.9174041297935103,0.11608809257185516,0.20609675281643472,0.0,0.0,0.0
7,0.07,0.8790560471976401,0.13713759779107226,0.23726114649681532,0.8761061946902655,0.1396989651928504,0.24097363083164297,0.9056047197640118,0.11931597357170617,0.21085164835164832,0.0,0.0,0.0
8,0.08,0.8790560471976401,0.13713759779107226,0.23726114649681532,0.8761061946902655,0.1396989651928504,0.24097363083164297,0.8967551622418879,0.12282828282828283,0.21606254442075337,0.0,0.0,0.0
9,0.09,0.8790560471976401,0.13713759779107226,0.23726114649681532,0.8761061946902655,0.1396989651928504,0.24097363083164297,0.8702064896755162,0.12358609132802681,0.21643433602347759,0.0,0.0,0.0
10,0.1,0.8790560471976401,0.13713759779107226,0.23726114649681532,0.8761061946902655,0.1396989651928504,0.24097363083164297,0.8643067846607669,0.12744671596346238,0.22213798332069754,0.0,0.0,0.0
