,filter_abundance,precision_by_num_reads,recall_by_num_reads,F1_by_num_reads,precision_by_nts,recall_by_nts,F1_by_nts,precision_by_mean_cov,recall_by_mean_cov,F1_by_mean_cov,precision_by_med_cov,recall_by_med_cov,F1_by_med_cov
0,0.0,0.948,0.19242219215155615,0.3199100112485939,0.996,0.14564242542405928,0.25412485116516415,0.996,0.14564242542405928,0.25412485116516415,0.018666666666666668,0.09523809523809523,0.03121516164994426
1,0.01,0.948,0.19242219215155615,0.3199100112485939,0.9466666666666667,0.19489431786988745,0.32324152060095607,0.984,0.1627701808557565,0.27933383800151396,0.0,0.0,0.0
2,0.02,0.948,0.19242219215155615,0.3199100112485939,0.9466666666666667,0.19489431786988745,0.32324152060095607,0.9706666666666667,0.17275747508305647,0.29331184528605964,0.0,0.0,0.0
3,0.03,0.948,0.19242219215155615,0.3199100112485939,0.9466666666666667,0.19489431786988745,0.32324152060095607,0.9506666666666667,0.180414979757085,0.3032752020416844,0.0,0.0,0.0
4,0.04,0.948,0.19242219215155615,0.3199100112485939,0.9466666666666667,0.19489431786988745,0.32324152060095607,0.936,0.18815331010452963,0.3133229189912966,0.0,0.0,0.0
5,0.05,0.8866666666666667,0.2350653941322022,0.3716121821737916,0.9426666666666667,0.19994343891402716,0.32991133924405047,0.9226666666666666,0.19570135746606335,0.322911805879608,0.0,0.0,0.0
6,0.06,0.8866666666666667,0.2350653941322022,0.3716121821737916,0.9293333333333333,0.20799761265293942,0.33991709339185566,0.9106666666666666,0.20315288518738847,0.3321984435797666,0.0,0.0,0.0
7,0.07,0.8866666666666667,0.2350653941322022,0.3716121821737916,0.884,0.24126637554585154,0.37907375643224706,0.8946666666666667,0.2091645885286783,0.3390601313794846,0.0,0.0,0.0
8,0.08,0.8866666666666667,0.2350653941322022,0.3716121821737916,0.884,0.24126637554585154,0.37907375643224706,0.8866666666666667,0.2167535853976532,0.3483499214248298,0.0,0.0,0.0
9,0.09,0.8866666666666667,0.2350653941322022,0.3716121821737916,0.884,0.24126637554585154,0.37907375643224706,0.872,0.22252466825450834,0.3545676335050149,0.0,0.0,0.0
10,0.1,0.8866666666666667,0.2350653941322022,0.3716121821737916,0.884,0.24126637554585154,0.37907375643224706,0.8653333333333333,0.2301418439716312,0.3635854341736694,0.0,0.0,0.0
