,filter_abundance,precision_by_num_reads,recall_by_num_reads,F1_by_num_reads,precision_by_nts,recall_by_nts,F1_by_nts,precision_by_mean_cov,recall_by_mean_cov,F1_by_mean_cov,precision_by_med_cov,recall_by_med_cov,F1_by_med_cov
0,0.0,0.9919939577039275,0.7505142857142857,0.8545217957059206,0.9929003021148036,0.7294417933636667,0.8410210479175998,0.9929003021148036,0.7294417933636667,0.8410210479175998,0.9645015105740181,0.8037512588116817,0.8768195550672891
1,0.01,0.8691842900302115,0.9303152789005659,0.8987114408434205,0.8660120845921451,0.9323467230443975,0.8979559871563945,0.8648036253776435,0.910174880763116,0.886909372579396,0.8167673716012085,0.9144258413664806,0.8628420968642784
2,0.02,0.9101628298708591,0.8942625965428467,0.9021426583804841,0.9084783829309376,0.9003895381190874,0.9044158747903857,0.8978102189781022,0.8668232743043007,0.8820446814378966,0.8448437207561296,0.8770157373227122,0.8606291706387037
3,0.03,0.8605652255287292,0.9302043293546429,0.894030721368851,0.8551375631667603,0.9353121801432958,0.8934298005475166,0.9136212624584718,0.8192651439920556,0.8638743455497383,0.8589147286821706,0.8327249302125832,0.845617095508068
4,0.04,0.8998892580287929,0.8933597185576078,0.8966126006841001,0.8981173864894795,0.9029169450011133,0.9005107705973794,0.8733111849390919,0.8468642611683849,0.8598844182749973,0.8210409745293467,0.8535574487681327,0.8369835177240913
5,0.05,0.863344407530454,0.9212952020798866,0.8913789160759205,0.8595791805094131,0.9306954436450839,0.8937248128957974,0.8891118916206724,0.815650172612198,0.8507982235025806,0.8442047165077772,0.8225372769494012,0.8332301597127647
6,0.06,0.8941294530858003,0.9004547751389591,0.8972809667673717,0.8893627696939288,0.909440738840431,0.8992897006595637,0.8600100351229303,0.8399901984807645,0.8498822362712284,0.8125940792774712,0.8412987012987013,0.8266972945380295
7,0.07,0.8587556447566482,0.9199140016124697,0.888283378746594,0.852232814851982,0.9278885550396067,0.8884529880999085,0.831409934771701,0.860555699818229,0.8457317851218579,0.8332395950506186,0.8124485878804497,0.822712758572817
8,0.08,0.8875140607424072,0.8988892053545998,0.8931654167256262,0.8818897637795275,0.9084588644264194,0.8949771689497718,0.8557367829021373,0.8343844255552509,0.8449257253921977,0.796400449943757,0.8341678939617084,0.8148467846353042
9,0.09,0.8582677165354331,0.9184471862774601,0.8873382759121967,0.8515185601799775,0.9276960784313726,0.8879765395894429,0.8315523059617548,0.8543773475874025,0.8428103177996296,0.8064415259537211,0.8019278606965174,0.8041783598378547
10,0.1,0.8818011257035647,0.8941027266962587,0.8879093198992443,0.8771106941838649,0.9063004846526656,0.8914667090417924,0.8433395872420263,0.8192588092345079,0.8311248073959939,0.7854909318323953,0.8142625607779579,0.7996180168709215
