,filter_abundance,precision_by_num_reads,recall_by_num_reads,F1_by_num_reads,precision_by_nts,recall_by_nts,F1_by_nts,precision_by_mean_cov,recall_by_mean_cov,F1_by_mean_cov,precision_by_med_cov,recall_by_med_cov,F1_by_med_cov
0,0.0,0.996249184605349,0.7073876794812413,0.8273293607800649,0.9983692106979778,0.6840223463687151,0.8118286699376741,0.9983692106979778,0.6838695263628239,0.8117210289047997,0.9504240052185258,0.775412453432677,0.8540445486518171
1,0.01,0.8990541422048272,0.8880476804123711,0.893517017828201,0.8966079582517938,0.8934026649333766,0.895002441803679,0.8873124592302675,0.8665392578436056,0.8768028361936991,0.7981082844096543,0.8914389799635701,0.8421958354844262
2,0.02,0.9382614082180467,0.8360625574977001,0.8842187195952521,0.9370225067107165,0.8425547716301522,0.8872812591651187,0.9161676646706587,0.8039499909403878,0.8563983786913724,0.8341936816023127,0.8350558081852005,0.8346245222600972
3,0.03,0.8942804047078258,0.881538774679422,0.8878638786387865,0.8920090852777204,0.8868815438308355,0.8894379246448426,0.8692958909766674,0.840151666334065,0.8544753399634666,0.8019822424117282,0.8581528943879806,0.8291173017397802
4,0.04,0.8548420400578154,0.913302448709464,0.8831058020477817,0.8486475325211645,0.919051878354204,0.8824476650563607,0.829444559157547,0.868165117786903,0.8483632523759239,0.8208881170925328,0.811626195732156,0.816230883078441
5,0.05,0.9039940461423964,0.8667935299714558,0.885003035822708,0.8995286529397172,0.8743670122980468,0.8867693812668134,0.8734805259240883,0.8167478543261424,0.8441620714456965,0.7950880674770529,0.8239074550128535,0.8092412574169928
6,0.06,0.8702555197221533,0.8939857288481141,0.8819610307982401,0.8650458943190276,0.9005681818181818,0.8824497026445655,0.8432150831059291,0.8411284335560505,0.8421704658077304,0.7477052840486231,0.8538243626062323,0.7972490411321254
7,0.07,0.8345323741007195,0.9119002439685552,0.871502590673575,0.8273381294964028,0.9177215189873418,0.8701891715590345,0.8156784916894071,0.8643533123028391,0.8393107849393746,0.7902709000873871,0.8010038382049011,0.7956011730205278
8,0.08,0.8811535100495194,0.870253164556962,0.8756694167028514,0.8791144771337023,0.8816827344434707,0.880396732788798,0.8499854354791727,0.8119087367835282,0.830510886580333,0.7730847655112146,0.8156115550092194,0.7937789741289067
9,0.09,0.8575589863093505,0.8953771289537713,0.8760601101026634,0.8534809204777163,0.9059987631416203,0.87895605219739,0.8240605884066414,0.8308370044052863,0.8274349224919567,0.7357995921934168,0.8383670760039827,0.7837418554142104
10,0.1,0.8313428488202738,0.9159178433889602,0.8715834478546343,0.8260996213224585,0.9255874673629243,0.8730183161459136,0.7993009030002913,0.848747293535416,0.8232823282328233,0.7716482781678369,0.7947658402203857,0.7830364715860899
