,filter_abundance,precision_by_num_reads,recall_by_num_reads,F1_by_num_reads,precision_by_nts,recall_by_nts,F1_by_nts,precision_by_mean_cov,recall_by_mean_cov,F1_by_mean_cov,precision_by_med_cov,recall_by_med_cov,F1_by_med_cov
0,0.0,0.7174515235457064,0.3193588162762022,0.44197952218430037,0.7943213296398892,0.24223864836325237,0.37125748502994016,0.7943213296398892,0.24223864836325237,0.37125748502994016,0.01038781163434903,0.12,0.019120458891013385
1,0.01,0.7174515235457064,0.3193588162762022,0.44197952218430037,0.7728531855955678,0.26154206702601357,0.3908247242164244,0.7590027700831025,0.26095238095238094,0.38837703756201275,0.0,0.0,0.0
2,0.02,0.7174515235457064,0.3193588162762022,0.44197952218430037,0.7146814404432132,0.3240188383045526,0.4458846403110823,0.7326869806094183,0.2701046719428134,0.3947024808804328,0.0,0.0,0.0
3,0.03,0.7174515235457064,0.3193588162762022,0.44197952218430037,0.7146814404432132,0.3240188383045526,0.4458846403110823,0.7229916897506925,0.28354155350353066,0.40733515411626997,0.0,0.0,0.0
4,0.04,0.7174515235457064,0.3193588162762022,0.44197952218430037,0.7146814404432132,0.3240188383045526,0.4458846403110823,0.7077562326869806,0.29359379488652687,0.4150253807106599,0.0,0.0,0.0
5,0.05,0.7174515235457064,0.3193588162762022,0.44197952218430037,0.7146814404432132,0.3240188383045526,0.4458846403110823,0.6945983379501385,0.30384731899424416,0.4227608008429926,0.0,0.0,0.0
6,0.06,0.6350415512465374,0.3875739644970414,0.48136482939632547,0.7132963988919667,0.3249211356466877,0.4464672735153879,0.682825484764543,0.3137130130448616,0.42991061696097665,0.0,0.0,0.0
7,0.07,0.6350415512465374,0.3875739644970414,0.48136482939632547,0.703601108033241,0.3393453573814295,0.45786390265885535,0.6682825484764543,0.3218812541694463,0.4344889689329131,0.0,0.0,0.0
8,0.08,0.6350415512465374,0.3875739644970414,0.48136482939632547,0.685595567867036,0.3467600700525394,0.46057222609909276,0.6551246537396122,0.33019197207678885,0.4390809932699002,0.0,0.0,0.0
9,0.09,0.6350415512465374,0.3875739644970414,0.48136482939632547,0.6745152354570637,0.35560423512230743,0.46569447764762134,0.6419667590027701,0.33795114837768864,0.4427991401958443,0.0,0.0,0.0
10,0.1,0.6350415512465374,0.3875739644970414,0.48136482939632547,0.6260387811634349,0.3970136144049188,0.48589088954582105,0.6301939058171745,0.34613921643210344,0.4468450773385711,0.0,0.0,0.0
