,filter_abundance,precision_by_num_reads,recall_by_num_reads,F1_by_num_reads,precision_by_nts,recall_by_nts,F1_by_nts,precision_by_mean_cov,recall_by_mean_cov,F1_by_mean_cov,precision_by_med_cov,recall_by_med_cov,F1_by_med_cov
0,0.0,0.7295786758383491,0.7517997563406801,0.7405225549555448,0.7346302665520207,0.7404398223377749,0.7375236039924469,0.7346302665520207,0.7404398223377749,0.7375236039924469,0.6985167669819432,0.7894800777453839,0.7412180656934306
1,0.01,0.7777588265393144,0.7211766566503243,0.7483998030526834,0.7780999488316561,0.7278238672622847,0.7521226609512819,0.7699130138154529,0.7019126107914788,0.7343419554254107,0.7501279208596282,0.7106156083373728,0.7298373713906405
2,0.02,0.8444291924044841,0.6674502712477396,0.7455812544187456,0.8444291924044841,0.6745248538011696,0.7499746012394595,0.8329901624342255,0.6457963816956368,0.7275452093116196,0.8089681994966826,0.6634146341463415,0.728997010617462
3,0.03,0.8622800306044377,0.6767413931144916,0.7583267915218123,0.8597296608008161,0.6833569835799717,0.7614637451999097,0.8451925529201735,0.6486592288119005,0.7339977851605758,0.8112726345320072,0.6642305282940071,0.7304247990815155
4,0.04,0.8978905533476002,0.640567066521265,0.7477087576374747,0.8963619688168756,0.6482423170462083,0.7523736207338979,0.8771018037297462,0.6102956817698362,0.7197691921726042,0.8413329257107918,0.6298924238956283,0.7204188481675392
5,0.05,0.9,0.6417980701341492,0.7492787470806429,0.8983498349834983,0.650107475519465,0.7543300540390744,0.8782178217821782,0.6087851750171586,0.7190920145926227,0.8471947194719472,0.6250304358412466,0.7193498668908505
6,0.06,0.9254185692541856,0.6132123045890066,0.7376402790415528,0.9037300177619894,0.6519733470015376,0.7574810183117463,0.9041095890410958,0.5802197802197803,0.7068273092369478,0.8645357686453576,0.597737437516443,0.7067973246228029
7,0.07,0.9271043093032622,0.6191500806885423,0.7424608934042896,0.9242851389448248,0.6272205520634053,0.7473135786388798,0.901329037454692,0.5806953814218994,0.7063279154173899,0.8638743455497382,0.5925414364640884,0.7029329837784697
8,0.08,0.9411498415572658,0.5934912931772767,0.7279411764705882,0.9402444545043006,0.6029027576197388,0.7347010965688008,0.8997440273037542,0.5793956043956044,0.7048796791443851,0.8678134902670892,0.5729228930065751,0.6901890189018902
9,0.09,0.9480952380952381,0.601147342995169,0.7357723577235772,0.9471428571428572,0.6116236162361623,0.7432735426008968,0.9119047619047619,0.555878084179971,0.6907123534715961,0.8680952380952381,0.5702220832030028,0.6883141400792901
10,0.1,0.9457171314741036,0.6051625239005736,0.7380489700738437,0.9427290836653387,0.6148100032478078,0.7442500491448791,0.9143426294820717,0.5616396451514225,0.6958499147242753,0.8640438247011952,0.5681074001309757,0.6854998024496246
