,filter_abundance,precision_by_num_reads,recall_by_num_reads,F1_by_num_reads,precision_by_nts,recall_by_nts,F1_by_nts,precision_by_mean_cov,recall_by_mean_cov,F1_by_mean_cov,precision_by_med_cov,recall_by_med_cov,F1_by_med_cov
0,0.0,0.9916120176910173,0.7426613363792118,0.8492685475444096,0.9928320878450511,0.7194165101116146,0.8342945021145713,0.9928320878450511,0.7194165101116146,0.8342945021145713,0.9676681409181028,0.8020477815699659,0.8771081006358861
1,0.01,0.8760103705963093,0.9289988678634967,0.9017268445839874,0.872502668903462,0.9320625610948191,0.9012997243009058,0.8706725636724112,0.9108168474792597,0.8902923976608187,0.834375476589904,0.9136606546426186,0.8722200079713034
2,0.02,0.9202279202279202,0.8916083916083916,0.9056921207589493,0.9177587844254511,0.8983082357315486,0.9079293498684705,0.9027540360873694,0.8596491228070176,0.880674448767834,0.862298195631529,0.8680688336520076,0.8651738923296808
3,0.03,0.8695156695156695,0.9286004056795132,0.8980872976949484,0.8634377967711301,0.9336619429040871,0.8971778172488653,0.8531813865147199,0.8935746966381539,0.8729109988340458,0.8150047483380817,0.8926565425421261,0.8520651310563939
4,0.04,0.9014679715302492,0.8933215781353318,0.897376286947858,0.8974644128113879,0.9012731740004467,0.8993647609495152,0.8772241992882562,0.8492678725236865,0.863019693654267,0.8398576512455516,0.8477772788504715,0.8437988826815642
5,0.05,0.8661032028469751,0.9231863442389758,0.8937342207941243,0.8592081850533808,0.9294995187680462,0.8929727230698106,0.8959183673469387,0.8103368712505769,0.8509813423794524,0.8563775510204081,0.815597667638484,0.835490293678447
6,0.06,0.8992346938775511,0.893762677484787,0.8964903357070193,0.8936224489795919,0.9019052523171988,0.897744746283957,0.8673469387755102,0.8353808353808354,0.851063829787234,0.8262755102040816,0.8360867320598864,0.8311521683346162
7,0.07,0.8655612244897959,0.914801833378269,0.8895005898545025,0.860969387755102,0.9249109345026034,0.8917954815695601,0.8397959183673469,0.8572916666666667,0.8484536082474227,0.7959183673469388,0.851528384279476,0.8227848101265822
8,0.08,0.901010101010101,0.8914905768132496,0.8962250610018658,0.8935064935064935,0.8997384481255449,0.896611642050391,0.8655122655122656,0.8250343878954608,0.8447887323943662,0.8193362193362194,0.8158045977011494,0.8175665946724261
9,0.09,0.8715728715728716,0.9110105580693816,0.8908554572271385,0.8663780663780664,0.922273425499232,0.8934523809523809,0.8380952380952381,0.8419831835314584,0.8400347121781894,0.8379510309278351,0.791058394160584,0.8138297872340425
10,0.1,0.9020618556701031,0.8900190718372537,0.8960000000000001,0.895618556701031,0.9005506964690638,0.898077854950735,0.8601804123711341,0.8140243902439024,0.8364661654135338,0.8099226804123711,0.812015503875969,0.8109677419354838
