,filter_abundance,precision_by_num_reads,recall_by_num_reads,F1_by_num_reads,precision_by_nts,recall_by_nts,F1_by_nts,precision_by_mean_cov,recall_by_mean_cov,F1_by_mean_cov,precision_by_med_cov,recall_by_med_cov,F1_by_med_cov
0,0.0,0.9985298921920941,0.6996680782877418,0.8228009960293424,0.9988565828160731,0.6739034604364117,0.8048170571202948,0.9988565828160731,0.6739034604364117,0.8048170571202948,0.9531198954590003,0.7781037471662888,0.8567652888921518
1,0.01,0.9095066971577915,0.8903102014710585,0.8998060762766646,0.9062397909180007,0.8941176470588236,0.9001379086557963,0.8995426331264292,0.8709473351257314,0.8850140618722379,0.7930414897092454,0.8987412069603851,0.8425893786879556
2,0.02,0.9452197458862737,0.826142363007464,0.8816786477559744,0.9429285565507186,0.8320161734975189,0.8840070298769771,0.9285565507186003,0.8016543787088654,0.8604516502605675,0.8544053322224536,0.8140504068267513,0.8337398373983739
3,0.03,0.9062695271818371,0.8733440385387394,0.8895021976898702,0.9029368881483024,0.8803818034118602,0.891516709511568,0.8827327640074984,0.83837784371909,0.8599837662337662,0.7987919183503437,0.8486390794423545,0.822961373390558
4,0.04,0.8641949593834618,0.9056974459724951,0.8844596034960563,0.858779420953968,0.9117647058823529,0.884479244878258,0.8431576754842741,0.8673666166702378,0.855090832277144,0.7673401374713601,0.8633700492149051,0.8125275694750773
5,0.05,0.9043478260869565,0.8574793875147232,0.8802902055622733,0.9016149068322982,0.866109785202864,0.8835057821059039,0.8732919254658386,0.8074890879852975,0.8391024110766293,0.7833540372670807,0.8140975987606507,0.7984299822739933
6,0.06,0.8740372670807454,0.8863693625598388,0.8801601200900676,0.8685714285714285,0.8938890309383789,0.8810483870967742,0.8452173913043478,0.8321917808219178,0.8386540120793787,0.7575155279503105,0.828757814623539,0.7915368639667706
7,0.07,0.8395031055900621,0.9061410565835345,0.8715501676554038,0.8337888198757764,0.9144414168937329,0.8722547108512021,0.8154037267080745,0.8511410788381742,0.8328892272554244,0.778879813302217,0.7906425821735268,0.7847171197648788
8,0.08,0.8894399066511085,0.8671786120591581,0.8781682027649769,0.8862310385064177,0.8780346820809248,0.8821138211382114,0.852975495915986,0.8010958904109589,0.8262220966374683,0.7593348891481914,0.8014162561576355,0.7798082684242061
9,0.09,0.8634772462077013,0.8899579073962718,0.8765176191886289,0.8605600933488915,0.901864873127484,0.8807284669353637,0.8284714119019837,0.8203350664355864,0.8243831640058055,0.7371645274212368,0.8151612903225807,0.774203431372549
10,0.1,0.8363477246207701,0.9081406398479569,0.8707668944570994,0.8337222870478413,0.9213410702772404,0.8753445635528331,0.8013418903150525,0.8349544072948328,0.8178029175349807,0.7141190198366394,0.827027027027027,0.7664370695053224
