,filter_abundance,precision_by_num_reads,recall_by_num_reads,F1_by_num_reads,precision_by_nts,recall_by_nts,F1_by_nts,precision_by_mean_cov,recall_by_mean_cov,F1_by_mean_cov,precision_by_med_cov,recall_by_med_cov,F1_by_med_cov
0,0.0,0.9971194663432383,0.7377453729669097,0.8480433240925794,0.9980291085506368,0.720477180693882,0.8368397635543127,0.9980291085506368,0.7203983366163275,0.8367865768399644,0.9769557307459066,0.794182893763865,0.8761386811692725
1,0.01,0.8702243784111583,0.9351580319322255,0.9015234804460499,0.8665858095815646,0.9395134779750164,0.9015772870662461,0.8624924196482717,0.9152187902187903,0.8880736809241336,0.8318677986658581,0.9189415508290069,0.8732394366197184
2,0.02,0.9007973298720564,0.9063432835820896,0.9035617967078956,0.8982013721490821,0.9124128837822566,0.9052513548869371,0.8811422213981086,0.8712871287128713,0.8761869641375495,0.8462822176895977,0.8770176787086856,0.8613758610927622
3,0.03,0.9226614819615467,0.8809818481848185,0.9013400865252716,0.9209332469215813,0.8901649613698058,0.9052877468677001,0.8973860445020523,0.8398706025070765,0.8676762402088773,0.8600129617627997,0.8452229299363058,0.8525538066174108
4,0.04,0.8807517822423849,0.916591726618705,0.8983144210642283,0.8766472240224671,0.9245841877420825,0.8999778221335107,0.8550442860228992,0.8672217353198949,0.8610899597519852,0.812702527543746,0.8694245435636699,0.8401071907101384
5,0.05,0.9011528084375766,0.8904507998061076,0.8957698403023283,0.8989453029188128,0.9013772749631087,0.9001596463219944,0.8692666176109884,0.8330982604607429,0.8507982235025806,0.82560706401766,0.8325500865693791,0.829064039408867
6,0.06,0.869757174392936,0.9200830306175403,0.8942125835329718,0.8641157714005396,0.9285714285714286,0.8951848557997714,0.8388520971302428,0.8582183186951067,0.8484247085090548,0.7956831003188619,0.8525624178712221,0.8231413346866278
7,0.07,0.8959189263215558,0.9040906578220012,0.8999862429495117,0.8907148726376335,0.9134831460674158,0.9019553459991679,0.8567515749109833,0.8343558282208589,0.8454054054054055,0.8099150917556833,0.837202718006795,0.8233328692746763
8,0.08,0.8627773212818406,0.9234828496042217,0.8920985556499575,0.8572993700356066,0.9329359165424739,0.8935198401370253,0.8301835113667488,0.8562146892655367,0.8429981921846753,0.8313689936536718,0.817047817047817,0.8241461953265429
9,0.09,0.8833484436385615,0.9057948559033158,0.8944308445532435,0.8800241764883651,0.9183222958057395,0.8987654320987654,0.8446660622544575,0.8335818669847898,0.8390873611528071,0.8050770625566637,0.8353715898400753,0.8199445983379502
10,0.1,0.8558476881233001,0.9254901960784314,0.8893075836081018,0.8935398813447594,0.9024633821571239,0.8979794633984763,0.8186763372620127,0.8505494505494505,0.8343085925469663,0.8147659854976929,0.8174603174603174,0.8161109276989105
