,filter_abundance,precision_by_num_reads,recall_by_num_reads,F1_by_num_reads,precision_by_nts,recall_by_nts,F1_by_nts,precision_by_mean_cov,recall_by_mean_cov,F1_by_mean_cov,precision_by_med_cov,recall_by_med_cov,F1_by_med_cov
0,0.0,0.8595317725752508,0.11925754060324827,0.20945395273023634,0.9933110367892977,0.08184072747313309,0.15122199592668023,0.9933110367892977,0.08184072747313309,0.15122199592668023,0.010033444816053512,0.03529411764705882,0.015625000000000003
1,0.01,0.8595317725752508,0.11925754060324827,0.20945395273023634,0.9832775919732442,0.08844765342960288,0.16229643941484956,0.9732441471571907,0.08853057499239428,0.16229782487451197,0.0,0.0,0.0
2,0.02,0.8595317725752508,0.11925754060324827,0.20945395273023634,0.9698996655518395,0.09096612296110414,0.16633209062231144,0.9565217391304348,0.09184328837508028,0.16759449164957516,0.0,0.0,0.0
3,0.03,0.8595317725752508,0.11925754060324827,0.20945395273023634,0.8561872909698997,0.12126954050213169,0.21244813278008298,0.9431438127090301,0.09504550050556117,0.17268830373545618,0.0,0.0,0.0
4,0.04,0.8595317725752508,0.11925754060324827,0.20945395273023634,0.8561872909698997,0.12126954050213169,0.21244813278008298,0.919732441471572,0.09696755994358251,0.17543859649122806,0.0,0.0,0.0
5,0.05,0.8595317725752508,0.11925754060324827,0.20945395273023634,0.8561872909698997,0.12126954050213169,0.21244813278008298,0.919732441471572,0.1012518409425626,0.18242122719734657,0.0,0.0,0.0
6,0.06,0.8595317725752508,0.11925754060324827,0.20945395273023634,0.8561872909698997,0.12126954050213169,0.21244813278008298,0.903010033444816,0.1036468330134357,0.18595041322314051,0.0,0.0,0.0
7,0.07,0.8595317725752508,0.11925754060324827,0.20945395273023634,0.8561872909698997,0.12126954050213169,0.21244813278008298,0.8963210702341137,0.10715713714514194,0.19142857142857145,0.0,0.0,0.0
8,0.08,0.8595317725752508,0.11925754060324827,0.20945395273023634,0.8561872909698997,0.12126954050213169,0.21244813278008298,0.8896321070234113,0.11051100955546324,0.19660014781966004,0.0,0.0,0.0
9,0.09,0.8595317725752508,0.11925754060324827,0.20945395273023634,0.8561872909698997,0.12126954050213169,0.21244813278008298,0.8729096989966555,0.11259706643658327,0.19946503630110815,0.0,0.0,0.0
10,0.1,0.8595317725752508,0.11925754060324827,0.20945395273023634,0.8561872909698997,0.12126954050213169,0.21244813278008298,0.8662207357859532,0.11593554162936437,0.204500592183182,0.0,0.0,0.0
