,filter_abundance,precision_by_num_reads,recall_by_num_reads,F1_by_num_reads,precision_by_nts,recall_by_nts,F1_by_nts,precision_by_mean_cov,recall_by_mean_cov,F1_by_mean_cov,precision_by_med_cov,recall_by_med_cov,F1_by_med_cov
0,0.0,0.9964566929133858,0.6223260388492746,0.7661571060995913,0.9992125984251968,0.5920223932820154,0.7435183828914603,0.9992125984251968,0.5920223932820154,0.7435183828914603,0.8005905511811023,0.7544054906325357,0.7768121478368828
1,0.01,0.940748031496063,0.7799902072792557,0.8528598197555098,0.9387795275590551,0.7819314641744548,0.8532069058055283,0.9324803149606299,0.7616980221900627,0.8384812815293389,0.6622047244094488,0.8295930949445129,0.7365079365079364
2,0.02,0.8866141732283465,0.8343831048536495,0.8597060507730484,0.8830708661417322,0.8383479723416184,0.8601284632345892,0.8761811023622047,0.8101565344011649,0.841876300359372,0.6622047244094488,0.8295930949445129,0.7365079365079364
3,0.03,0.8387795275590552,0.8687054026503568,0.8534802203304958,0.8348425196850394,0.8751547668179942,0.8545234737054201,0.8287401574803149,0.841495102938237,0.8350689278984429,0.6847457627118644,0.7349909035779261,0.7089792336940626
4,0.04,0.7966535433070866,0.8979365431550921,0.8442682799624491,0.7917322834645669,0.9019959632204531,0.843274976412622,0.787992125984252,0.86607529208135,0.8251906823335394,0.6847457627118644,0.7349909035779261,0.7089792336940626
5,0.05,0.9081920903954802,0.7711681458383305,0.834090024646517,0.9073446327683616,0.7752836109099687,0.8361317193804505,0.8836158192090395,0.7252492464641781,0.796638227429008,0.6847457627118644,0.7349909035779261,0.7089792336940626
6,0.06,0.8847457627118644,0.7965412004069176,0.8383297644539615,0.8805084745762712,0.8052182898475846,0.8411820267170423,0.8567796610169491,0.7485192497532083,0.7989989462592202,0.6127118644067797,0.7804965815041381,0.6865010286437728
7,0.07,0.8581920903954803,0.8228602383531961,0.8401548672566372,0.8505649717514124,0.8281078107810781,0.8391861761426979,0.8338983050847457,0.7719665271966527,0.801738185768604,0.6127118644067797,0.7804965815041381,0.6865010286437728
8,0.08,0.8324858757062147,0.843687374749499,0.8380491966443906,0.8251412429378531,0.8513552900029147,0.8380433223353895,0.8112994350282486,0.7931510632421983,0.8021226085742216,0.6331602373887241,0.7106577851790175,0.6696743821106316
9,0.09,0.8048022598870056,0.8630717964253256,0.832919163864932,0.7985875706214689,0.8706498306128734,0.8330632090761749,0.7872881355932203,0.8108815827756765,0.7989107066074244,0.6331602373887241,0.7106577851790175,0.6696743821106316
10,0.1,0.7782485875706214,0.8810361368724017,0.8264586770661466,0.7771186440677966,0.8931818181818182,0.8311178247734139,0.7646892655367231,0.8280819822575711,0.7951241004552798,0.6331602373887241,0.7106577851790175,0.6696743821106316
