,filter_abundance,precision_by_num_reads,recall_by_num_reads,F1_by_num_reads,precision_by_nts,recall_by_nts,F1_by_nts,precision_by_mean_cov,recall_by_mean_cov,F1_by_mean_cov,precision_by_med_cov,recall_by_med_cov,F1_by_med_cov
0,0.0,0.7496886674968867,0.3309510720175921,0.4591914569031274,0.8225404732254047,0.2596815411834087,0.39474077394292545,0.8225404732254047,0.2596815411834087,0.39474077394292545,0.013075965130759652,0.15217391304347827,0.024082568807339447
1,0.01,0.7496886674968867,0.3309510720175921,0.4591914569031274,0.7478206724782067,0.33454038997214486,0.46227867590454197,0.788293897882939,0.28183437221727514,0.41521810429649064,0.0,0.0,0.0
2,0.02,0.7496886674968867,0.3309510720175921,0.4591914569031274,0.7478206724782067,0.33454038997214486,0.46227867590454197,0.7689912826899128,0.2960920642531767,0.4275575558248226,0.0,0.0,0.0
3,0.03,0.7496886674968867,0.3309510720175921,0.4591914569031274,0.7478206724782067,0.33454038997214486,0.46227867590454197,0.7577833125778332,0.31141248720573184,0.4414218353282554,0.0,0.0,0.0
4,0.04,0.7496886674968867,0.3309510720175921,0.4591914569031274,0.7478206724782067,0.33454038997214486,0.46227867590454197,0.7397260273972602,0.32247557003257327,0.44914933837429105,0.0,0.0,0.0
5,0.05,0.6793275217932753,0.3902002861230329,0.49568378009995456,0.7403486924034869,0.3416666666666667,0.467558002359418,0.7272727272727273,0.3347664087130983,0.4584887144259077,0.0,0.0,0.0
6,0.06,0.6793275217932753,0.3902002861230329,0.49568378009995456,0.7191780821917808,0.3505311077389985,0.4713323811467047,0.7048567870485679,0.34147812971342384,0.46006909164803905,0.0,0.0,0.0
7,0.07,0.6793275217932753,0.3902002861230329,0.49568378009995456,0.6731008717310087,0.3955360409806074,0.4982714911269878,0.6905354919053549,0.3509493670886076,0.46537977339488046,0.0,0.0,0.0
8,0.08,0.6793275217932753,0.3902002861230329,0.49568378009995456,0.6731008717310087,0.3955360409806074,0.4982714911269878,0.6749688667496887,0.35917826375082834,0.4688581314878893,0.0,0.0,0.0
9,0.09,0.6793275217932753,0.3902002861230329,0.49568378009995456,0.6731008717310087,0.3955360409806074,0.4982714911269878,0.661892901618929,0.3678200692041522,0.47286476868327404,0.0,0.0,0.0
10,0.1,0.6201743462017435,0.4353146853146853,0.5115562403697997,0.6731008717310087,0.39568081991215226,0.49838635315813745,0.6494396014943961,0.37639841212558645,0.47658213388165416,0.0,0.0,0.0
