,filter_abundance,precision_by_num_reads,recall_by_num_reads,F1_by_num_reads,precision_by_nts,recall_by_nts,F1_by_nts,precision_by_mean_cov,recall_by_mean_cov,F1_by_mean_cov,precision_by_med_cov,recall_by_med_cov,F1_by_med_cov
0,0.0,0.8909090909090909,0.15492321589882566,0.2639476721816083,0.9922077922077922,0.1032990805840995,0.18711731569924073,0.9922077922077922,0.1032990805840995,0.18711731569924073,0.015584415584415584,0.09230769230769231,0.02666666666666667
1,0.01,0.8909090909090909,0.15492321589882566,0.2639476721816083,0.9844155844155844,0.11276405831597738,0.20234917245061396,0.974025974025974,0.11177347242921014,0.20053475935828874,0.0,0.0,0.0
2,0.02,0.8909090909090909,0.15492321589882566,0.2639476721816083,0.9688311688311688,0.11569478908188585,0.20670545857578276,0.9532467532467532,0.11548143486469478,0.2060061745719899,0.0,0.0,0.0
3,0.03,0.8909090909090909,0.15492321589882566,0.2639476721816083,0.8857142857142857,0.15772432932469935,0.26776599921476246,0.9402597402597402,0.11947194719471947,0.21200585651537335,0.0,0.0,0.0
4,0.04,0.8909090909090909,0.15492321589882566,0.2639476721816083,0.8857142857142857,0.15772432932469935,0.26776599921476246,0.9246753246753247,0.1229706390328152,0.21707317073170732,0.0,0.0,0.0
5,0.05,0.8909090909090909,0.15492321589882566,0.2639476721816083,0.8857142857142857,0.15772432932469935,0.26776599921476246,0.9038961038961039,0.1254054054054054,0.220253164556962,0.0,0.0,0.0
6,0.06,0.8909090909090909,0.15492321589882566,0.2639476721816083,0.8857142857142857,0.15772432932469935,0.26776599921476246,0.8909090909090909,0.12860892388451445,0.22477064220183485,0.0,0.0,0.0
7,0.07,0.8909090909090909,0.15492321589882566,0.2639476721816083,0.8857142857142857,0.15772432932469935,0.26776599921476246,0.8779220779220779,0.13172252533125486,0.22907488986784139,0.0,0.0,0.0
8,0.08,0.8909090909090909,0.15492321589882566,0.2639476721816083,0.8857142857142857,0.15772432932469935,0.26776599921476246,0.8727272727272727,0.1360323886639676,0.23537653239929945,0.0,0.0,0.0
9,0.09,0.8909090909090909,0.15492321589882566,0.2639476721816083,0.8857142857142857,0.15772432932469935,0.26776599921476246,0.8597402597402597,0.13907563025210085,0.2394213381555154,0.0,0.0,0.0
10,0.1,0.8909090909090909,0.15492321589882566,0.2639476721816083,0.8857142857142857,0.15772432932469935,0.26776599921476246,0.8545454545454545,0.14323030039181542,0.24533929903057422,0.0,0.0,0.0
