,filter_abundance,precision_by_num_reads,recall_by_num_reads,F1_by_num_reads,precision_by_nts,recall_by_nts,F1_by_nts,precision_by_mean_cov,recall_by_mean_cov,F1_by_mean_cov,precision_by_med_cov,recall_by_med_cov,F1_by_med_cov
0,0.0,0.9916175100900342,0.7339997701941859,0.8435787388577088,0.9939459795094691,0.710497114957834,0.8286527759803286,0.9939459795094691,0.710497114957834,0.8286527759803286,0.9573113939770258,0.7927754210052707,0.8673089093593981
1,0.01,0.8810928283141881,0.9177041228779305,0.8990258968876219,0.8789195901893821,0.9196037031021601,0.8988014921819192,0.8756597330021733,0.8978195129715104,0.8866011787819252,0.829400807202732,0.9075930015287923,0.8667369616351691
2,0.02,0.9234833659491194,0.8663484486873508,0.8940039784029555,0.9193737769080235,0.8719376391982183,0.8950276243093922,0.9052837573385518,0.8377399492937342,0.8702031602708804,0.8397260273972603,0.8585434173669467,0.8490304709141274
3,0.03,0.8755381604696674,0.9080576415668764,0.8915014446547772,0.8716242661448141,0.9145790554414784,0.8925851703406813,0.8569471624266145,0.8737031125299282,0.8652440229203716,0.8084148727984345,0.8781887755102041,0.8418585693906664
4,0.04,0.9084146908414691,0.8626931567328918,0.884963768115942,0.903068340306834,0.8687388193202147,0.8855710052427628,0.8849372384937239,0.8227793386643614,0.8527270691006832,0.8337982333798233,0.8291724456773001,0.831478905887807
5,0.05,0.8730822873082287,0.8934348239771646,0.883141312015048,0.8684332868433287,0.9011095031355524,0.8844696969696969,0.8503021850302185,0.8485270238923683,0.8494136769998839,0.7928870292887029,0.851685393258427,0.8212351029252438
6,0.06,0.8386796838679684,0.9185336048879837,0.8767922235722964,0.8326359832635983,0.9253422888142598,0.876544720420898,0.8804727370400215,0.8111853501608512,0.8444100978876867,0.8176201987644373,0.8097898377227987,0.813686180165731
7,0.07,0.8836959441310771,0.8920824295010846,0.8878693833490756,0.8777867311308085,0.899532067162125,0.88852637302882,0.849583669084072,0.8314931650893796,0.8404410787830476,0.7805533172172979,0.8340987370838117,0.8064381850978216
8,0.08,0.8544184797206554,0.9148691400632729,0.883611111111111,0.8501208702659145,0.9248977206312098,0.8859342197340798,0.8221864088100994,0.8516972732331664,0.8366817001503347,0.7598710717163578,0.8485302939412117,0.8017571205894857
9,0.09,0.8898021308980213,0.8892607240644965,0.8895313451004261,0.8864535768645357,0.9004329004329005,0.8933885565270746,0.852359208523592,0.8223201174743024,0.8370702541106129,0.782648401826484,0.8237744312720282,0.8026849828285981
10,0.1,0.8627092846270928,0.9092075713827398,0.8853483286472977,0.8569254185692542,0.9190336271629121,0.8868935097668558,0.8286149162861491,0.8419424682957006,0.8352255293034673,0.7479452054794521,0.840574751967157,0.7915592783505154
