,filter_abundance,precision_by_num_reads,recall_by_num_reads,F1_by_num_reads,precision_by_nts,recall_by_nts,F1_by_nts,precision_by_mean_cov,recall_by_mean_cov,F1_by_mean_cov,precision_by_med_cov,recall_by_med_cov,F1_by_med_cov
0,0.0,0.9092627599243857,0.1803524559430071,0.30100125156445556,0.998109640831758,0.12625538020086083,0.2241562300997665,0.998109640831758,0.12625538020086083,0.2241562300997665,0.013232514177693762,0.08045977011494253,0.022727272727272728
1,0.01,0.9092627599243857,0.1803524559430071,0.30100125156445556,0.9867674858223062,0.13791281373844122,0.24200278164116826,0.9810964083175804,0.1386588298156559,0.24297752808988762,0.0,0.0,0.0
2,0.02,0.9092627599243857,0.1803524559430071,0.30100125156445556,0.9092627599243857,0.18372803666921314,0.305687956784239,0.9697542533081286,0.14598747865680137,0.2537719515211477,0.0,0.0,0.0
3,0.03,0.9092627599243857,0.1803524559430071,0.30100125156445556,0.9092627599243857,0.18372803666921314,0.305687956784239,0.9640831758034026,0.15370705244122965,0.2651416688328568,0.0,0.0,0.0
4,0.04,0.9092627599243857,0.1803524559430071,0.30100125156445556,0.9092627599243857,0.18372803666921314,0.305687956784239,0.941398865784499,0.15804506505871152,0.27065217391304347,0.0,0.0,0.0
5,0.05,0.9092627599243857,0.1803524559430071,0.30100125156445556,0.9092627599243857,0.18372803666921314,0.305687956784239,0.9224952741020794,0.1625582944703531,0.2764089493061456,0.0,0.0,0.0
6,0.06,0.9092627599243857,0.1803524559430071,0.30100125156445556,0.9092627599243857,0.18372803666921314,0.305687956784239,0.9168241965973535,0.1691073919107392,0.28554607006181926,0.0,0.0,0.0
7,0.07,0.9092627599243857,0.1803524559430071,0.30100125156445556,0.9092627599243857,0.18372803666921314,0.305687956784239,0.9054820415879017,0.17488134355604235,0.2931456548347613,0.0,0.0,0.0
8,0.08,0.9092627599243857,0.1803524559430071,0.30100125156445556,0.9092627599243857,0.18372803666921314,0.305687956784239,0.888468809073724,0.17884322678843226,0.29775102945834653,0.0,0.0,0.0
9,0.09,0.7939508506616257,0.21750388399792853,0.3414634146341463,0.8960302457466919,0.18982779335202243,0.3132848645076008,0.8714555765595463,0.18271898533491876,0.3020969855832241,0.0,0.0,0.0
10,0.1,0.7939508506616257,0.21750388399792853,0.3414634146341463,0.8865784499054821,0.19656328583403185,0.3217838765008576,0.8601134215500945,0.18762886597938144,0.3080568720379147,0.0,0.0,0.0
