,filter_abundance,precision_by_num_reads,recall_by_num_reads,F1_by_num_reads,precision_by_nts,recall_by_nts,F1_by_nts,precision_by_mean_cov,recall_by_mean_cov,F1_by_mean_cov,precision_by_med_cov,recall_by_med_cov,F1_by_med_cov
0,0.0,0.7234660925726588,0.7609827898550725,0.7417503586800576,0.7291711517761034,0.746364037020714,0.7376674289447894,0.7291711517761034,0.746364037020714,0.7376674289447894,0.6952637244348762,0.8031584183039046,0.7453265635818139
1,0.01,0.7739424703891709,0.7369099403898824,0.7549723528926303,0.7725888324873097,0.7413541159279103,0.7566492667163809,0.7651438240270727,0.7185761957730812,0.7411292305170859,0.7436548223350253,0.736304238565924,0.7399612762017005
2,0.02,0.8476881233000907,0.6853582554517134,0.7579288681730673,0.8465548504079783,0.6915386039622292,0.7612350963008254,0.8302357207615594,0.6609527246481415,0.735985533453888,0.8041704442429737,0.675680822700438,0.7343475111249094
3,0.03,0.8868980963045913,0.6403881140084899,0.7437492663458152,0.885498320268757,0.646962569032522,0.7476657605483986,0.8675811870100784,0.6147589763935727,0.7196098920236852,0.8407054871220605,0.6277173913043478,0.718764959310675
4,0.04,0.8964046313223644,0.6451754385964912,0.7503187962254526,0.896709323583181,0.6541453656368081,0.7564580388124919,0.8729433272394881,0.6149388280746941,0.7215715904797884,0.8436928702010968,0.6259041591320073,0.7186607838048273
5,0.05,0.9192634560906515,0.6121197830700307,0.7348903043170559,0.9174929178470255,0.6200047858339316,0.739968584892189,0.8962464589235127,0.5823745973308789,0.705997210599721,0.8672096317280453,0.5965895249695493,0.7068841102612209
6,0.06,0.9216799091940976,0.6139112903225806,0.7369535622447436,0.9216799091940976,0.623336745138178,0.7437032514119981,0.8974650018917897,0.5810877021068104,0.7054275092936803,0.8827309236947791,0.5618609406952966,0.6866604186191816
7,0.07,0.929718875502008,0.6203108252947481,0.7441337190613951,0.9265060240963855,0.6284391174067012,0.7489043986365851,0.9117522274077217,0.5576024909185262,0.6919980679439703,0.8824777259227832,0.56799563080284,0.6911447084233262
8,0.08,0.9359430604982206,0.5972182798751065,0.7291630566626235,0.9354982206405694,0.6072769275194918,0.7364734722465418,0.9092526690391459,0.5598466173651054,0.6929988133581962,0.8870817843866171,0.5533333333333333,0.6815423063191717
9,0.09,0.9441997063142438,0.5780641294575967,0.7171003717472119,0.9427312775330396,0.5877326823314006,0.7240601503759397,0.9158100832109642,0.5393485154223119,0.6788824383164006,0.8839941262848752,0.5461143029936498,0.675140186915888
10,0.1,0.9461262185736276,0.5818870306090249,0.7205939820242282,0.9435608004104669,0.5913183279742765,0.7270211504249852,0.9143150333504361,0.5398364132081187,0.6788571428571428,0.8893662728249194,0.5304292120435619,0.6645264847512038
