,filter_abundance,precision_by_num_reads,recall_by_num_reads,F1_by_num_reads,precision_by_nts,recall_by_nts,F1_by_nts,precision_by_mean_cov,recall_by_mean_cov,F1_by_mean_cov,precision_by_med_cov,recall_by_med_cov,F1_by_med_cov
0,0.0,0.9938782263401721,0.6887181839027746,0.813625897331708,0.9955327597617472,0.6647149801148917,0.7971648118706942,0.9955327597617472,0.6647149801148917,0.7971648118706942,0.9228987425545996,0.772362226530047,0.8409467812452887
1,0.01,0.9038716082064858,0.8692124105011934,0.8862032606050774,0.9027134348113832,0.8740788208907402,0.8881653915025232,0.8952680344142951,0.8445450288746683,0.8691671351698658,0.7670416942422237,0.8757083490744239,0.8177809137414006
2,0.02,0.836035737921906,0.9160623640319072,0.8742214532871972,0.8300794176042356,0.9193696170056808,0.8724458742718024,0.8294176042356055,0.8908832415141283,0.8590523519835489,0.7106221045665122,0.90041928721174,0.7943406695024967
3,0.03,0.9089529590288316,0.8399439102564102,0.8730869338885996,0.9044006069802731,0.8465909090909091,0.8745414526779163,0.89030999349664,0.8054520494214552,0.8457578253706753,0.7762844136137004,0.8209536909674461,0.7979944289693593
4,0.04,0.8697160199436376,0.8759825327510917,0.8728380289350592,0.8653804465640581,0.8831858407079646,0.8741924887769625,0.8528072837632777,0.8382697634775197,0.8454760369653986,0.7346629091697376,0.845558882235529,0.7862196960909407
5,0.05,0.8330804248861912,0.9055136663524976,0.867788190132099,0.8261435074788641,0.9110686110447047,0.8665302410186447,0.8155213526988945,0.8620531622364803,0.8381419182354908,0.6943420767396489,0.8638079827400216,0.7698593919000121
6,0.06,0.900506801813817,0.8518798889730003,0.8755186721991702,0.8933048813016804,0.8587179487179487,0.8756700222251275,0.8687650040010669,0.7965272682807533,0.8310793569788211,0.7468658308882369,0.8066839527513685,0.775623268698061
7,0.07,0.8724993331555081,0.8790647675356087,0.8757697456492637,0.866097626033609,0.8874009292156327,0.8766198704103673,0.8420912243264871,0.8206394593189499,0.8312269615587152,0.7177914110429447,0.8191780821917808,0.7651407449530849
8,0.08,0.8394238463590291,0.8981164383561644,0.8677788501309803,0.8338223526273673,0.9071387115496228,0.8689367616400276,0.8122165910909576,0.838150289017341,0.8249796803034409,0.6897839423846359,0.8315112540192926,0.7540457792681149
9,0.09,0.888125,0.8578327799577422,0.8727161062490404,0.884375,0.8699661850599447,0.8771114210444754,0.8475,0.788601337598139,0.8169905106190692,0.728125,0.7876943881000676,0.7567392010392985
10,0.1,0.864375,0.8811723478814909,0.872692853762423,0.8578125,0.8909444985394352,0.8740646393886323,0.8234375,0.8072916666666666,0.8152846534653465,0.70125,0.8069039913700108,0.7503761912723625
