,filter_abundance,precision_by_num_reads,recall_by_num_reads,F1_by_num_reads,precision_by_nts,recall_by_nts,F1_by_nts,precision_by_mean_cov,recall_by_mean_cov,F1_by_mean_cov,precision_by_med_cov,recall_by_med_cov,F1_by_med_cov
0,0.0,0.9987281399046105,0.7124872405580129,0.8316674389355928,0.9990461049284579,0.6891862250493529,0.8156801661474559,0.9990461049284579,0.6891862250493529,0.8156801661474559,0.9650238473767886,0.7799049209816267,0.8626447807859021
1,0.01,0.8998410174880763,0.907051282051282,0.9034317637669594,0.8972972972972973,0.9092959561785081,0.9032567816275907,0.8909379968203498,0.8858678469807145,0.8883956880152188,0.8314785373608903,0.892796176169341,0.8610470859400723
2,0.02,0.934964200477327,0.8556607207863124,0.8935563581068238,0.9317820206841687,0.860738563292302,0.8948524496227677,0.9192521877486078,0.8306973400431344,0.8727341389728097,0.8659506762132061,0.8360215053763441,0.8507229386479094
3,0.03,0.8910103420843277,0.898876404494382,0.8949260886935676,0.887629276054097,0.9060089321965084,0.8967249346996182,0.8711217183770883,0.8656126482213439,0.8683584456780331,0.8186157517899761,0.8668913226621735,0.8420621931260228
4,0.04,0.9175837040505737,0.8551167357626009,0.8852496046984414,0.8391010342084327,0.9327879725845678,0.8834676997173072,0.8915944743619761,0.815068493150685,0.8516157888851617,0.8335284476703348,0.8172635445362718,0.82531586878405
5,0.05,0.8841020838211192,0.8884705882352941,0.8862809529397959,0.8803558885506907,0.8971605821999523,0.8886787993382179,0.856708030906111,0.8397980261647923,0.8481687528975429,0.7934909857176305,0.8403173816017853,0.816233140655106
6,0.06,0.8506204635916648,0.9146525679758308,0.8814751910712119,0.8452353078904238,0.9223300970873787,0.8821014050091631,0.8253336455162725,0.8616475189440235,0.8430997369050467,0.8158109209453953,0.7888100866824271,0.8020833333333334
7,0.07,0.8872588970388482,0.8753685339051193,0.8812736103615759,0.8823689214887259,0.8842907704873401,0.883328800652706,0.8541157294213529,0.8149300155520995,0.8340628730600875,0.7791361043194784,0.809255079006772,0.7939100346020761
8,0.08,0.8603640315131758,0.9002274019329164,0.8798444228365051,0.8535723988046726,0.9078301069055187,0.8798655838700644,0.8245042108122793,0.83105147864184,0.8277648984044728,0.7582178755772888,0.8254954155575274,0.7904276408949306
9,0.09,0.8964019851116626,0.8681285671372785,0.8820387608728827,0.8936104218362283,0.8802322028719829,0.8868708634754502,0.8563895781637717,0.7970554272517321,0.825657894736842,0.788151364764268,0.7933187636590696,0.7907266220631711
10,0.1,0.8718982630272953,0.8898385565052231,0.880777064076453,0.8691066997518611,0.9027061855670103,0.8855878634639697,0.832196029776675,0.8150060753341434,0.8235113566605281,0.7543424317617866,0.8183041722745625,0.7850225952227243
