,filter_abundance,precision_by_num_reads,recall_by_num_reads,F1_by_num_reads,precision_by_nts,recall_by_nts,F1_by_nts,precision_by_mean_cov,recall_by_mean_cov,F1_by_mean_cov,precision_by_med_cov,recall_by_med_cov,F1_by_med_cov
0,0.0,0.9099099099099099,0.14776883686905634,0.2542479546884833,0.9932432432432432,0.10330288123682362,0.18714194780394652,0.9932432432432432,0.10330288123682362,0.18714194780394652,0.015765765765765764,0.05982905982905983,0.0249554367201426
1,0.01,0.9099099099099099,0.14776883686905634,0.2542479546884833,0.9842342342342343,0.11297828335056877,0.20269016697588127,0.972972972972973,0.1130890052356021,0.2026266416510319,0.0,0.0,0.0
2,0.02,0.9099099099099099,0.14776883686905634,0.2542479546884833,0.9076576576576577,0.1504292646509892,0.2580851745116875,0.9617117117117117,0.11904098132143853,0.21185809972711486,0.0,0.0,0.0
3,0.03,0.9099099099099099,0.14776883686905634,0.2542479546884833,0.9076576576576577,0.1504292646509892,0.2580851745116875,0.9504504504504504,0.124447065762312,0.22007822685788786,0.0,0.0,0.0
4,0.04,0.9099099099099099,0.14776883686905634,0.2542479546884833,0.9076576576576577,0.1504292646509892,0.2580851745116875,0.9414414414414415,0.12989434431323804,0.22829055161114145,0.0,0.0,0.0
5,0.05,0.9099099099099099,0.14776883686905634,0.2542479546884833,0.9076576576576577,0.1504292646509892,0.2580851745116875,0.9324324324324325,0.13516160626836435,0.23609923011120618,0.0,0.0,0.0
6,0.06,0.9099099099099099,0.14776883686905634,0.2542479546884833,0.9076576576576577,0.1504292646509892,0.2580851745116875,0.9144144144144144,0.13894592744695414,0.24123588829471185,0.0,0.0,0.0
7,0.07,0.9099099099099099,0.14776883686905634,0.2542479546884833,0.9076576576576577,0.1504292646509892,0.2580851745116875,0.8986486486486487,0.14285714285714285,0.24652455977757182,0.0,0.0,0.0
8,0.08,0.9099099099099099,0.14776883686905634,0.2542479546884833,0.9076576576576577,0.1504292646509892,0.2580851745116875,0.8873873873873874,0.14723467862481315,0.25256410256410255,0.0,0.0,0.0
9,0.09,0.8085585585585585,0.1794102948525737,0.2936605316973415,0.9031531531531531,0.15670183665494333,0.26706626706626707,0.8671171171171171,0.14980544747081712,0.25547445255474455,0.0,0.0,0.0
10,0.1,0.8085585585585585,0.1794102948525737,0.2936605316973415,0.8918918918918919,0.16169865251122909,0.2737642585551331,0.8581081081081081,0.1543134872417983,0.26158599382080333,0.0,0.0,0.0
