,filter_abundance,precision_by_num_reads,recall_by_num_reads,F1_by_num_reads,precision_by_nts,recall_by_nts,F1_by_nts,precision_by_mean_cov,recall_by_mean_cov,F1_by_mean_cov,precision_by_med_cov,recall_by_med_cov,F1_by_med_cov
0,0.0,0.7290448343079922,0.7493321460373998,0.7390492919091008,0.7354342646740307,0.735832701267743,0.7356334290202026,0.7354342646740307,0.735832701267743,0.7356334290202026,0.7014294996751137,0.7862345229424618,0.7414148351648352
1,0.01,0.7861700293153993,0.7227330374128091,0.75311803089122,0.7849629246421796,0.7282034874420092,0.7555186721991701,0.7773754095533713,0.703605431559232,0.7386531214156972,0.7485773409208484,0.7265271966527197,0.7373874639035162
2,0.02,0.8487511563367253,0.6636528028933092,0.7448751775928556,0.8485198889916744,0.6707495429616088,0.7492342250357362,0.8362627197039778,0.641931475235221,0.7263231897157779,0.8112858464384829,0.6675547098001903,0.7324355360684832
3,0.03,0.869824016563147,0.6715284715284715,0.75792084789717,0.8682712215320911,0.6786003236245954,0.7618074477747503,0.8522256728778468,0.644927536231884,0.7342251950947603,0.828416149068323,0.6543336058871627,0.7311557788944724
4,0.04,0.9050868486352357,0.6339343906148164,0.7456241216302542,0.9053970223325062,0.6429515418502203,0.7519319938176199,0.8852357320099256,0.6065887353878853,0.7198890150081978,0.8629032258064516,0.6191853995103495,0.7210055721135157
5,0.05,0.9118530884808014,0.6398781630740393,0.752030841250172,0.9118530884808014,0.6493105087969567,0.75850576308846,0.9086659475008989,0.5761513907888737,0.7051765034184457,0.8827759798633585,0.5877423988508499,0.7056625467088244
6,0.06,0.9289243633599392,0.6132998745294855,0.7388149939540508,0.9251235271759787,0.6199694345389709,0.742412688729602,0.9072595971113645,0.5799319727891157,0.7075737364754707,0.8806537438236413,0.5909206834991074,0.7072649572649574
7,0.07,0.9339813689752936,0.6162479957242116,0.7425535340524875,0.9331713244228432,0.6255769752918816,0.7490247074122237,0.9113001215066828,0.5803456280629352,0.709108099590293,0.8908857509627728,0.5643805909460559,0.6910056422170594
8,0.08,0.944043321299639,0.5929705215419501,0.7284122562674095,0.9417870036101083,0.601094470046083,0.7338255977496483,0.9075738125802311,0.5788755458515283,0.706882186302283,0.8885379061371841,0.5649928263988522,0.6907560077179442
9,0.09,0.9458432304038005,0.5959293624663274,0.7311788468600808,0.9448931116389548,0.6054794520547945,0.7380333951762523,0.9201900237529691,0.5578917050691244,0.6946386946386947,0.8874109263657958,0.5636692818346409,0.6894260933751616
10,0.1,0.9509650495565989,0.5748975086723431,0.7165880503144655,0.9509650495565989,0.5852327447833066,0.7245627980922099,0.915506958250497,0.55835101545923,0.6936546789681792,0.8909754825247783,0.5444692381255977,0.6759002770083102
