,filter_abundance,precision_by_num_reads,recall_by_num_reads,F1_by_num_reads,precision_by_nts,recall_by_nts,F1_by_nts,precision_by_mean_cov,recall_by_mean_cov,F1_by_mean_cov,precision_by_med_cov,recall_by_med_cov,F1_by_med_cov
0,0.0,0.9934967483741871,0.6993778612513206,0.8208872967759714,0.9949974987493747,0.6730964467005076,0.8029874848607186,0.9949974987493747,0.6729446261418743,0.8028794402583422,0.9418042354510588,0.78542622722848,0.8565362450712769
1,0.01,0.9082874770718693,0.8825340246273493,0.8952255731777468,0.9051192262798066,0.8860594188703885,0.8954879155324589,0.9001167250291813,0.8635418333066709,0.8814500326583933,0.8124062031015508,0.8851744186046512,0.8472306755934267
2,0.02,0.8387527096881774,0.9278730861464675,0.881064985111228,0.8339169584792396,0.9312849162011173,0.8799155449986805,0.8322494580623645,0.9046583288018851,0.8669445891957618,0.7633816908454227,0.9061757719714965,0.8286722780342113
3,0.03,0.9095042216930072,0.8528217620787657,0.8802514405447879,0.9060402684563759,0.8602261048304214,0.8825390130746521,0.8939164321281663,0.8225099601593625,0.8567278763357195,0.7899978350292272,0.8425305933964442,0.8154189944134078
4,0.04,0.870534747780905,0.8870505184204721,0.878715034965035,0.8644728296168002,0.8920911528150134,0.8780648708081363,0.8560294436025113,0.8523388661349429,0.8541801685029163,0.7514613552717039,0.8636476735506344,0.8036582542255152
5,0.05,0.8343797358735657,0.9141366223908919,0.8724391624221846,0.8252868586274086,0.9176697159364468,0.8690299783426422,0.8922833816170661,0.7824480369515011,0.8337639965546942,0.7953647616539373,0.8055481461723126,0.8004240657301882
6,0.06,0.8954437713984725,0.8638211382113821,0.8793482477693004,0.8917566499868317,0.8722308088614117,0.8818856621955983,0.8646299710297604,0.8072289156626506,0.834944048830112,0.7943112983934685,0.8055555555555556,0.7998939132741015
7,0.07,0.8677903608111667,0.8886192017259978,0.8780812791472352,0.8633131419541743,0.8985745614035088,0.8805910006715916,0.841453779299447,0.8326817826426895,0.8370447995808227,0.736370819067685,0.8401442307692307,0.7848421052631579
8,0.08,0.8385567553331578,0.9097142857142857,0.8726874057831986,0.8314458783249934,0.9177325581395349,0.8724609644880476,0.8857053877296792,0.782824112303881,0.8310929281122151,0.736370819067685,0.8401442307692307,0.7848421052631579
9,0.09,0.8966054188726253,0.8690009055236946,0.8825873697118333,0.893179694799128,0.8813767670559312,0.8872389791183295,0.8582995951417004,0.7993039443155452,0.8277519147019072,0.7580193086265961,0.8102529960053262,0.7832662912308931
10,0.1,0.8716910619744628,0.8911174785100286,0.8812972292191434,0.8667081905948303,0.9018146467919637,0.8839129744322692,0.8389909685456244,0.8218425869432581,0.830328247803976,0.7327935222672065,0.8212914485165794,0.7745227123107308
