,filter_abundance,precision_by_num_reads,recall_by_num_reads,F1_by_num_reads,precision_by_nts,recall_by_nts,F1_by_nts,precision_by_mean_cov,recall_by_mean_cov,F1_by_mean_cov,precision_by_med_cov,recall_by_med_cov,F1_by_med_cov
0,0.0,0.9968813347887104,0.7302113078241005,0.8429588607594937,0.9981288008732263,0.7073709802188087,0.8279653343681284,0.9981288008732263,0.7073709802188087,0.8279653343681284,0.9750506783096835,0.7904184047528757,0.8730801452108351
1,0.01,0.8895992515203492,0.9226912502021672,0.9058431248015243,0.8853890534851083,0.9250570218312154,0.9047884630706717,0.8824263215343833,0.9028398213146139,0.8925163630628499,0.8478091376890691,0.9079826319305278,0.8768647689702443
2,0.02,0.9178947368421052,0.8825910931174089,0.8998968008255934,0.9144497607655503,0.8882691950176613,0.9011693700490381,0.8981818181818182,0.8487972508591065,0.872791519434629,0.8593301435406698,0.858508604206501,0.8589191774270684
3,0.03,0.8679425837320575,0.9198782961460447,0.8931560807483998,0.8637320574162679,0.926884370507291,0.8941945710322964,0.8507177033492823,0.8842251840063656,0.8671478735856419,0.8135885167464115,0.8843353442895777,0.847488038277512
4,0.04,0.912568306010929,0.883403129821468,0.8977489080524134,0.9086976320582878,0.8914451641724369,0.8999887247716767,0.8827413479052824,0.8348406546080964,0.8581230633023462,0.8469945355191257,0.8352043107319264,0.841058105358354
5,0.05,0.8740892531876139,0.9101469890943575,0.891753774680604,0.8697632058287796,0.9191530317613089,0.8937763219466542,0.8494990892531876,0.860867558837102,0.8551455420582167,0.8060109289617486,0.8600583090379009,0.832157968970381
6,0.06,0.9052194235263568,0.8838742393509128,0.8944194996792816,0.9000259672812256,0.892378990731205,0.8961861667744021,0.8673071929368995,0.8206388206388207,0.8433278626436057,0.8291352895351857,0.8242127000516263,0.8266666666666668
7,0.07,0.8735393404310569,0.906983014289566,0.8899470899470902,0.8678265385614127,0.9158673609208002,0.8912000000000001,0.8413399117112438,0.84375,0.8425432323494995,0.8026486626850169,0.8436135371179039,0.8226214238190285
8,0.08,0.9025102159953299,0.8829240434037693,0.8926096997690532,0.8981319322825453,0.8942167974426039,0.8961700888306393,0.8619381202568593,0.8123796423658872,0.8364254354907237,0.8242848803269118,0.8114942528735632,0.8178395598030698
9,0.09,0.8736135434909515,0.9028657616892911,0.8879988132324581,0.8686514886164624,0.9142857142857143,0.8908845981140547,0.8380035026269702,0.83241519280951,0.8352,0.7953882078225336,0.8287712895377128,0.8117366696455169
10,0.1,0.894464227905471,0.8782581055308328,0.8862870890136326,0.8934930398187115,0.8940719144800777,0.8937823834196892,0.8559404337973454,0.8060975609756098,0.8302716281990894,0.8051149239235998,0.8032945736434108,0.8042037186742119
