,filter_abundance,precision_by_num_reads,recall_by_num_reads,F1_by_num_reads,precision_by_nts,recall_by_nts,F1_by_nts,precision_by_mean_cov,recall_by_mean_cov,F1_by_mean_cov,precision_by_med_cov,recall_by_med_cov,F1_by_med_cov
0,0.0,0.9967741935483871,0.6068491469252486,0.7544060425726711,0.9985887096774193,0.5743274582560297,0.7292402826855123,0.9985887096774193,0.5743274582560297,0.7292402826855123,0.7959677419354839,0.7537227949599083,0.7742694646009021
1,0.01,0.9391129032258064,0.7670014819693727,0.8443759630200308,0.9387096774193548,0.7720112750787598,0.8472386498043855,0.933266129032258,0.75182718856586,0.8327786273275164,0.6620967741935484,0.834349593495935,0.7383093525179857
2,0.02,0.8850806451612904,0.830338566294685,0.856836147165024,0.8834677419354838,0.8316568608844183,0.8567797438654805,0.8788306451612903,0.8061771777325689,0.8409375904311758,0.6620967741935484,0.834349593495935,0.7383093525179857
3,0.03,0.8425403225806452,0.8670124481327801,0.8546012269938651,0.8366935483870968,0.8716656164671287,0.853821623289785,0.8328629032258065,0.8408304498269896,0.8368277119416592,0.6843003412969283,0.7451223288943946,0.7134173461823572
4,0.04,0.7981854838709678,0.8942850688954145,0.8435069777351655,0.7935483870967742,0.9000686027898468,0.8434586949533912,0.7905241935483871,0.8640370207139709,0.8256475047378397,0.6843003412969283,0.7451223288943946,0.7134173461823572
5,0.05,0.9081342434584755,0.7770747140423461,0.8375081967213116,0.9050056882821388,0.784516765285996,0.8404648705758055,0.8805460750853242,0.7320879640576968,0.7994835377663008,0.6112059158134243,0.7840204304998176,0.686910660060732
6,0.06,0.8828213879408419,0.8077023158990372,0.8435928794673188,0.8796928327645052,0.8165258711721225,0.8469331872946331,0.8543799772468714,0.7576292559899117,0.803101189680524,0.6112059158134243,0.7840204304998176,0.686910660060732
7,0.07,0.85580204778157,0.8332871780670175,0.8443945559141294,0.8526734926052332,0.8433192686357244,0.8479705840758024,0.8279294653014789,0.7802197802197802,0.8033669104457017,0.6112059158134243,0.7840204304998176,0.686910660060732
8,0.08,0.8293515358361775,0.8561362301820317,0.8425310603871713,0.823094425483504,0.8638805970149254,0.8429944654820856,0.8023321956769056,0.8000567214974476,0.8011928429423459,0.6409683426443203,0.7267736486486487,0.6811794973283198
9,0.09,0.7983503981797497,0.873366521468575,0.8341753343239228,0.7920932878270762,0.8793811177770761,0.8334580278318121,0.7770193401592719,0.817474566128067,0.7967337416156313,0.6409683426443203,0.7267736486486487,0.6811794973283198
10,0.1,0.773037542662116,0.890271863740583,0.827523215101233,0.7659271899886234,0.8973675441519493,0.8264538898266073,0.754835039817975,0.8359055118110236,0.7933044387983859,0.5940409683426443,0.7498824635637047,0.6629260182876142
