,filter_abundance,precision_by_num_reads,recall_by_num_reads,F1_by_num_reads,precision_by_nts,recall_by_nts,F1_by_nts,precision_by_mean_cov,recall_by_mean_cov,F1_by_mean_cov,precision_by_med_cov,recall_by_med_cov,F1_by_med_cov
0,0.0,0.9911663422668064,0.7515894641235241,0.8549105701556144,0.9926635723910765,0.72921249450066,0.8407837169488301,0.9926635723910765,0.72921249450066,0.8407837169488301,0.970354843539452,0.8036954365079365,0.8791969070067149
1,0.01,0.8697409791885012,0.937843073942525,0.9025091276314767,0.865548734840545,0.94091796875,0.9016610777509163,0.8645006737535559,0.9204527339391041,0.8915997529339098,0.9183255813953488,0.8281879194630872,0.8709307454786059
2,0.02,0.9131162790697674,0.9027036968916682,0.9078801331853497,0.9112558139534884,0.9099015418911388,0.9105781743818554,0.8946976744186047,0.868991687748464,0.8816573471445596,0.8682790697674418,0.8703841850055949,0.8693303529850052
3,0.03,0.9291541434091884,0.8777124315554654,0.9027010115757639,0.9261485616144268,0.8856497639088483,0.9054465316402562,0.9044654358093602,0.8375745526838966,0.8697357555739059,0.8759124087591241,0.8362369337979094,0.8556149732620321
4,0.04,0.8902962644911979,0.9138386954605553,0.9019138755980862,0.8847144697294976,0.9198660714285715,0.9019479098270958,0.8623872906826965,0.8644286636539703,0.8634067705534658,0.8269643623872907,0.8677630096868664,0.8468725953611079
5,0.05,0.9157662082514735,0.8832306963524396,0.8992042440318302,0.9106090373280943,0.8915604712671316,0.9009840845583768,0.8821218074656189,0.8284132841328413,0.8544243577545194,0.8418467583497053,0.8373229115779189,0.8395787411217243
6,0.06,0.8828585461689588,0.9103570524183338,0.8963969579852885,0.8762278978388998,0.9179315667609982,0.8965950496293502,0.8524066797642437,0.8524066797642437,0.8524066797642437,0.8170432220039293,0.849808429118774,0.8331037936647052
7,0.07,0.9093171136300802,0.8860452586206896,0.8975303588484104,0.9032347249101466,0.8950684931506849,0.8991330672904914,0.8791816422449544,0.8279093985941162,0.8527755430410299,0.84241083771081,0.8221802482460874,0.832172606855114
8,0.08,0.8800110588885817,0.9086497288038824,0.8941011235955056,0.8736521979541056,0.9180708890180128,0.8953109505595694,0.8498755875034559,0.845202089634314,0.8475323959194927,0.8106165330384296,0.8398739616155829,0.8249859313449633
9,0.09,0.906519065190652,0.8890229191797346,0.8976857490864799,0.9022140221402214,0.9011056511056511,0.901659496004917,0.8659286592865929,0.816231884057971,0.8403461653237839,0.8244157441574416,0.8186259541984733,0.8215106480772176
10,0.1,0.8809963099630996,0.9103908484270734,0.8954524144397562,0.8754612546125461,0.9219559585492227,0.8981072555205046,0.8444034440344403,0.8366849482023156,0.8405264768901133,0.8050430504305043,0.8319034000635526,0.8182528520081263
