,filter_abundance,precision_by_num_reads,recall_by_num_reads,F1_by_num_reads,precision_by_nts,recall_by_nts,F1_by_nts,precision_by_mean_cov,recall_by_mean_cov,F1_by_mean_cov,precision_by_med_cov,recall_by_med_cov,F1_by_med_cov
0,0.0,0.9972780886133373,0.7304241887252187,0.8432425521033116,0.9983366097081506,0.7151987866969992,0.8333754102499369,0.9983366097081506,0.7151987866969992,0.8333754102499369,0.9759564494178133,0.7840136054421769,0.8695183563489389
1,0.01,0.8820505065779525,0.9225051399652064,0.9018243661100804,0.8784212913957357,0.9267708998085513,0.9019486064746527,0.875548162709814,0.9003265433058623,0.8877644894204231,0.8415242703765311,0.8991759573436743,0.8693954069676615
2,0.02,0.9153874953201049,0.8842676311030742,0.8995584988962474,0.9135155372519655,0.8918128654970761,0.9025337525429997,0.8977910894795956,0.8506562610854913,0.8735883424408014,0.8562336203669038,0.8581613508442777,0.8571964017991004
3,0.03,0.8654062149007862,0.9253402722177743,0.894370284387696,0.8618494945713217,0.9333063044800325,0.8961557177615573,0.8466866342193935,0.8853004501859464,0.8655631040091858,0.7957693747660053,0.8876592190436416,0.8392063962096536
4,0.04,0.899256993006993,0.8974918211559433,0.8983735400065496,0.8953234265734266,0.9058147247402166,0.9005385207165623,0.8732517482517482,0.8500319081046586,0.8614853939851246,0.8153409090909091,0.8539711604486152,0.8342090553381777
5,0.05,0.8564248251748252,0.922334666980466,0.8881586402266288,0.8492132867132867,0.9281108192022928,0.8869108752710257,0.8336975524475524,0.8727979867307253,0.852799821169107,0.7816870629370629,0.8709520331141952,0.8239087872855004
6,0.06,0.8851148851148851,0.8935955622793746,0.8893350062735258,0.8796203796203796,0.902614044079959,0.8909688843916013,0.8541458541458542,0.8351648351648352,0.844548709717249,0.7969530469530469,0.8395159168639832,0.8176809737347853
7,0.07,0.8508991008991009,0.9163528778913395,0.8824138824138824,0.8449050949050949,0.9245695545230938,0.8829440167036409,0.8224275724275725,0.8544369486248053,0.8381267498091117,0.76998001998002,0.8516574585635359,0.8087618048268626
8,0.08,0.8860938383267383,0.8949471881244647,0.8904985087345546,0.8835500282645562,0.9074020319303339,0.8953171989116426,0.8490672696438666,0.8252747252747252,0.8370019504040122,0.7832108535895986,0.8281530185295876,0.805055200464846
9,0.09,0.8586772187676653,0.9172705314009661,0.8870072992700729,0.851328434143584,0.9261992619926199,0.8871870397643593,0.8219332956472584,0.844121915820029,0.8328798510668767,0.7614471452798192,0.8426649984360338,0.8
10,0.1,0.8819836785938481,0.8954748247291269,0.8886780518659078,0.8750784682988073,0.9054887950633322,0.8900239425379091,0.839924670433145,0.818598959926583,0.8291247095274981,0.7831136220966729,0.8169613621480026,0.7996794871794872
