,filter_abundance,precision_by_num_reads,recall_by_num_reads,F1_by_num_reads,precision_by_nts,recall_by_nts,F1_by_nts,precision_by_mean_cov,recall_by_mean_cov,F1_by_mean_cov,precision_by_med_cov,recall_by_med_cov,F1_by_med_cov
0,0.0,0.7307353588727433,0.753034600113443,0.7417174143806916,0.7369000440334654,0.7362516498020237,0.7365757042253521,0.7369000440334654,0.7362516498020237,0.7365757042253521,0.697380008806693,0.7944569852019062,0.7427599953101184
1,0.01,0.7914230019493177,0.7159345944212889,0.7517885699856914,0.7916002126528442,0.7222312045270817,0.755326344267839,0.7816764132553606,0.6967303743484442,0.7367629864706865,0.7581073896863371,0.7152650058518643,0.7360633172746043
2,0.02,0.8548579613272858,0.654183412495433,0.7411776880885853,0.855096681785629,0.6608856088560886,0.745551045894474,0.8441155407018381,0.6338053414590429,0.723996723996724,0.8180950107424206,0.6581524870366814,0.7294593444018731
3,0.03,0.8722384881554431,0.6600201409869083,0.7514331575326759,0.8727708277881289,0.6690471332381147,0.7574497574497575,0.8583976577056162,0.63571850975754,0.7304643261608155,0.8333776949693905,0.6516129032258065,0.7313711749591216
4,0.04,0.9062099871959027,0.6198817604554412,0.7361851514757508,0.9058898847631242,0.6281908990011099,0.7419058854371477,0.8876440460947503,0.5920153714773698,0.710297131147541,0.8626760563380281,0.6087644002710639,0.7138127400344325
5,0.05,0.9181912323092855,0.6269149186896064,0.7450980392156863,0.9168104936140835,0.63555874611151,0.7507066139061617,0.8960994131860546,0.594050343249428,0.7144626393284712,0.8629616845012081,0.6097560975609756,0.7145919679862799
6,0.06,0.922106824925816,0.6269861286254729,0.7464344692989039,0.9187685459940653,0.6346400204970536,0.7507198060312169,0.9093069306930693,0.5595905435047526,0.6928183464091732,0.8768316831683168,0.5759625390218522,0.6952425812529439
7,0.07,0.9407064760302776,0.6003757380568975,0.7329619921363041,0.9377628259041211,0.6084583901773534,0.7380440178719179,0.9112699747687132,0.5598036683027642,0.6935509681549048,0.8763666947014298,0.5726848035174499,0.6927040053182649
8,0.08,0.9431258396775638,0.5988058003980665,0.7325217391304347,0.9386475593372146,0.606657018813314,0.7369901547116737,0.9135691894312584,0.556920556920557,0.6919945725915876,0.8759516345723243,0.5687699912765338,0.6897038081805359
9,0.09,0.9483267716535433,0.5790264423076923,0.7190298507462687,0.9448818897637795,0.587515299877601,0.7245283018867924,0.9124121779859484,0.5605755395683453,0.6944741532976827,0.8838582677165354,0.548564447159438,0.6769694685261968
10,0.1,0.9458907605921388,0.5863924050632912,0.7239695252979098,0.9448698315467075,0.5970967741935483,0.7317651709824075,0.9167942827973455,0.5439127801332526,0.6827599315719445,0.8739152628892292,0.5488938762423854,0.6742812130760142
