,filter_abundance,precision_by_num_reads,recall_by_num_reads,F1_by_num_reads,precision_by_nts,recall_by_nts,F1_by_nts,precision_by_mean_cov,recall_by_mean_cov,F1_by_mean_cov,precision_by_med_cov,recall_by_med_cov,F1_by_med_cov
0,0.0,0.9968248928401333,0.7214753533264392,0.8370883882149046,0.9984124464200667,0.6978473146915224,0.8215008817190256,0.9984124464200667,0.6978473146915224,0.8215008817190256,0.9609461819336402,0.778120581051549,0.8599232845574657
1,0.01,0.8896650261946341,0.9060630557801131,0.8977891701377764,0.8891887601206541,0.9096962806561637,0.8993256262042391,0.8809334815050008,0.8831768263568359,0.8820537275472898,0.8329893633910145,0.8912858841515203,0.861152141802068
2,0.02,0.9285997619992067,0.8595557187442628,0.892744780245972,0.9268147560491868,0.867297698589458,0.8960690316395016,0.9049980166600555,0.8263310394784499,0.8638773191972737,0.8409361364537882,0.8483393357342938,0.844621513944223
3,0.03,0.8817929393097977,0.9023746701846965,0.891965091784532,0.878817929393098,0.9098562628336756,0.8940677966101694,0.85739785799286,0.8625299281723863,0.8599562363238511,0.811186037286791,0.8694727891156463,0.8393186948491689
4,0.04,0.9208037825059102,0.8598233995584988,0.889269406392694,0.9177304964539007,0.8680679785330948,0.8922086876580096,0.8898345153664302,0.8134860600821266,0.849949192728915,0.840661938534279,0.8220064724919094,0.831229546517064
5,0.05,0.8872340425531915,0.892721217887726,0.8899691723974388,0.8836879432624114,0.9015918958031838,0.8925501432664757,0.8567375886524823,0.8406402226861517,0.8486125746399721,0.8023640661938535,0.8474406991260924,0.8242865816636309
6,0.06,0.8513002364066193,0.9167515274949084,0.8828144152978671,0.8439716312056738,0.9222423146473779,0.8813726700407357,0.8257683215130024,0.864390002474635,0.8446378914278807,0.7683215130023641,0.8645916467145517,0.8136187257479034
7,0.07,0.8894059676977827,0.8809652928416486,0.8851655087862689,0.8833835203941965,0.8882466281310212,0.8858083996706011,0.8598412263892691,0.8257097791798107,0.8424299316078852,0.7908568300027374,0.8292192881745121,0.8095838587641866
8,0.08,0.8598412263892691,0.903364969801553,0.8810659186535765,0.8535450314809745,0.9111630625365283,0.8814134275618375,0.830550232685464,0.8441847523650529,0.8373119911687594,0.7695045168354777,0.8431313737252549,0.8046371833404894
9,0.09,0.8908582089552238,0.8716154548220262,0.8811317853298476,0.8877487562189055,0.8828076685219542,0.8852713178294573,0.8507462686567164,0.8035242290748899,0.826461259628455,0.7845149253731343,0.8083947452739506,0.7962758403029825
10,0.1,0.867226368159204,0.8947706127686879,0.8807831991157429,0.8638059701492538,0.9069539666993144,0.884854276158624,0.8283582089552238,0.8240024744819053,0.8261746007132889,0.7496890547263682,0.8248374957235717,0.7854699462453167
