,filter_abundance,precision_by_num_reads,recall_by_num_reads,F1_by_num_reads,precision_by_nts,recall_by_nts,F1_by_nts,precision_by_mean_cov,recall_by_mean_cov,F1_by_mean_cov,precision_by_med_cov,recall_by_med_cov,F1_by_med_cov
0,0.0,0.7292712866867537,0.7514085316775899,0.7401744251897157,0.7358553732842317,0.7350351131423476,0.7354450144992193,0.7358553732842317,0.7350351131423476,0.7354450144992193,0.6872000892757505,0.7957100400568549,0.7374850299401198
1,0.01,0.7974799123447772,0.7041277007416962,0.7479020380202089,0.7960189919649379,0.7086652576816778,0.7498064849058226,0.7878013148283418,0.6857415355269433,0.7332370187813375,0.7589481373265157,0.7022642784724569,0.7295067579427768
2,0.02,0.8626142821843341,0.641492098493201,0.7357993466118664,0.8616258957252285,0.6465788985722233,0.738771186440678,0.8500123548307388,0.6213872832369942,0.7179380152353124,0.8104768964665184,0.6524766262184205,0.7229446770994049
3,0.03,0.8793246609465818,0.6431174089068826,0.7428972290424413,0.8798782175477442,0.6507676560900717,0.748176041421511,0.8616108497093827,0.6180266031367878,0.7197687861271675,0.8234154442291725,0.6396473876585681,0.7199903194578896
4,0.04,0.8930741190765492,0.6461538461538462,0.7498087222647285,0.8915552855407047,0.6535292807837898,0.7542078889888217,0.8742405832320778,0.6179944170066567,0.7241162410366084,0.8549465240641712,0.5976635514018691,0.7035203520352036
5,0.05,0.9221105527638191,0.6074722156538188,0.7324305060584462,0.9199569274946159,0.6146282973621103,0.7369177688326625,0.9009332376166547,0.5776754890678941,0.7039685878558407,0.8639626704953338,0.5896619304262616,0.7009318578916716
6,0.06,0.928984947896565,0.6081354219302678,0.7350740571079554,0.928984947896565,0.617654606107262,0.7419852034525277,0.9050559629486684,0.5744732974032337,0.7028323093061591,0.8645310690852952,0.5876180482686254,0.6996720287365297
7,0.07,0.934264585045193,0.6112903225806452,0.7390315242118947,0.9313886606409203,0.6193989071038252,0.7440105021332458,0.9071487263763353,0.573208722741433,0.7025135221126313,0.8781018720069657,0.5621516164994426,0.6854715378079864
8,0.08,0.935132781889421,0.611965811965812,0.7397967969691752,0.9444187123668365,0.5908432338452623,0.7269162210338682,0.9166280685502547,0.5427866154690071,0.6818260120585702,0.87308939323761,0.5595132086672603,0.6819826338639653
9,0.09,0.9474708171206225,0.5863937387116195,0.7244328746746002,0.9440661478599222,0.5946691176470589,0.7296992481203008,0.9158560311284046,0.5440624097081769,0.6826173645096973,0.8843398157625384,0.5379825653798257,0.6689895470383276
10,0.1,0.9442169907881269,0.5851569933396765,0.7225376933620521,0.9442169907881269,0.5961227786752827,0.7308377896613192,0.90992835209826,0.540097205346294,0.6778497903164316,0.8742674480554076,0.5464535464535465,0.6725409836065575
