,filter_abundance,precision_by_num_reads,recall_by_num_reads,F1_by_num_reads,precision_by_nts,recall_by_nts,F1_by_nts,precision_by_mean_cov,recall_by_mean_cov,F1_by_mean_cov,precision_by_med_cov,recall_by_med_cov,F1_by_med_cov
0,0.0,0.7295784302524848,0.7406634191602877,0.7350791366906475,0.7375756883354279,0.7240915208613729,0.7307714075499464,0.7375756883354279,0.7240915208613729,0.7307714075499464,0.6786244716097338,0.7937992783642924,0.7317073170731707
1,0.01,0.8081384293591938,0.6864803747375222,0.74235807860262,0.80718767826583,0.6900195058517555,0.7440189291034967,0.7982506179882107,0.6676208651399491,0.7271152680349874,0.745198706978513,0.7112522686025409,0.7278298820689015
2,0.02,0.8303111708081486,0.6814256843652398,0.7485368314833502,0.8291918513543766,0.6869436201780416,0.7513946647733036,0.817774792925901,0.6599819331526648,0.7304539092181563,0.7761361092455787,0.6742512640995721,0.7216151524612342
3,0.03,0.8894076451707033,0.616504854368932,0.7282284075976586,0.8894076451707033,0.6240786240786241,0.7334857417879919,0.8710242194339072,0.5927323272438443,0.7054236086494151,0.8252115552961774,0.6157195732636621,0.7052369077306733
4,0.04,0.9037227214377407,0.6186291739894552,0.7344809598330726,0.9027599486521181,0.6263638387886885,0.7395819639805442,0.884788189987163,0.5920120249087395,0.7093786182940949,0.8376123234916559,0.6048667439165701,0.702462656439241
5,0.05,0.9165199013737232,0.615712257453857,0.7365888181174806,0.9165199013737232,0.6241304869273206,0.7425799086757991,0.8939767523775978,0.5839852738150023,0.7064718162839249,0.8608893956670467,0.5773642620443538,0.6911809581934695
6,0.06,0.9236031927023945,0.6142568250758341,0.7378169120995901,0.9228430254656025,0.6232032854209446,0.7439865175425157,0.9183340138832177,0.5508204751408278,0.6886099203919167,0.870151082074316,0.5682666666666667,0.6875302468140023
7,0.07,0.9330338913842384,0.6145777299623454,0.7410410248094699,0.9404347826086956,0.5911451216179284,0.725960731666387,0.9165217391304348,0.5472481827622014,0.6853055916775033,0.8565217391304348,0.569199653279399,0.6839090435688249
8,0.08,0.9434137291280148,0.5798175598631699,0.7182203389830508,0.9429499072356216,0.5891046073601854,0.7251649723559835,0.9160482374768089,0.5416895227646736,0.680799724233023,0.8562152133580705,0.5585476550680787,0.6760666544588904
9,0.09,0.9485041687101521,0.5825301204819278,0.7217764508303789,0.9445806768023541,0.5900735294117647,0.7263812936073921,0.9176066699362433,0.5405952036983531,0.6803636363636364,0.8592447278077489,0.5525070955534531,0.6725527831094049
10,0.1,0.9467149508535955,0.5803996194100857,0.7196224931183641,0.9461976202793585,0.5907622739018088,0.7273811891032015,0.9130884635281945,0.5361482381530984,0.675598086124402,0.8655826558265582,0.5366263440860215,0.6625181497614603
