,filter_abundance,precision_by_num_reads,recall_by_num_reads,F1_by_num_reads,precision_by_nts,recall_by_nts,F1_by_nts,precision_by_mean_cov,recall_by_mean_cov,F1_by_mean_cov,precision_by_med_cov,recall_by_med_cov,F1_by_med_cov
0,0.0,0.9947183098591549,0.6750298685782556,0.8042704626334519,0.9961267605633802,0.6456692913385826,0.7834937339887834,0.9961267605633802,0.6455956184390689,0.7834394904458598,0.9026408450704225,0.7779969650986343,0.8356968215158923
1,0.01,0.9205985915492958,0.8494152046783626,0.8835755322744171,0.9183098591549296,0.8528449967298888,0.8843675822312649,0.9125,0.8304758852747957,0.8695579229930375,0.8068661971830986,0.8477617462079171,0.8268085874075409
2,0.02,0.8552816901408451,0.8959793434157137,0.8751576292559899,0.8515845070422535,0.901920566846914,0.8760300642941229,0.8485915492957746,0.8747731397459165,0.8614834673815908,0.7264084507042253,0.8791817600681867,0.795526848549118
3,0.03,0.9256470588235294,0.7999186661244408,0.8582024432809773,0.924,0.80835734870317,0.8623188405797102,0.9101176470588235,0.7712861415752742,0.8349703184025904,0.7734117647058824,0.7953060730704089,0.7842061314565191
4,0.04,0.8945882352941177,0.8396643109540636,0.8662565504670768,0.8894117647058823,0.8452593917710197,0.8667736757624398,0.8717647058823529,0.7996978199870495,0.8341776426882809,0.7223529411764706,0.8248253627082214,0.77019568489714
5,0.05,0.8628235294117647,0.8701945894636924,0.8664933837429111,0.8564705882352941,0.8768971332209107,0.8665635043447207,0.8378823529411765,0.8235430157261795,0.8306508047585726,0.7223529411764706,0.8248253627082214,0.77019568489714
6,0.06,0.8258823529411765,0.8904109589041096,0.85693359375,0.8204705882352941,0.8987113402061856,0.8578105781057809,0.8084705882352942,0.8456805316268767,0.8266570431853724,0.7557765428487861,0.7674487674487674,0.761567933981727
7,0.07,0.9046504825972507,0.8350431965442765,0.8684543029622349,0.9023106171395144,0.8465971459934138,0.873566473170041,0.8739397484644633,0.7793427230046949,0.8239349234799394,0.7124890318806668,0.7896272285251216,0.7490774907749077
8,0.08,0.883299210295408,0.8633504859919954,0.8732109295937546,0.8774495466510676,0.8728542333430317,0.8751458576429406,0.8473237788827143,0.7978518314513908,0.8218439716312056,0.7124890318806668,0.7896272285251216,0.7490774907749077
9,0.09,0.8563907575314419,0.8843249773482331,0.8701337295690935,0.8514185434337526,0.8951414514145142,0.8727327237295758,0.8218777420298333,0.8154381892048752,0.8186453022578295,0.6773910500146242,0.8069686411149826,0.7365240896803943
10,0.1,0.8291898215852589,0.9025787965616046,0.864329268292683,0.8230476747587013,0.9124513618677043,0.8654467168998923,0.8005264697279907,0.8354700854700855,0.8176250933532487,0.7151832460732984,0.7723332076894082,0.7426603841971728
