,filter_abundance,precision_by_num_reads,recall_by_num_reads,F1_by_num_reads,precision_by_nts,recall_by_nts,F1_by_nts,precision_by_mean_cov,recall_by_mean_cov,F1_by_mean_cov,precision_by_med_cov,recall_by_med_cov,F1_by_med_cov
0,0.0,0.9412628487518355,0.18122702855527284,0.30393551446183026,0.9970631424375918,0.13453536754507628,0.23708100558659218,0.9970631424375918,0.13453536754507628,0.23708100558659218,0.030837004405286344,0.1242603550295858,0.04941176470588235
1,0.01,0.9412628487518355,0.18122702855527284,0.30393551446183026,0.9397944199706314,0.1839080459770115,0.30761836097092043,0.973568281938326,0.14949267192784668,0.25918686473807667,0.0,0.0,0.0
2,0.02,0.9412628487518355,0.18122702855527284,0.30393551446183026,0.9397944199706314,0.1839080459770115,0.30761836097092043,0.960352422907489,0.15924032140248356,0.2731829573934837,0.0,0.0,0.0
3,0.03,0.9412628487518355,0.18122702855527284,0.30393551446183026,0.9397944199706314,0.1839080459770115,0.30761836097092043,0.9515418502202643,0.16866215512753774,0.286535485297369,0.0,0.0,0.0
4,0.04,0.9412628487518355,0.18122702855527284,0.30393551446183026,0.9397944199706314,0.1839080459770115,0.30761836097092043,0.9324522760646109,0.17551133222775014,0.29541753896254946,0.0,0.0,0.0
5,0.05,0.8766519823788547,0.21892189218921893,0.35035211267605637,0.933920704845815,0.18526070492280805,0.3091881380651434,0.920704845814978,0.18322618351841027,0.30563002680965146,0.0,0.0,0.0
6,0.06,0.8766519823788547,0.21892189218921893,0.35035211267605637,0.9236417033773862,0.1949783013019219,0.32198617865369855,0.9118942731277533,0.19125346473668,0.31619144602851323,0.0,0.0,0.0
7,0.07,0.8766519823788547,0.21892189218921893,0.35035211267605637,0.9148311306901615,0.20266753415744956,0.33182423435419445,0.9045521292217328,0.19935275080906148,0.3267037920975868,0.0,0.0,0.0
8,0.08,0.8766519823788547,0.21892189218921893,0.35035211267605637,0.8737151248164464,0.22444360618634476,0.35714285714285715,0.8854625550660793,0.20468431771894094,0.3325062034739454,0.0,0.0,0.0
9,0.09,0.8766519823788547,0.21892189218921893,0.35035211267605637,0.8737151248164464,0.22444360618634476,0.35714285714285715,0.8766519823788547,0.21215351812366737,0.3416309012875536,0.0,0.0,0.0
10,0.1,0.8237885462555066,0.25111906893464636,0.38490566037735846,0.8737151248164464,0.22444360618634476,0.35714285714285715,0.8649045521292217,0.21871518752320832,0.34914048606994663,0.0,0.0,0.0
