,filter_abundance,precision_by_num_reads,recall_by_num_reads,F1_by_num_reads,precision_by_nts,recall_by_nts,F1_by_nts,precision_by_mean_cov,recall_by_mean_cov,F1_by_mean_cov,precision_by_med_cov,recall_by_med_cov,F1_by_med_cov
0,0.0,0.7449430676490288,0.6809943668870928,0.7115347706480711,0.7544541192230408,0.6556461001164144,0.7015882902522579,0.7544541192230408,0.6556461001164144,0.7015882902522579,0.5663764233087742,0.7844155844155845,0.657798521975885
1,0.01,0.7910186625194401,0.6638929678577256,0.7219018894704161,0.7929626749611197,0.6660679294578706,0.7239971600993964,0.7840202177293935,0.6450735764555342,0.7077922077922079,0.6650185414091471,0.6533883896040806,0.6591521685861308
2,0.02,0.842521631644005,0.6293628808864266,0.720507399577167,0.8427688504326328,0.6343505768515073,0.7238560356725767,0.8304079110012361,0.6093976777939042,0.702940253217537,0.6650185414091471,0.6533883896040806,0.6591521685861308
3,0.03,0.8737951807228915,0.5908350305498982,0.7049817739975699,0.8746987951807229,0.5965488907148726,0.7093307278944797,0.8602409638554217,0.569377990430622,0.6852207293666026,0.6995073891625616,0.5909631391200951,0.6406703190460845
4,0.04,0.9064039408866995,0.5694076038903625,0.6994298126527287,0.9060520760028149,0.5751619387983025,0.7036480393496379,0.8909218859957776,0.5454545454545454,0.6766435061464456,0.6995073891625616,0.5909631391200951,0.6406703190460845
5,0.05,0.8940886699507389,0.6042806183115339,0.7211579395487441,0.8951442646023927,0.6116855013224333,0.7267533209541494,0.904572564612326,0.52479815455594,0.6642335766423357,0.7238514173998045,0.5253636041149343,0.6088386433710173
6,0.06,0.9101391650099404,0.5800810947795235,0.7085590465872156,0.910934393638171,0.5892489711934157,0.7156020615336561,0.890258449304175,0.549987718005404,0.6799271181293653,0.7238514173998045,0.5253636041149343,0.6088386433710173
7,0.07,0.9327094474153298,0.5633916554508749,0.7024668568551771,0.929144385026738,0.5707637558171366,0.7071392233338987,0.9081996434937611,0.5301768990634755,0.6695137976346912,0.7238514173998045,0.5253636041149343,0.6088386433710173
8,0.08,0.9379276637341154,0.5471913316224694,0.6911579326490186,0.9369501466275659,0.5562971561230412,0.6981063364894392,0.9144672531769306,0.514010989010989,0.6581076327822721,0.7128146453089245,0.507328990228013,0.5927687916270219
9,0.09,0.9310850439882697,0.5737951807228916,0.7100260901975401,0.9435569755058573,0.5435582822085889,0.6897625535227714,0.9116080937167199,0.49522707549898753,0.6417994376757262,0.7128146453089245,0.507328990228013,0.5927687916270219
10,0.1,0.939297124600639,0.5598222786417011,0.7015311195068602,0.9376996805111821,0.5695342820181113,0.7086519114688129,0.9020234291799787,0.5152068126520681,0.6558265582655827,0.7128146453089245,0.507328990228013,0.5927687916270219
