,filter_abundance,precision_by_num_reads,recall_by_num_reads,F1_by_num_reads,precision_by_nts,recall_by_nts,F1_by_nts,precision_by_mean_cov,recall_by_mean_cov,F1_by_mean_cov,precision_by_med_cov,recall_by_med_cov,F1_by_med_cov
0,0.0,0.9041916167664671,0.15945089757127773,0.27109515260323164,0.9920159680638723,0.11456892577224527,0.2054143418061583,0.9920159680638723,0.11456892577224527,0.2054143418061583,0.013972055888223553,0.06796116504854369,0.02317880794701987
1,0.01,0.9041916167664671,0.15945089757127773,0.27109515260323164,0.9860279441117764,0.12544438801422042,0.22257265149808514,0.9800399201596807,0.12628600823045266,0.22374117110959216,0.0,0.0,0.0
2,0.02,0.9041916167664671,0.15945089757127773,0.27109515260323164,0.9021956087824351,0.16206525636428828,0.27477203647416415,0.9700598802395209,0.13296853625170998,0.23387872954764197,0.0,0.0,0.0
3,0.03,0.9041916167664671,0.15945089757127773,0.27109515260323164,0.9021956087824351,0.16206525636428828,0.27477203647416415,0.9520958083832335,0.137941006362059,0.24096994190452134,0.0,0.0,0.0
4,0.04,0.9041916167664671,0.15945089757127773,0.27109515260323164,0.9021956087824351,0.16206525636428828,0.27477203647416415,0.9321357285429142,0.14198844633627242,0.24643799472295513,0.0,0.0,0.0
5,0.05,0.9041916167664671,0.15945089757127773,0.27109515260323164,0.9021956087824351,0.16206525636428828,0.27477203647416415,0.9241516966067864,0.14773452456924058,0.2547455295735901,0.0,0.0,0.0
6,0.06,0.9041916167664671,0.15945089757127773,0.27109515260323164,0.9021956087824351,0.16206525636428828,0.27477203647416415,0.9161676646706587,0.1534090909090909,0.2628113369596336,0.0,0.0,0.0
7,0.07,0.9041916167664671,0.15945089757127773,0.27109515260323164,0.9021956087824351,0.16206525636428828,0.27477203647416415,0.8982035928143712,0.1569584931984653,0.2672209026128266,0.0,0.0,0.0
8,0.08,0.8063872255489022,0.19852579852579852,0.31861198738170343,0.9021956087824351,0.16276557436082104,0.275777913361806,0.8862275449101796,0.16145454545454546,0.273146724084897,0.0,0.0,0.0
9,0.09,0.8063872255489022,0.19852579852579852,0.31861198738170343,0.8942115768463074,0.16982562547384383,0.28544122331952854,0.8802395209580839,0.167298937784522,0.2811603442779726,0.0,0.0,0.0
10,0.1,0.8063872255489022,0.19852579852579852,0.31861198738170343,0.8842315369261478,0.17544554455445543,0.29279576999339063,0.8602794411177644,0.16968503937007873,0.28345938835909235,0.0,0.0,0.0
