,filter_abundance,precision_by_num_reads,recall_by_num_reads,F1_by_num_reads,precision_by_nts,recall_by_nts,F1_by_nts,precision_by_mean_cov,recall_by_mean_cov,F1_by_mean_cov,precision_by_med_cov,recall_by_med_cov,F1_by_med_cov
0,0.0,0.9977943671530369,0.6809865678554886,0.80949759119064,0.9989820156090939,0.6554603139263052,0.7915574376554413,0.9989820156090939,0.6554603139263052,0.7915574376554413,0.9214455378350865,0.7713392983951143,0.8397371472748357
1,0.01,0.9139803189684425,0.8657987785278045,0.8892373720699901,0.9143196470987445,0.8691935483870967,0.8911857119232677,0.9080420766881574,0.8479087452471483,0.8769457643781747,0.7865626060400407,0.8763705103969754,0.829041487839771
2,0.02,0.8500169664065151,0.915068493150685,0.8813440056293431,0.8461146929080421,0.917233768622402,0.8802400494219399,0.841533763148965,0.8933717579250721,0.8666783155687576,0.7373600271462504,0.9024086378737541,0.811577964519141
3,0.03,0.9223085460599334,0.8360160965794768,0.8770448548812665,0.9196448390677026,0.8419020524283682,0.879057924888606,0.897891231964484,0.8013074484944532,0.8468543912906941,0.7995560488346282,0.8112612612612613,0.8053661263275573
4,0.04,0.8841287458379579,0.8704108391608392,0.8772161656205264,0.8796892341842397,0.8767699115044247,0.8782271468144043,0.8621531631520533,0.8327615780445969,0.8472025302650235,0.7258601553829079,0.8493506493506493,0.7827648114901257
5,0.05,0.8472807991120976,0.8985404896421846,0.872158117216954,0.8412874583795783,0.9049665711556829,0.8719659496146325,0.8253052164261931,0.8545162031716846,0.8396567299006323,0.7667473769168685,0.7857733664185277,0.7761437908496731
6,0.06,0.8961528114070487,0.8413740843647386,0.8678999478895257,0.8923863330642992,0.8483375959079283,0.8698046414055329,0.8679042238364272,0.789718482252142,0.8269674442450655,0.7333871401668012,0.8027090694935218,0.7664839027133418
7,0.07,0.870863599677159,0.8687600644122383,0.8698105602579603,0.8662900188323918,0.8776233306077951,0.8719198483617655,0.8423459779391983,0.8124026984950701,0.8271034209483556,0.7056766209308583,0.8153559216661486,0.7565618690510527
8,0.08,0.839924670433145,0.8894586894586894,0.8639822886398228,0.8358891579230562,0.898236484533102,0.8659420289855072,0.8114070486951843,0.8269810803400055,0.8191200434546442,0.7493597951344431,0.7738842975206611,0.7614246218897381
9,0.09,0.8969270166453265,0.8424533974744438,0.8688372093023256,0.8943661971830986,0.854173035768878,0.873807662236122,0.8585147247119078,0.7751445086705202,0.8147023086269745,0.7483994878361075,0.7739159218801721,0.7609438567941416
10,0.1,0.8735595390524968,0.8641545281823939,0.8688315822986311,0.8709987195902689,0.8771760154738878,0.874076453581754,0.8345070422535211,0.7926421404682275,0.8130360205831905,0.721830985915493,0.787635347537548,0.7532988140972107
