,filter_abundance,precision_by_num_reads,recall_by_num_reads,F1_by_num_reads,precision_by_nts,recall_by_nts,F1_by_nts,precision_by_mean_cov,recall_by_mean_cov,F1_by_mean_cov,precision_by_med_cov,recall_by_med_cov,F1_by_med_cov
0,0.0,0.937984496124031,0.19956019791094007,0.3291024478694469,0.9961240310077519,0.1515628071554944,0.26309503497696635,0.9961240310077519,0.1515628071554944,0.26309503497696635,0.020671834625323,0.11594202898550725,0.03508771929824561
1,0.01,0.937984496124031,0.19956019791094007,0.3291024478694469,0.9366925064599483,0.201949860724234,0.3322639780018332,0.9664082687338501,0.16651825467497774,0.28408659323965063,0.0,0.0,0.0
2,0.02,0.937984496124031,0.19956019791094007,0.3291024478694469,0.9366925064599483,0.201949860724234,0.3322639780018332,0.9573643410852714,0.17765523855190601,0.2996966632962588,0.0,0.0,0.0
3,0.03,0.937984496124031,0.19956019791094007,0.3291024478694469,0.9366925064599483,0.201949860724234,0.3322639780018332,0.9405684754521964,0.1862845445240532,0.3109782144382742,0.0,0.0,0.0
4,0.04,0.937984496124031,0.19956019791094007,0.3291024478694469,0.9366925064599483,0.201949860724234,0.3322639780018332,0.9289405684754521,0.19516829533116178,0.32256617317182595,0.0,0.0,0.0
5,0.05,0.8811369509043928,0.24391988555078684,0.3820728291316527,0.9315245478036176,0.207183908045977,0.3389750822755054,0.9121447028423773,0.20235024362281456,0.33122214403002576,0.0,0.0,0.0
6,0.06,0.8811369509043928,0.24391988555078684,0.3820728291316527,0.917312661498708,0.21547799696509864,0.34898009338903907,0.8992248062015504,0.20995475113122172,0.3404255319148936,0.0,0.0,0.0
7,0.07,0.8811369509043928,0.24391988555078684,0.3820728291316527,0.8785529715762274,0.24881083058909623,0.38779583689763325,0.8863049095607235,0.2170886075949367,0.3487544483985765,0.0,0.0,0.0
8,0.08,0.8811369509043928,0.24391988555078684,0.3820728291316527,0.8785529715762274,0.24881083058909623,0.38779583689763325,0.8746770025839793,0.22432074221338635,0.35706751054852326,0.0,0.0,0.0
9,0.09,0.8811369509043928,0.24391988555078684,0.3820728291316527,0.8785529715762274,0.24881083058909623,0.38779583689763325,0.8617571059431525,0.23079584775086506,0.36408296943231444,0.0,0.0,0.0
10,0.1,0.8178294573643411,0.27666083916083917,0.41345525800130634,0.8785529715762274,0.24890190336749635,0.387906446092413,0.8462532299741602,0.23637675929267413,0.3695345557122708,0.0,0.0,0.0
