,filter_abundance,precision_by_num_reads,recall_by_num_reads,F1_by_num_reads,precision_by_nts,recall_by_nts,F1_by_nts,precision_by_mean_cov,recall_by_mean_cov,F1_by_mean_cov,precision_by_med_cov,recall_by_med_cov,F1_by_med_cov
0,0.0,0.7255956956187548,0.754165715590048,0.7396049023448431,0.7345997584275832,0.7391448458733841,0.7368652935345302,0.7345997584275832,0.7391448458733841,0.7368652935345302,0.6923245854836939,0.7929820148409005,0.7392425841247509
1,0.01,0.7892781316348195,0.7194000967585873,0.7527208301695774,0.7898089171974523,0.7247929858743303,0.7559055118110237,0.7806086341118188,0.7016539440203562,0.7390284757118927,0.7489384288747346,0.7249529028943312,0.7367505003916108
2,0.02,0.8523617374792309,0.6595041322314049,0.7436322219921309,0.8504628530738191,0.664872889218779,0.7463028535721724,0.8378827438879658,0.6389140271493212,0.7249948654754569,0.8134346071682886,0.6667315175097276,0.7328130011760933
3,0.03,0.8699920403289997,0.6648418491484185,0.7537064705206298,0.8689307508622977,0.6723465407513858,0.758101851851852,0.852480764128416,0.6408057439170323,0.7316406694751223,0.8248872379941629,0.6571549355316001,0.7315294117647059
4,0.04,0.8833674364220988,0.6671081677704195,0.7601559552257577,0.9066284257488847,0.636180679785331,0.7477003942181342,0.884321223709369,0.5994815294880104,0.7145616067979914,0.8527724665391969,0.6236308552784898,0.7204199757706287
5,0.05,0.9109659676864902,0.6305020223649774,0.7452193475815523,0.9092471639738742,0.6379643029425953,0.7498228206945429,0.8844963905122035,0.596430227167362,0.7124463519313304,0.8511515984874527,0.61363073110285,0.7131336405529953
6,0.06,0.9150278293135437,0.6274809160305344,0.7444528301886792,0.9139146567717996,0.6361053719008265,0.7501142074006396,0.8909090909090909,0.5938659411328222,0.7126743840902345,0.8759383642828922,0.5826544021024967,0.6998106060606061
7,0.07,0.9365812683746325,0.6044998644619138,0.7347611202635915,0.9365812683746325,0.6138177814478393,0.7416029265048222,0.9088618227635448,0.5685759327377824,0.699531275254566,0.8735825283494331,0.5824698963875665,0.6989247311827956
8,0.08,0.9353832442067737,0.6036813344837504,0.7337877993357805,0.9318181818181818,0.6110461718293395,0.7380868337451464,0.9055258467023173,0.5650723025583982,0.695890410958904,0.8680926916221033,0.5776986951364176,0.6937321937321936
9,0.09,0.9347111319868483,0.6052311435523114,0.7347240169835703,0.9314232033818695,0.6131725417439703,0.7395114674622412,0.9055894786284641,0.5660598943041691,0.6966576332429991,0.8725296442687747,0.5615262321144674,0.6833043141806926
10,0.1,0.9478305785123967,0.588707090150786,0.7263012072036414,0.9473140495867769,0.5987593862226576,0.73374674934987,0.9147727272727273,0.5476190476190477,0.6851063829787234,0.8703512396694215,0.5624165554072096,0.6832927818329279
