,filter_abundance,precision_by_num_reads,recall_by_num_reads,F1_by_num_reads,precision_by_nts,recall_by_nts,F1_by_nts,precision_by_mean_cov,recall_by_mean_cov,F1_by_mean_cov,precision_by_med_cov,recall_by_med_cov,F1_by_med_cov
0,0.0,0.9984266834487099,0.7206450147626619,0.8370927318295738,0.998898678414097,0.7015469613259668,0.8242243281838245,0.998898678414097,0.7015469613259668,0.8242243281838245,0.9679043423536816,0.7794248067908273,0.8634991929258193
1,0.01,0.9024543738200126,0.9090332805071315,0.9057318806252961,0.8993077407174324,0.9116427432216906,0.9054332330112467,0.895059786028949,0.8883510306058713,0.8916927899686519,0.8489616110761485,0.8924909030764142,0.8701822286727948
2,0.02,0.9368855682265042,0.85686027692861,0.8950878181647414,0.9327565867086118,0.8617620345140781,0.895854971201964,0.9154541879669682,0.8252392768521801,0.8680089485458614,0.854305937868659,0.8425441147954237,0.848384262423118
3,0.03,0.8926464805348014,0.8997225525168451,0.8961705487564153,0.8891073535194652,0.9062124248496994,0.8975784041286226,0.8686590640975226,0.8597003308036583,0.8641564792176039,0.8285489579237122,0.8603511637403022,0.8441506410256411
4,0.04,0.9193176579068695,0.8563452866652351,0.8867148415786548,0.9167819271553711,0.8656943839791031,0.8905060456784595,0.8914246196403873,0.8134202776609171,0.8506379234491862,0.8457814661134163,0.81605871886121,0.8306542902422458
5,0.05,0.888427846934071,0.8894530348488345,0.8889401453119594,0.8847395112955279,0.8986185904940295,0.8916250435590661,0.859843245735362,0.839900923215492,0.8497550973915025,0.8063623789764869,0.8392514395393474,0.8224782506466024
6,0.06,0.8563854310742277,0.9163788850518007,0.8853670162059104,0.851313969571231,0.9251002004008017,0.8866746698679471,0.8849227490676611,0.7960699736400672,0.8381481014255077,0.8271177410761854,0.7963580405232111,0.8114464915719326
7,0.07,0.8913159296750133,0.8786764705882353,0.8849510711451997,0.8870538092701119,0.8884738527214514,0.887763263129832,0.8569525839104954,0.8160832064941654,0.836018711018711,0.79621736814065,0.8162206444565812,0.8060949298813376
8,0.08,0.8665423548215238,0.9053715558029501,0.8855315094596435,0.8596164091635589,0.9128712871287129,0.8854438194539718,0.8319126265316995,0.8363685056239957,0.8341346153846153,0.7751731486414492,0.8248299319727891,0.7992309804998626
9,0.09,0.8957703927492447,0.8710340775558166,0.883229073577599,0.8912386706948641,0.8819133034379671,0.8865514650638616,0.859214501510574,0.8022566995768688,0.8297592997811816,0.7960725075528701,0.7951116475558238,0.7955917874396136
10,0.1,0.8709969788519637,0.8922934076137419,0.8815165876777252,0.86797583081571,0.905166981726528,0.8861813695249847,0.834441087613293,0.8190984578884934,0.826698593235558,0.7767371601208459,0.8087448883296634,0.7924179380490061
