,filter_abundance,precision_by_num_reads,recall_by_num_reads,F1_by_num_reads,precision_by_nts,recall_by_nts,F1_by_nts,precision_by_mean_cov,recall_by_mean_cov,F1_by_mean_cov,precision_by_med_cov,recall_by_med_cov,F1_by_med_cov
0,0.0,0.9917294343523851,0.7544096168969778,0.856942317508933,0.9929109437306158,0.7380612580963882,0.8467254408060454,0.9929109437306158,0.7380612580963882,0.8467254408060454,0.9675084920986561,0.7989998780339066,0.8752171008684034
1,0.01,0.8718062324619702,0.935054649136702,0.9023234484867013,0.8688524590163934,0.9376793114440548,0.9019547719432732,0.8645694875203072,0.91354556803995,0.8883830336140829,0.9074377159483542,0.8256121773659828,0.8645932599844061
2,0.02,0.9130751045644663,0.902732829917296,0.9078745140584036,0.9099836333878887,0.9083318206571066,0.909156976744186,0.8925259138025096,0.869287991498406,0.8807537012113055,0.8552464084378978,0.8756283746043567,0.8653173873045079
3,0.03,0.9299873471109237,0.8727488620621413,0.9004594180704442,0.9266132433572333,0.880032044862808,0.9027221366204418,0.9051033319274567,0.8346946713341112,0.868474301902064,0.8700970054829186,0.8418690063252398,0.8557502851809603
4,0.04,0.8924504428511176,0.9083494312084138,0.9003297521540262,0.8859131168283425,0.9138568631716337,0.8996680586786594,0.8700970054829186,0.8671710802858343,0.8686315789473683,0.8399409531843104,0.8636166522116219,0.8516142826598245
5,0.05,0.9140195844279914,0.8834256694367497,0.8984622608287357,0.9113924050632911,0.8932584269662921,0.902234306655633,0.8872701218055887,0.835958595859586,0.8608504228942185,0.850011941724385,0.835053965274519,0.8424665640904249
6,0.06,0.8824934320515883,0.9114454859398126,0.896735833029972,0.8772390733221878,0.9200901803607214,0.8981538085340506,0.8535944590398854,0.8560479041916168,0.8548194211911027,0.810843085741581,0.8540880503144654,0.8319039451114921
7,0.07,0.9026266914300876,0.8931478078235757,0.8978622327790974,0.8973202440965773,0.9023479188900747,0.8998270586670215,0.8641549482621385,0.8258113590263692,0.8445481654349798,0.8240912708941364,0.8203909138932911,0.8222369291859695
8,0.08,0.8705226850623508,0.9126564673157163,0.8910917979359045,0.8636243035287875,0.9207920792079208,0.8912924424972618,0.8344388431944813,0.8415841584158416,0.8379962696509458,0.7946404881931547,0.8351924149470161,0.8144119646498981
9,0.09,0.8972320376914017,0.895123384253819,0.8961764705882352,0.8928150765606596,0.9064275037369208,0.8995697967660584,0.8530624263839811,0.8165163472378805,0.8343894009216588,0.8103651354534747,0.8144421426457532,0.8123985239852399
10,0.1,0.8683745583038869,0.9127205199628597,0.889995473064735,0.8636631330977621,0.9240705734089477,0.8928462709284628,0.8297997644287397,0.834962962962963,0.8323733569635209,0.7926972909305064,0.830095590502621,0.8109655068534417
