,filter_abundance,precision_by_num_reads,recall_by_num_reads,F1_by_num_reads,precision_by_nts,recall_by_nts,F1_by_nts,precision_by_mean_cov,recall_by_mean_cov,F1_by_mean_cov,precision_by_med_cov,recall_by_med_cov,F1_by_med_cov
0,0.0,0.7286233433091065,0.7601471900089206,0.7440515171359966,0.73492945703292,0.7462556978510961,0.7405492730210016,0.73492945703292,0.7461747151383614,0.7405093963706855,0.7011543394613082,0.7959233195826255,0.745539265825662
1,0.01,0.7761194029850746,0.739297124600639,0.7572609015789905,0.7751131980546705,0.7441635807438416,0.7593231476918022,0.766057353681033,0.7210734017363851,0.7428850219547893,0.7501257756163006,0.7310017976793594,0.7404403244495943
2,0.02,0.839481332439079,0.6833484986351228,0.7534109149277689,0.838810641627543,0.6888195336882688,0.7564516129032258,0.8262910798122066,0.6631975596626593,0.7358152498506868,0.8037111558238319,0.6794556794556794,0.7363785333879557
3,0.03,0.8824657534246575,0.6460088247091857,0.7459471977767484,0.8816438356164383,0.6531357824233813,0.7503789203684271,0.8649315068493151,0.6232971372161895,0.7244979919678715,0.8443835616438357,0.6328542094455852,0.7234741784037559
4,0.04,0.8944858420268257,0.6543829044919319,0.7558242035008186,0.8956780923994039,0.6640883977900552,0.7626903553299492,0.8706408345752608,0.6248128342245989,0.7275217932752178,0.8706372078130004,0.6092314586600941,0.7168468230951753
5,0.05,0.9058597502401537,0.6651775217493534,0.7670824295010847,0.9185926181441877,0.6351061292630574,0.7509870276367737,0.8906519489479131,0.5923376921312228,0.7114907688068339,0.8709899965505347,0.6026252983293556,0.7123712794470306
6,0.06,0.9248618784530387,0.6321752265861027,0.7510094212651414,0.9233885819521178,0.64052120592744,0.7563735103333836,0.9106515801794772,0.5703812316715543,0.7014274981217131,0.8798283261802575,0.5808861411643482,0.699767261442979
7,0.07,0.9341069208454207,0.604289544235925,0.7338433989907212,0.9349357646083714,0.6142118159542608,0.741373644429839,0.9059262329050974,0.566321243523316,0.6969552048461661,0.8781599668462495,0.573943661971831,0.6941850941850942
8,0.08,0.9391151992991678,0.6092639954532537,0.739055498104102,0.9373631187034603,0.6183184050852355,0.745125348189415,0.906263688129654,0.566538882803943,0.6972198820556024,0.8751642575558476,0.5728211009174312,0.6924276555189742
9,0.09,0.9514423076923076,0.5944728146590568,0.7317433906452209,0.9519230769230769,0.6051344743276283,0.7399103139013453,0.9163461538461538,0.5502309468822171,0.6875901875901875,0.8865384615384615,0.5572680568147477,0.6843570235665245
10,0.1,0.949874686716792,0.5996835443037974,0.7352085354025218,0.9478696741854636,0.6096067053513862,0.7420051010398273,0.9142857142857143,0.5540704738760632,0.6899943257045584,0.8741854636591478,0.5607717041800643,0.6832517140058766
