,filter_abundance,precision_by_num_reads,recall_by_num_reads,F1_by_num_reads,precision_by_nts,recall_by_nts,F1_by_nts,precision_by_mean_cov,recall_by_mean_cov,F1_by_mean_cov,precision_by_med_cov,recall_by_med_cov,F1_by_med_cov
0,0.0,0.9927063935443824,0.7331805157593123,0.8434306809941329,0.994568590937306,0.711083989792522,0.8292682926829267,0.994568590937306,0.711083989792522,0.8292682926829267,0.9599627560521415,0.8018146467919637,0.8737905219295147
1,0.01,0.8860955927995035,0.9197809278350515,0.902624091052798,0.8823711980136562,0.92395190120247,0.9026829655500874,0.87756052141527,0.8993320610687023,0.8883129123468426,0.7953134698944755,0.9166517617599714,0.8516825924387205
2,0.02,0.9227184466019418,0.8708081363386476,0.8960120675025927,0.9201941747572816,0.8772676786375416,0.898218347232752,0.9058252427184466,0.8423618634886241,0.8729416167664672,0.8366990291262136,0.860251547215013,0.8483118417167044
3,0.03,0.8749514563106796,0.9104869670640533,0.8923655807505693,0.8689320388349514,0.9153201063612191,0.8915230600657437,0.8576699029126214,0.8763888888888889,0.8669283611383709,0.7906796116504854,0.8850249945663986,0.8351963901138344
4,0.04,0.91015625,0.8686403508771929,0.8889138240574506,0.9055606617647058,0.8761671854157403,0.8906214689265537,0.8862591911764706,0.8280377844568484,0.8561598224195338,0.8207720588235294,0.837907576823833,0.8292513058618688
5,0.05,0.8793658088235294,0.9023815137939165,0.8907250087280344,0.8736213235294118,0.910004786979416,0.8914419695193435,0.8536305147058824,0.8552025782688766,0.8544158233670653,0.7821691176470589,0.8565676899849018,0.8176795580110499
6,0.06,0.9098883572567783,0.8626512096774194,0.8856403622250969,0.9064327485380117,0.8725690890481065,0.8891786179921775,0.8769271664008507,0.808578431372549,0.841366998214741,0.8189792663476874,0.8031803962460897,0.8110028954988155
7,0.07,0.8803827751196173,0.887697668185473,0.8840250900840785,0.8763955342902712,0.8981204031599019,0.8871249831831024,0.8476874003189793,0.8278816199376947,0.8376674546887314,0.7844231791600212,0.8231520223152022,0.8033210834354159
8,0.08,0.8506113769271664,0.9080590238365494,0.8783969256107602,0.8463583200425305,0.919434016748484,0.8813840830449826,0.8205741626794258,0.8457534246575342,0.8329735563950351,0.8038277511961722,0.7936226749335695,0.798692616253157
9,0.09,0.8827751196172249,0.8848920863309353,0.8838323353293414,0.8809808612440191,0.8989929813854135,0.889895786135025,0.8421052631578947,0.81199538638985,0.8267762771579565,0.7718301435406698,0.8090909090909091,0.7900214263850629
10,0.1,0.8588516746411483,0.9062795834648154,0.8819284507907263,0.8504784688995215,0.9144694533762058,0.8813139138518749,0.8172846889952153,0.8279309300212057,0.8225733634311513,0.7932885906040269,0.7789126853377265,0.7860349127182045
