,filter_abundance,precision_by_num_reads,recall_by_num_reads,F1_by_num_reads,precision_by_nts,recall_by_nts,F1_by_nts,precision_by_mean_cov,recall_by_mean_cov,F1_by_mean_cov,precision_by_med_cov,recall_by_med_cov,F1_by_med_cov
0,0.0,0.9078947368421053,0.19297700435052828,0.318298308559713,0.9912280701754386,0.1430681578392066,0.2500460999446801,0.9912280701754386,0.1430681578392066,0.2500460999446801,0.024853801169590642,0.14049586776859505,0.0422360248447205
1,0.01,0.9078947368421053,0.19297700435052828,0.318298308559713,0.9766081871345029,0.1558562762482501,0.26881287726358144,0.9649122807017544,0.15625,0.26894865525672373,0.0,0.0,0.0
2,0.02,0.9078947368421053,0.19297700435052828,0.318298308559713,0.9078947368421053,0.19577553593947036,0.32209543568464727,0.9502923976608187,0.16476552598225602,0.28083819399438326,0.0,0.0,0.0
3,0.03,0.9078947368421053,0.19297700435052828,0.318298308559713,0.9078947368421053,0.19577553593947036,0.32209543568464727,0.9400584795321637,0.1732219827586207,0.29253867151956325,0.0,0.0,0.0
4,0.04,0.9078947368421053,0.19297700435052828,0.318298308559713,0.9078947368421053,0.19577553593947036,0.32209543568464727,0.9181286549707602,0.17871371656232213,0.2991900905192949,0.0,0.0,0.0
5,0.05,0.9078947368421053,0.19297700435052828,0.318298308559713,0.9078947368421053,0.19577553593947036,0.32209543568464727,0.9049707602339181,0.1854959544501049,0.3078836110420294,0.0,0.0,0.0
6,0.06,0.9078947368421053,0.19297700435052828,0.318298308559713,0.9078947368421053,0.19577553593947036,0.32209543568464727,0.9005847953216374,0.19377162629757785,0.31892311674864093,0.0,0.0,0.0
7,0.07,0.8391812865497076,0.23650597445405852,0.3690131790421087,0.902046783625731,0.20484727755644092,0.3338744588744589,0.881578947368421,0.19894424282415044,0.3246298788694482,0.0,0.0,0.0
8,0.08,0.8391812865497076,0.23650597445405852,0.3690131790421087,0.8888888888888888,0.2118466898954704,0.3421496904895892,0.8669590643274854,0.20434183321847002,0.33073061907417733,0.0,0.0,0.0
9,0.09,0.8391812865497076,0.23650597445405852,0.3690131790421087,0.8318713450292398,0.24378748928877464,0.3770709078860172,0.8494152046783626,0.20906801007556675,0.3355472133987872,0.0,0.0,0.0
10,0.1,0.8391812865497076,0.23650597445405852,0.3690131790421087,0.8318713450292398,0.24378748928877464,0.3770709078860172,0.8391812865497076,0.21506182090670664,0.34237995824634654,0.0,0.0,0.0
