,filter_abundance,precision_by_num_reads,recall_by_num_reads,F1_by_num_reads,precision_by_nts,recall_by_nts,F1_by_nts,precision_by_mean_cov,recall_by_mean_cov,F1_by_mean_cov,precision_by_med_cov,recall_by_med_cov,F1_by_med_cov
0,0.0,0.6521739130434783,0.2799271734182977,0.39171974522292996,0.767762460233298,0.19229747675962816,0.30756159728122345,0.767762460233298,0.19229747675962816,0.30756159728122345,0.006362672322375398,0.06896551724137931,0.011650485436893204
1,0.01,0.6521739130434783,0.2799271734182977,0.39171974522292996,0.7423117709437964,0.20431990659661411,0.32043945983062483,0.7391304347826086,0.20481927710843373,0.320754716981132,0.0,0.0,0.0
2,0.02,0.6521739130434783,0.2799271734182977,0.39171974522292996,0.7338282078472959,0.21071863580998781,0.3274189732670925,0.7179215270413574,0.21024844720496894,0.32524621667067016,0.0,0.0,0.0
3,0.03,0.6521739130434783,0.2799271734182977,0.39171974522292996,0.6489925768822906,0.283595922150139,0.39471138342470174,0.7094379639448568,0.21784435037447086,0.3333333333333333,0.0,0.0,0.0
4,0.04,0.6521739130434783,0.2799271734182977,0.39171974522292996,0.6489925768822906,0.283595922150139,0.39471138342470174,0.6956521739130435,0.2233571671773919,0.33814432989690724,0.0,0.0,0.0
5,0.05,0.6521739130434783,0.2799271734182977,0.39171974522292996,0.6489925768822906,0.283595922150139,0.39471138342470174,0.6765641569459173,0.2268041237113402,0.3397231096911608,0.0,0.0,0.0
6,0.06,0.6521739130434783,0.2799271734182977,0.39171974522292996,0.6489925768822906,0.283595922150139,0.39471138342470174,0.6638388123011665,0.23150887573964496,0.34329585961063885,0.0,0.0,0.0
7,0.07,0.6521739130434783,0.2799271734182977,0.39171974522292996,0.6489925768822906,0.283595922150139,0.39471138342470174,0.6532343584305408,0.2370142362447095,0.34782608695652173,0.0,0.0,0.0
8,0.08,0.6521739130434783,0.2799271734182977,0.39171974522292996,0.6489925768822906,0.283595922150139,0.39471138342470174,0.6468716861081655,0.24380495603517185,0.35413642960812775,0.0,0.0,0.0
9,0.09,0.6521739130434783,0.2799271734182977,0.39171974522292996,0.6489925768822906,0.283595922150139,0.39471138342470174,0.6383881230116649,0.24979253112033195,0.35908141962421714,0.0,0.0,0.0
10,0.1,0.6521739130434783,0.2799271734182977,0.39171974522292996,0.6489925768822906,0.283595922150139,0.39471138342470174,0.6277836691410392,0.2546236559139785,0.3623011015911873,0.0,0.0,0.0
