,filter_abundance,precision_by_num_reads,recall_by_num_reads,F1_by_num_reads,precision_by_nts,recall_by_nts,F1_by_nts,precision_by_mean_cov,recall_by_mean_cov,F1_by_mean_cov,precision_by_med_cov,recall_by_med_cov,F1_by_med_cov
0,0.0,0.9120879120879121,0.1790079079798706,0.29927884615384615,0.9926739926739927,0.12485602395761346,0.2218129731941887,0.9926739926739927,0.12485602395761346,0.2218129731941887,0.016483516483516484,0.08653846153846154,0.027692307692307697
1,0.01,0.9120879120879121,0.1790079079798706,0.29927884615384615,0.9798534798534798,0.13644478449375158,0.23953436310723078,0.967032967032967,0.13636363636363635,0.23902218198279765,0.0,0.0,0.0
2,0.02,0.9120879120879121,0.1790079079798706,0.29927884615384615,0.9102564102564102,0.18225155848918226,0.3036969141460434,0.9377289377289377,0.14089157952669235,0.24497607655502393,0.0,0.0,0.0
3,0.03,0.9120879120879121,0.1790079079798706,0.29927884615384615,0.9102564102564102,0.18225155848918226,0.3036969141460434,0.9230769230769231,0.14689594870300204,0.2534573799346241,0.0,0.0,0.0
4,0.04,0.9120879120879121,0.1790079079798706,0.29927884615384615,0.9102564102564102,0.18225155848918226,0.3036969141460434,0.9065934065934066,0.15207373271889402,0.260457774269929,0.0,0.0,0.0
5,0.05,0.9120879120879121,0.1790079079798706,0.29927884615384615,0.9102564102564102,0.18225155848918226,0.3036969141460434,0.8937728937728938,0.15741935483870967,0.26769061985737796,0.0,0.0,0.0
6,0.06,0.9120879120879121,0.1790079079798706,0.29927884615384615,0.9102564102564102,0.18225155848918226,0.3036969141460434,0.8846153846153846,0.16317567567567567,0.2755276668568169,0.0,0.0,0.0
7,0.07,0.9120879120879121,0.1790079079798706,0.29927884615384615,0.9102564102564102,0.18225155848918226,0.3036969141460434,0.8754578754578755,0.16866619618913198,0.2828402366863905,0.0,0.0,0.0
8,0.08,0.9120879120879121,0.1790079079798706,0.29927884615384615,0.9102564102564102,0.18225155848918226,0.3036969141460434,0.8608058608058609,0.17304860088365243,0.28816676885346415,0.0,0.0,0.0
9,0.09,0.8095238095238095,0.2252803261977574,0.35247208931419455,0.8992673992673993,0.18797856049004594,0.3109563014566181,0.8461538461538461,0.17721518987341772,0.29305423406279735,0.0,0.0,0.0
10,0.1,0.8095238095238095,0.2252803261977574,0.35247208931419455,0.8864468864468864,0.19352259096361454,0.3176895306859205,0.8296703296703297,0.18076616121308858,0.29685452162516385,0.0,0.0,0.0
