,filter_abundance,precision_by_num_reads,recall_by_num_reads,F1_by_num_reads,precision_by_nts,recall_by_nts,F1_by_nts,precision_by_mean_cov,recall_by_mean_cov,F1_by_mean_cov,precision_by_med_cov,recall_by_med_cov,F1_by_med_cov
0,0.0,0.7312970340858788,0.7503974562798092,0.7407241340656878,0.7377158034528553,0.7365745856353592,0.7371447528475065,0.7377158034528553,0.7365745856353592,0.7371447528475065,0.6933377600708278,0.7937412897504118,0.7401500383956525
1,0.01,0.7898420674802584,0.6974643423137876,0.7407843797340514,0.7893036611629577,0.7014354066985646,0.7427799358216518,0.780689160086145,0.679262960649594,0.7264529058116233,0.7552045944005743,0.6959973536222296,0.724393182991909
2,0.02,0.8213678844519966,0.6953785290415393,0.7531405200116856,0.8557948221630777,0.6425068119891009,0.7339697032579373,0.84587466731188,0.6196384260900389,0.7152941176470589,0.8127268328090975,0.6513476827612953,0.7231431646932185
3,0.03,0.879399727148704,0.6387237415774871,0.7399839283664332,0.8788540245566167,0.6454909819639278,0.7443096476025418,0.8622100954979536,0.614905623662191,0.7178555202180826,0.8362892223738063,0.6257656186198448,0.7158706060959944
4,0.04,0.895387398251432,0.6377496242216019,0.7449209932279909,0.893578534820621,0.6451893774488463,0.7493363670838074,0.8946504758779127,0.5734118636937316,0.6988847583643122,0.8408200180886343,0.6203291814946619,0.7139383079482914
5,0.05,0.9208939340191558,0.5991230094622664,0.7259507829977628,0.9208939340191558,0.6078201826270194,0.732299012693935,0.8996097907059241,0.5710425579824364,0.6986225895316804,0.8627172756296559,0.5834932821497121,0.6961499928438529
6,0.06,0.9266438616495629,0.6013813517513567,0.7293941660433807,0.927404028886355,0.6112224448897795,0.7368262116865468,0.9015583428354238,0.5684160076683441,0.6972369194591417,0.876972885471469,0.5557835342395486,0.6803767660910518
7,0.07,0.933630109267503,0.6058298319327731,0.7348303870043,0.9303925536220153,0.6133938100320171,0.7393471619231387,0.913659793814433,0.5395738203957382,0.678468899521531,0.8724226804123711,0.554614964500273,0.6781302170283805
8,0.08,0.9347079037800687,0.6056220428611189,0.735010977875359,0.9415760869565217,0.5881188118811881,0.72401184050148,0.9148550724637681,0.5409748259239422,0.6799057556378324,0.8718297101449275,0.5456349206349206,0.6711994421199442
9,0.09,0.9421882465360726,0.5793184488836662,0.7174822630525741,0.9426660296225514,0.5898355754857997,0.725634424420743,0.9135212613473483,0.5393511988716502,0.678254700248315,0.8638318203535594,0.5455642727821364,0.6687627149990752
10,0.1,0.9464196294441662,0.584958217270195,0.7230298393267025,0.9459188783174762,0.5951480781348456,0.7306130342293561,0.9133700550826239,0.5409252669039146,0.6794561370832557,0.871306960440661,0.5473419314249764,0.6723338485316848
