,filter_abundance,precision_by_num_reads,recall_by_num_reads,F1_by_num_reads,precision_by_nts,recall_by_nts,F1_by_nts,precision_by_mean_cov,recall_by_mean_cov,F1_by_mean_cov,precision_by_med_cov,recall_by_med_cov,F1_by_med_cov
0,0.0,0.9071428571428571,0.18052594171997158,0.3011262596324837,0.9910714285714286,0.1285317276516906,0.22755227552275523,0.9910714285714286,0.1285317276516906,0.22755227552275523,0.014285714285714285,0.09302325581395349,0.02476780185758514
1,0.01,0.9071428571428571,0.18052594171997158,0.3011262596324837,0.9803571428571428,0.14048106448311157,0.2457475380483438,0.9696428571428571,0.14005674490585504,0.24475997295469912,0.0,0.0,0.0
2,0.02,0.9071428571428571,0.18052594171997158,0.3011262596324837,0.9053571428571429,0.18449781659388648,0.30652962515114873,0.9482142857142857,0.1454794520547945,0.2522565320665083,0.0,0.0,0.0
3,0.03,0.9071428571428571,0.18052594171997158,0.3011262596324837,0.9053571428571429,0.18449781659388648,0.30652962515114873,0.9375,0.15173410404624277,0.26119402985074625,0.0,0.0,0.0
4,0.04,0.9071428571428571,0.18052594171997158,0.3011262596324837,0.9053571428571429,0.18449781659388648,0.30652962515114873,0.9214285714285714,0.1566960218645612,0.26784323903451857,0.0,0.0,0.0
5,0.05,0.9071428571428571,0.18052594171997158,0.3011262596324837,0.9053571428571429,0.18449781659388648,0.30652962515114873,0.9107142857142857,0.16231699554423934,0.2755267423014586,0.0,0.0,0.0
6,0.06,0.9071428571428571,0.18052594171997158,0.3011262596324837,0.9053571428571429,0.18449781659388648,0.30652962515114873,0.8964285714285715,0.16711051930758988,0.28170594837261503,0.0,0.0,0.0
7,0.07,0.9071428571428571,0.18052594171997158,0.3011262596324837,0.9053571428571429,0.18449781659388648,0.30652962515114873,0.8857142857142857,0.1724018074383038,0.2886237998254292,0.0,0.0,0.0
8,0.08,0.8232142857142857,0.226313205694649,0.35502502887947635,0.9053571428571429,0.18564628341266934,0.3081130355515041,0.8678571428571429,0.17615077926785067,0.29285929496836394,0.0,0.0,0.0
9,0.09,0.8232142857142857,0.226313205694649,0.35502502887947635,0.8964285714285715,0.1933744221879815,0.3181242078580482,0.8553571428571428,0.18082295205738014,0.2985353692739171,0.0,0.0,0.0
10,0.1,0.8232142857142857,0.226313205694649,0.35502502887947635,0.8857142857142857,0.19943707277844794,0.3255661306202823,0.8446428571428571,0.18578161822466616,0.30457179652285904,0.0,0.0,0.0
