,filter_abundance,precision_by_num_reads,recall_by_num_reads,F1_by_num_reads,precision_by_nts,recall_by_nts,F1_by_nts,precision_by_mean_cov,recall_by_mean_cov,F1_by_mean_cov,precision_by_med_cov,recall_by_med_cov,F1_by_med_cov
0,0.0,0.8470948012232415,0.1237159446181331,0.21590023382696805,0.9938837920489296,0.08781410429613618,0.16137040714995032,0.9938837920489296,0.08781410429613618,0.16137040714995032,0.009174311926605505,0.04477611940298507,0.015228426395939085
1,0.01,0.8470948012232415,0.1237159446181331,0.21590023382696805,0.981651376146789,0.09488619568430387,0.1730458221024259,0.9724770642201835,0.09475566150178784,0.17268531088786315,0.0,0.0,0.0
2,0.02,0.8470948012232415,0.1237159446181331,0.21590023382696805,0.9755351681957186,0.09800307219662058,0.17811278615298712,0.9510703363914373,0.09779874213836479,0.17735956658112348,0.0,0.0,0.0
3,0.03,0.8470948012232415,0.1237159446181331,0.21590023382696805,0.8470948012232415,0.12608101957214382,0.21949286846275748,0.9388379204892966,0.1012532981530343,0.1827924977671926,0.0,0.0,0.0
4,0.04,0.8470948012232415,0.1237159446181331,0.21590023382696805,0.8470948012232415,0.12608101957214382,0.21949286846275748,0.9174311926605505,0.10337698139214335,0.18581604211830288,0.0,0.0,0.0
5,0.05,0.8470948012232415,0.1237159446181331,0.21590023382696805,0.8470948012232415,0.12608101957214382,0.21949286846275748,0.9051987767584098,0.10639827462257369,0.1904149244129945,0.0,0.0,0.0
6,0.06,0.8470948012232415,0.1237159446181331,0.21590023382696805,0.8470948012232415,0.12608101957214382,0.21949286846275748,0.9021406727828746,0.11040419161676647,0.19673224408136047,0.0,0.0,0.0
7,0.07,0.8470948012232415,0.1237159446181331,0.21590023382696805,0.8470948012232415,0.12608101957214382,0.21949286846275748,0.8929663608562691,0.11366290385363954,0.2016574585635359,0.0,0.0,0.0
8,0.08,0.8470948012232415,0.1237159446181331,0.21590023382696805,0.8470948012232415,0.12608101957214382,0.21949286846275748,0.8685015290519877,0.11479385610347616,0.20278471974294895,0.0,0.0,0.0
9,0.09,0.8470948012232415,0.1237159446181331,0.21590023382696805,0.8470948012232415,0.12608101957214382,0.21949286846275748,0.8470948012232415,0.11614255765199162,0.2042772861356932,0.0,0.0,0.0
10,0.1,0.8470948012232415,0.1237159446181331,0.21590023382696805,0.8470948012232415,0.12608101957214382,0.21949286846275748,0.8348623853211009,0.11874728142670726,0.20792079207920794,0.0,0.0,0.0
