,filter_abundance,precision_by_num_reads,recall_by_num_reads,F1_by_num_reads,precision_by_nts,recall_by_nts,F1_by_nts,precision_by_mean_cov,recall_by_mean_cov,F1_by_mean_cov,precision_by_med_cov,recall_by_med_cov,F1_by_med_cov
0,0.0,0.9453125,0.20189098998887653,0.3327222731439047,0.9973958333333334,0.150935960591133,0.2621940783843916,0.9973958333333334,0.150935960591133,0.2621940783843916,0.010416666666666666,0.05673758865248227,0.0176017601760176
1,0.01,0.9453125,0.20189098998887653,0.3327222731439047,0.9427083333333334,0.20498301245753114,0.33674418604651163,0.9752604166666666,0.16711289602855867,0.2853333333333333,0.0,0.0,0.0
2,0.02,0.9453125,0.20189098998887653,0.3327222731439047,0.9427083333333334,0.20498301245753114,0.33674418604651163,0.9583333333333334,0.177008177008177,0.2988225740966301,0.0,0.0,0.0
3,0.03,0.9453125,0.20189098998887653,0.3327222731439047,0.9427083333333334,0.20498301245753114,0.33674418604651163,0.9466145833333334,0.1866974833076528,0.31188331188331186,0.0,0.0,0.0
4,0.04,0.9453125,0.20189098998887653,0.3327222731439047,0.9427083333333334,0.20498301245753114,0.33674418604651163,0.93359375,0.19536784741144414,0.3231185218566922,0.0,0.0,0.0
5,0.05,0.8763020833333334,0.24226061915046795,0.37958262831359274,0.93359375,0.20722543352601155,0.33916745506149476,0.9166666666666666,0.20253164556962025,0.33176248821866167,0.0,0.0,0.0
6,0.06,0.8763020833333334,0.24226061915046795,0.37958262831359274,0.9205729166666666,0.21660539215686275,0.3506944444444445,0.8997395833333334,0.20920375416288223,0.3394743306312945,0.0,0.0,0.0
7,0.07,0.8763020833333334,0.24226061915046795,0.37958262831359274,0.8697916666666666,0.24814264487369986,0.38612716763005783,0.8815104166666666,0.21512551636479185,0.34584929757343547,0.0,0.0,0.0
8,0.08,0.8763020833333334,0.24226061915046795,0.37958262831359274,0.8697916666666666,0.24814264487369986,0.38612716763005783,0.8671875,0.22148320585300965,0.3528476821192053,0.0,0.0,0.0
9,0.09,0.8763020833333334,0.24226061915046795,0.37958262831359274,0.8697916666666666,0.24814264487369986,0.38612716763005783,0.85546875,0.22828353022932593,0.3603949533735601,0.0,0.0,0.0
10,0.1,0.7994791666666666,0.2745974955277281,0.4087882822902797,0.8697916666666666,0.24814264487369986,0.38612716763005783,0.83984375,0.2338651196519217,0.36585365853658536,0.0,0.0,0.0
