,filter_abundance,precision_by_num_reads,recall_by_num_reads,F1_by_num_reads,precision_by_nts,recall_by_nts,F1_by_nts,precision_by_mean_cov,recall_by_mean_cov,F1_by_mean_cov,precision_by_med_cov,recall_by_med_cov,F1_by_med_cov
0,0.0,0.740251949610078,0.34604598990465507,0.4716223963309765,0.829634073185363,0.272244094488189,0.4099599822143175,0.829634073185363,0.272244094488189,0.4099599822143175,0.014397120575884824,0.17518248175182483,0.026607538802660757
1,0.01,0.740251949610078,0.34604598990465507,0.4716223963309765,0.7354529094181164,0.34889015367103016,0.4732677089364988,0.79124175164967,0.2933066488770291,0.42796885139519786,0.0,0.0,0.0
2,0.02,0.740251949610078,0.34604598990465507,0.4716223963309765,0.7354529094181164,0.34889015367103016,0.4732677089364988,0.7708458308338332,0.30815347721822545,0.44029467192050714,0.0,0.0,0.0
3,0.03,0.740251949610078,0.34604598990465507,0.4716223963309765,0.7354529094181164,0.34889015367103016,0.4732677089364988,0.752249550089982,0.3205521472392638,0.44954292884029395,0.0,0.0,0.0
4,0.04,0.740251949610078,0.34604598990465507,0.4716223963309765,0.7354529094181164,0.34889015367103016,0.4732677089364988,0.7306538692261547,0.3303498779495525,0.45498692566305565,0.0,0.0,0.0
5,0.05,0.6676664667066586,0.40443313953488375,0.5037338764426341,0.7318536292741452,0.35017221584385766,0.4736944282663561,0.7156568686262748,0.34154022330375033,0.46240310077519375,0.0,0.0,0.0
6,0.06,0.6676664667066586,0.40443313953488375,0.5037338764426341,0.7108578284343131,0.3617216117216117,0.47946591138984423,0.7024595080983803,0.3531363088057901,0.4699979931768011,0.0,0.0,0.0
7,0.07,0.6676664667066586,0.40443313953488375,0.5037338764426341,0.6940611877624475,0.37154784842646116,0.48399916335494664,0.6874625074985004,0.36300285080772887,0.47512437810945274,0.0,0.0,0.0
8,0.08,0.6676664667066586,0.40443313953488375,0.5037338764426341,0.6574685062987402,0.4097196261682243,0.5048364808843852,0.6712657468506299,0.3715139442231076,0.47830733062620223,0.0,0.0,0.0
9,0.09,0.6676664667066586,0.40443313953488375,0.5037338764426341,0.6574685062987402,0.4097196261682243,0.5048364808843852,0.6604679064187162,0.38202637057598887,0.4840624313035832,0.0,0.0,0.0
10,0.1,0.6676664667066586,0.40443313953488375,0.5037338764426341,0.6574685062987402,0.4097196261682243,0.5048364808843852,0.6490701859628074,0.3918869974646867,0.4887082204155374,0.0,0.0,0.0
