,filter_abundance,precision_by_num_reads,recall_by_num_reads,F1_by_num_reads,precision_by_nts,recall_by_nts,F1_by_nts,precision_by_mean_cov,recall_by_mean_cov,F1_by_mean_cov,precision_by_med_cov,recall_by_med_cov,F1_by_med_cov
0,0.0,0.7466202650247624,0.6846692033877501,0.7143040081956717,0.7601392049257127,0.6585111317254174,0.7056849953401677,0.7601392049257127,0.6585111317254174,0.7056849953401677,0.5562842992905903,0.7934326078655976,0.6540247069006216
1,0.01,0.7963461538461538,0.6818705746747901,0.7346757739732104,0.7953846153846154,0.6857900845630907,0.7365328109696375,0.7886538461538461,0.6660711385414975,0.7221977634938804,0.6532538499751614,0.6681910569105691,0.6606380306455665
2,0.02,0.8445106805762543,0.6430868167202572,0.7301621389455599,0.8442622950819673,0.6450939457202505,0.7313609467455622,0.8333333333333334,0.6204919548733123,0.7113325559207039,0.6532538499751614,0.6681910569105691,0.6606380306455665
3,0.03,0.8795686039544638,0.6091286307053941,0.7197842608482471,0.8768723786698622,0.6147868094938038,0.7228052846030374,0.8621929298981426,0.5857927946265011,0.6976124106168949,0.6703524533517623,0.6008052028491793,0.6336763024661113
4,0.04,0.9011748445058743,0.5891122656426474,0.712470973910668,0.9004837595024188,0.595929567802424,0.717214806660245,0.8776779543883898,0.5597179374173645,0.683530678148547,0.6703524533517623,0.6008052028491793,0.6336763024661113
5,0.05,0.8863165169315825,0.6242394743246532,0.73254319577324,0.8876986869384934,0.6333826429980276,0.7392805755395683,0.864201796821009,0.5913927642468668,0.7022322055313772,0.7133105802047781,0.5337468077344035,0.6106010016694491
6,0.06,0.909629044988161,0.5997918293000261,0.7229104594636977,0.9076558800315706,0.6071805702217529,0.7276178424549195,0.8855564325177585,0.5659520807061791,0.690567779658409,0.7133105802047781,0.5337468077344035,0.6106010016694491
7,0.07,0.9235555555555556,0.5754638604264747,0.709094011260877,0.9208888888888889,0.5828410689170183,0.7138673557278209,0.8982222222222223,0.5416778343607612,0.6758067212840662,0.7133105802047781,0.5337468077344035,0.6106010016694491
8,0.08,0.9336908824963432,0.5622431004110393,0.7018508337914605,0.9341784495368113,0.5719402985074626,0.7094982410664691,0.9049244271087274,0.5263754963131027,0.6655908194369733,0.7077809798270893,0.518581081081081,0.5985864001949793
9,0.09,0.9392324093816631,0.5482265090230243,0.6923379174852652,0.9392324093816631,0.5563624881591411,0.6987904025381717,0.9051172707889126,0.5080789946140036,0.6508240705251055,0.7077809798270893,0.518581081081081,0.5985864001949793
10,0.1,0.9328358208955224,0.5732066819521782,0.7100831811726516,0.9301705756929638,0.5814728423858714,0.7156038548287882,0.894456289978678,0.528503937007874,0.6644228865571173,0.7118763176387913,0.4762576398683592,0.5707042253521126
