,filter_abundance,precision_by_num_reads,recall_by_num_reads,F1_by_num_reads,precision_by_nts,recall_by_nts,F1_by_nts,precision_by_mean_cov,recall_by_mean_cov,F1_by_mean_cov,precision_by_med_cov,recall_by_med_cov,F1_by_med_cov
0,0.0,0.9972384166922369,0.7359601449275363,0.8469055374592833,0.9984657870512427,0.7170559717937417,0.8346800051301783,0.9984657870512427,0.7170559717937417,0.8346800051301783,0.9772936483583922,0.7920915195225069,0.875
1,0.01,0.888002454740718,0.9324955695182858,0.909705304518664,0.8858545566124578,0.9374898522487417,0.9109410743866847,0.8809450751764345,0.9124423963133641,0.8964171415190072,0.8390610616753605,0.9162338750209416,0.8759509890285898
2,0.02,0.9161205766710354,0.8966465090709181,0.9062789405445454,0.9138738064032953,0.9037215330494353,0.9087693167008007,0.8990825688073395,0.8664741970407795,0.8824772581089773,0.8584534731323722,0.873167015806513,0.8657477341389728
3,0.03,0.9343401181877873,0.8629472407519709,0.8972257250945775,0.9341212519150799,0.8729801595418286,0.9025163882427575,0.9061063690085358,0.8212656219004166,0.8616024973985431,0.8675859050120377,0.8285953177257525,0.8476424676574361
4,0.04,0.8975705843729481,0.8993421052631579,0.8984554715741045,0.8945064565550449,0.9084240942431652,0.9014115571239524,0.8680236375574524,0.8512556342562781,0.8595578673602082,0.8268767782884657,0.8539783001808319,0.8402090514844878
5,0.05,0.91925,0.867012497052582,0.892367431136998,0.917,0.8777219430485762,0.8969311651791172,0.88625,0.815692590888173,0.8495087467050083,0.84125,0.8197320341047503,0.8303516347933373
6,0.06,0.887,0.8941532258064516,0.8905622489959839,0.88425,0.9050665301944729,0.8945371775417298,0.855,0.8378245957863792,0.8463251670378619,0.81675,0.8351226993865031,0.8258341759352883
7,0.07,0.8565,0.9180064308681672,0.886187273667874,0.85025,0.9264505584309453,0.8867162038847608,0.8672959466962799,0.8105864037363778,0.8379828326180258,0.8239866740699612,0.8104860731840524,0.8171806167400882
8,0.08,0.8772903942254303,0.896962815782004,0.887017543859649,0.8728484175458079,0.9078833381461161,0.8900212314225052,0.8425874514158801,0.8312791016159956,0.8368950778988005,0.7962243198223209,0.831304347826087,0.8133862733976176
9,0.09,0.90181594336719,0.8780341624213366,0.8897661706650473,0.8990458602646968,0.8913640524870308,0.8951884768617837,0.8587257617728532,0.8042663591813203,0.830604346531706,0.8177900892582333,0.8034472331418204,0.810555216595485
10,0.1,0.8784241305016929,0.9005995582202587,0.8893736366469307,0.8719606032625423,0.9109324758842444,0.8910206007233843,0.8341028008618037,0.8209633444410784,0.8274809160305344,0.7876269621421976,0.8196668802049968,0.8033275780882122
