,filter_abundance,precision_by_num_reads,recall_by_num_reads,F1_by_num_reads,precision_by_nts,recall_by_nts,F1_by_nts,precision_by_mean_cov,recall_by_mean_cov,F1_by_mean_cov,precision_by_med_cov,recall_by_med_cov,F1_by_med_cov
0,0.0,0.9982017622729725,0.6546762589928058,0.7907407407407407,0.9994605286818917,0.6259009009009009,0.7697527872031024,0.9994605286818917,0.6259009009009009,0.7697527872031024,0.8761014206078044,0.7651955395005497,0.8169014084507042
1,0.01,0.9275310196007912,0.8295271791572854,0.8757959079718143,0.9259126056464665,0.8326326002587322,0.876798637718178,0.9167415932386261,0.8101064675035754,0.860131601147292,0.7807948210753461,0.8356428021555042,0.8072882774007621
2,0.02,0.8683689983815861,0.8832997987927566,0.8757707653246282,0.8654918180183421,0.886698599852616,0.875966875966876,0.8577593957921237,0.8605448313187805,0.8591498559077809,0.7031109512677576,0.8766816143497758,0.7803612413930744
3,0.03,0.8155008092069772,0.9130259714113147,0.8615121580547113,0.8113648624348139,0.9181929181929182,0.8614797136038185,0.8054306779356231,0.8888668386584639,0.8450943396226415,0.7555609284332688,0.7933485656257934,0.7739938080495355
4,0.04,0.9083655705996132,0.8213817227809357,0.8626865671641791,0.9052224371373307,0.8294195835179442,0.8656647398843931,0.8827369439071566,0.7843179377013964,0.8306222272778978,0.7033365570599613,0.8146177541304956,0.7548981445439211
5,0.05,0.8737911025145068,0.8517558331369314,0.8626327724072085,0.8687137330754352,0.8587476099426387,0.8637019230769232,0.8527562862669246,0.8122984799631506,0.8320358575135645,0.7033365570599613,0.8146177541304956,0.7548981445439211
6,0.06,0.8399419729206963,0.8763874873864783,0.8577777777777779,0.8336557059961315,0.8827444956477215,0.8574981347923403,0.8261605415860735,0.8377053199313558,0.8318928788800974,0.6595744680851063,0.8362967504598406,0.7374966207082996
7,0.07,0.8085106382978723,0.8982003760408273,0.8509988548161344,0.8019825918762089,0.9048008728859793,0.850294796206101,0.7954545454545454,0.854989604989605,0.8241482965931863,0.6976183298160988,0.7770315648085964,0.7351866560762509
8,0.08,0.8866445583358457,0.8376530902876673,0.861452841241945,0.8809164908049443,0.8457308248914617,0.862965150620201,0.8561953572505275,0.7800054929964295,0.8163265306122448,0.6976183298160988,0.7770315648085964,0.7351866560762509
9,0.09,0.8622249020198975,0.8604091456077015,0.8613160668574009,0.8604160385890866,0.8733170134638923,0.8668185269552013,0.8293638830268315,0.7962373371924747,0.812463083284111,0.6644558335845644,0.7988401594780717,0.7254772876892692
10,0.1,0.8381067229424178,0.8816999682841739,0.8593508500772797,0.8329816098884534,0.8915779283639884,0.8612842892768079,0.8061501356647574,0.8140030441400304,0.8100575583156621,0.7045621780721119,0.7462977396726422,0.7248296744890236
