,filter_abundance,precision_by_num_reads,recall_by_num_reads,F1_by_num_reads,precision_by_nts,recall_by_nts,F1_by_nts,precision_by_mean_cov,recall_by_mean_cov,F1_by_mean_cov,precision_by_med_cov,recall_by_med_cov,F1_by_med_cov
0,0.0,0.99719232569022,0.7278834111351474,0.8415163880479136,0.9984401809390111,0.7076055715233253,0.8282331629682345,0.9984401809390111,0.7076055715233253,0.8282331629682345,0.973951021681485,0.7899797570850202,0.8723716381418093
1,0.01,0.8942442676649509,0.9240812379110251,0.9089179548156957,0.8906566838246763,0.9270985549602209,0.9085123309466986,0.8864451723600062,0.9032104259376986,0.894749271825553,0.8404305100608329,0.9073762209498147,0.8726212648797474
2,0.02,0.9221453287197232,0.8790544255085212,0.9000844356881509,0.9211841599384852,0.8870788596815994,0.903809883062995,0.904075355632449,0.8487637610539613,0.8755468677278228,0.8687043444828912,0.8518378887841659,0.8601884457980393
3,0.03,0.8756247597078047,0.9202020202020202,0.8973601260835302,0.87120338331411,0.9269789322969932,0.8982261421068278,0.8556324490580546,0.8829597302122595,0.8690813238309089,0.8100730488273741,0.8825130890052356,0.844742908689987
4,0.04,0.9105727869594747,0.8820175438596491,0.8960677286398574,0.9087616028978945,0.8923966207203201,0.9005047672462142,0.8793298618972153,0.8336552908349432,0.8558836491846629,0.8306542902422459,0.8405498281786942,0.8355727624686861
5,0.05,0.873217115689382,0.9094553171421834,0.8909678909678911,0.8680099615123387,0.9176639540449976,0.8921465968586387,0.8467285487887707,0.8605614358030372,0.8535889535547188,0.7987321711568938,0.8600682593856656,0.828266228430567
6,0.06,0.8999220171562257,0.8726997731283086,0.8861018684412593,0.8999220171562257,0.8861018684412593,0.8929584730461699,0.8684689368338966,0.8184713375796179,0.8427292218438645,0.8255783727579933,0.8191900954346144,0.8223718280683584
7,0.07,0.8731479074603588,0.90005359056806,0.8863966222456788,0.8674291655835716,0.9090166167256878,0.8877361000266029,0.8383155705744736,0.8367929423975091,0.8375535644721465,0.7798284377436964,0.8375209380234506,0.8076457127473415
8,0.08,0.8933642422486235,0.8751064433721261,0.8841410954975624,0.8887279049550855,0.8856482818365579,0.8871854208851605,0.8574326282237033,0.8104628868803068,0.8332863981976908,0.801796580701246,0.8095377413692217,0.8056485660212549
9,0.09,0.8672848449724717,0.8977204559088182,0.8822402358142961,0.8629382787597798,0.9087580103753433,0.8852556480380501,0.8328020863517821,0.828719723183391,0.830755889579419,0.7771660388293248,0.8257389162561576,0.8007165248544559
10,0.1,0.9006472491909385,0.8784722222222222,0.8894215404282518,0.8954692556634304,0.8899967835316822,0.8927246330053236,0.8553398058252427,0.8004239854633556,0.826971214017522,0.8038834951456311,0.7976878612716763,0.8007736943907157
