,filter_abundance,precision_by_num_reads,recall_by_num_reads,F1_by_num_reads,precision_by_nts,recall_by_nts,F1_by_nts,precision_by_mean_cov,recall_by_mean_cov,F1_by_mean_cov,precision_by_med_cov,recall_by_med_cov,F1_by_med_cov
0,0.0,0.7026578073089701,0.30541516245487366,0.42576748867639663,0.7998338870431894,0.22235049642114985,0.34796747967479674,0.7998338870431894,0.22235049642114985,0.34796747967479674,0.005813953488372093,0.07291666666666667,0.010769230769230769
1,0.01,0.7026578073089701,0.30541516245487366,0.42576748867639663,0.7782392026578073,0.23830111902339776,0.3648753894080997,0.760797342192691,0.2356573192693594,0.359850716951483,0.0,0.0,0.0
2,0.02,0.7026578073089701,0.30541516245487366,0.42576748867639663,0.6993355481727574,0.31001472754050075,0.42959183673469387,0.7441860465116279,0.24500957068635493,0.36864842624974287,0.0,0.0,0.0
3,0.03,0.7026578073089701,0.30541516245487366,0.42576748867639663,0.6993355481727574,0.31001472754050075,0.42959183673469387,0.723421926910299,0.2515886770652802,0.37333904843549076,0.0,0.0,0.0
4,0.04,0.7026578073089701,0.30541516245487366,0.42576748867639663,0.6993355481727574,0.31001472754050075,0.42959183673469387,0.7134551495016611,0.26109422492401213,0.38228749443702714,0.0,0.0,0.0
5,0.05,0.7026578073089701,0.30541516245487366,0.42576748867639663,0.6993355481727574,0.31001472754050075,0.42959183673469387,0.7001661129568106,0.2683004455760662,0.3879429360331339,0.0,0.0,0.0
6,0.06,0.7026578073089701,0.30541516245487366,0.42576748867639663,0.6993355481727574,0.31001472754050075,0.42959183673469387,0.6901993355481728,0.27672327672327673,0.39505585928214887,0.0,0.0,0.0
7,0.07,0.7026578073089701,0.30541516245487366,0.42576748867639663,0.6993355481727574,0.31001472754050075,0.42959183673469387,0.6735880398671097,0.2818908585331943,0.39745160499877485,0.0,0.0,0.0
8,0.08,0.7026578073089701,0.30541516245487366,0.42576748867639663,0.6993355481727574,0.31001472754050075,0.42959183673469387,0.6578073089700996,0.28674873280231716,0.3993948562783661,0.0,0.0,0.0
9,0.09,0.6046511627906976,0.3697308278313865,0.458871730223763,0.6901993355481728,0.3170545593285006,0.4345098039215687,0.6470099667774086,0.29374057315233787,0.404045643153527,0.0,0.0,0.0
10,0.1,0.6046511627906976,0.3697308278313865,0.458871730223763,0.6777408637873754,0.3261390887290168,0.4403669724770643,0.6362126245847176,0.3005100039231071,0.4082067679189981,0.0,0.0,0.0
