,filter_abundance,precision_by_num_reads,recall_by_num_reads,F1_by_num_reads,precision_by_nts,recall_by_nts,F1_by_nts,precision_by_mean_cov,recall_by_mean_cov,F1_by_mean_cov,precision_by_med_cov,recall_by_med_cov,F1_by_med_cov
0,0.0,0.9971764705882353,0.7166046668921204,0.8339236521054703,0.9981176470588236,0.6953338432958147,0.8196573489630298,0.9981176470588236,0.6953338432958147,0.8196573489630298,0.960156862745098,0.7751044700519184,0.8577634529147983
1,0.01,0.8934901960784314,0.9036966523877519,0.8985644423410635,0.892235294117647,0.910371318822023,0.9012120731997149,0.8856470588235295,0.8821875,0.8839138943248532,0.8363921568627452,0.8857142857142857,0.8603469140782574
2,0.02,0.9271796890375911,0.8542157751586582,0.8892034730086825,0.9265892540838417,0.8611670020120724,0.8926810769814183,0.9098602637276126,0.8221589898630625,0.8637892376681615,0.8659712654989176,0.8287813147485402,0.8469682386910491
3,0.03,0.8854556189726431,0.9001600640256102,0.8927472963587657,0.8823066325526471,0.9074898785425102,0.8947210857199881,0.8641999606376698,0.8609803921568627,0.8625871721834791,0.8146034245227317,0.856403889923443,0.83498083518257
4,0.04,0.8417634323951978,0.9299847792998478,0.8836776859504133,0.9182434010745153,0.866813671444322,0.8917876588021779,0.8916141088530717,0.8117822203317737,0.849827451853501,0.8432609203457136,0.811965811965812,0.8273175203391774
5,0.05,0.8869423032001869,0.8902696365767878,0.8886028551369062,0.882270497547302,0.8986438258386866,0.8903818953323903,0.861013781826676,0.8407846715328468,0.8507789959607617,0.8070544265358561,0.8385922330097088,0.8225211284370908
6,0.06,0.8516701705209063,0.9158502888721427,0.8825950133139675,0.8448960523242233,0.9217635066258919,0.8816575258988423,0.8276103714085494,0.8612056392805056,0.8440738534842169,0.7752861480962392,0.8556328950760506,0.8134803921568627
7,0.07,0.8874797625472207,0.8794117647058823,0.8834273435401556,0.8826227738801943,0.8883758826724606,0.8854899837574444,0.8594171613599568,0.8217234262125903,0.8401477182801372,0.8049109552077712,0.8181568842567197,0.8114798694232863
8,0.08,0.8561791689152726,0.8993764172335601,0.8772463367431574,0.8502428494333514,0.9078075482569865,0.8780827643862339,0.8324338909875877,0.8422058422058422,0.8372913556791967,0.7687533729087965,0.8352389328642627,0.8006182380216383
9,0.09,0.9005251776336114,0.8724932654893744,0.8862876254180603,0.8943466172381835,0.8815468940316687,0.8879006287379236,0.86252703120173,0.8043791414577931,0.8324388789505069,0.7908557306147668,0.8055380742605412,0.7981293842556508
10,0.1,0.8733395118937287,0.8926428796968741,0.8828856964397251,0.8721037998146431,0.9062600321027288,0.8888539042821157,0.8424467099165894,0.8268647665251667,0.8345830145371079,0.7760271856657399,0.8203788373612019,0.7975869185585014
