,filter_abundance,precision_by_num_reads,recall_by_num_reads,F1_by_num_reads,precision_by_nts,recall_by_nts,F1_by_nts,precision_by_mean_cov,recall_by_mean_cov,F1_by_mean_cov,precision_by_med_cov,recall_by_med_cov,F1_by_med_cov
0,0.0,0.9930647291941875,0.7006057781919851,0.821584699453552,0.9950462351387054,0.6764705882352942,0.8053996257685112,0.9950462351387054,0.6764705882352942,0.8053996257685112,0.9248678996036989,0.7837951301427372,0.8485078018482048
1,0.01,0.9040620871862616,0.8813586606567934,0.8925660254320184,0.9022457067371202,0.8855753646677471,0.8938328153116311,0.8964663143989432,0.8599714874069381,0.8778397606920528,0.7922721268163805,0.8790765848296079,0.8334201841236756
2,0.02,0.8360303830911493,0.9261020669471374,0.8787642107090169,0.8297556142668429,0.9286638329329144,0.8764280108136392,0.8285997357992074,0.9015450952209846,0.8635346756152125,0.7404227212681638,0.9045793826911438,0.8143103604830654
3,0.03,0.9058094831268688,0.8559031281533804,0.8801494240946353,0.9023921401110636,0.8631256384065373,0.8823222303435314,0.8876548483554036,0.820533070088845,0.8527752128860161,0.803929944468176,0.8294402820625827,0.8164859002169198
4,0.04,0.8654421187526699,0.8884016663012497,0.8767716109488262,0.8583938487825715,0.8929126860697623,0.8753130785146466,0.8545493378897907,0.8549145299145299,0.8547318948942533,0.7627082443400256,0.8516575244455045,0.804732394366197
5,0.05,0.8269970098248611,0.9138541420816616,0.8682587734050904,0.821016659547202,0.9202777112760354,0.8678180381532904,0.8165313968389577,0.8756298671552909,0.845048629531388,0.7783572359843546,0.7970627503337784,0.787598944591029
6,0.06,0.8902216427640156,0.8612512613521696,0.8754968585716119,0.8842242503259452,0.8690415171706817,0.8765671448881995,0.8649282920469361,0.8090243902439025,0.8360428481411468,0.744980443285528,0.8137282825405867,0.7778382793356928
7,0.07,0.8628422425032595,0.8880837359098228,0.875281047480492,0.8552803129074316,0.8954408954408954,0.8748999733262203,0.83754889178618,0.830618050168089,0.8340690729680602,0.7204693611473273,0.8294806364455118,0.7711415015350265
8,0.08,0.8328552803129075,0.9084186575654153,0.868997415317644,0.8250325945241199,0.9163046626122212,0.8682766190998901,0.8078226857887875,0.8466794206067232,0.8267947691486522,0.758873929008568,0.7788944723618091,0.768753874767514
9,0.09,0.8818849449204407,0.8659855769230769,0.8738629472407519,0.8772949816401469,0.8778322106552358,0.8775635139271503,0.8451652386780906,0.7957360991068856,0.8197061878617005,0.7203182374541004,0.8031388604571819,0.7594773350540409
10,0.1,0.8549571603427173,0.8850174216027874,0.8697276264591439,0.8497552019583844,0.8960955146821555,0.8723103502434428,0.8225214198286414,0.8147923613216126,0.8186386477843764,0.6967564259485924,0.8149606299212598,0.7512372154404487
