,filter_abundance,precision_by_num_reads,recall_by_num_reads,F1_by_num_reads,precision_by_nts,recall_by_nts,F1_by_nts,precision_by_mean_cov,recall_by_mean_cov,F1_by_mean_cov,precision_by_med_cov,recall_by_med_cov,F1_by_med_cov
0,0.0,0.9945575842696629,0.6612583167970117,0.7943630372291944,0.996313202247191,0.6337241764377443,0.7746911473619548,0.996313202247191,0.6337241764377443,0.7746911473619548,0.8723665730337079,0.766702669341151,0.8161287673482795
1,0.01,0.9187148876404494,0.8338113448056087,0.8742064817908454,0.9166081460674157,0.8384454793640598,0.8757862953954542,0.9088834269662921,0.8100453763104366,0.8566228179035327,0.7596558988764045,0.8401941747572815,0.797897842522589
2,0.02,0.8555126404494382,0.8853561046511628,0.8701785714285715,0.8504213483146067,0.8892968606572426,0.8694247509647313,0.8493679775280899,0.8616206589492431,0.8554504464680401,0.6799508426966292,0.8784304831027444,0.7665512122711529
3,0.03,0.7988061797752809,0.9132878362103573,0.8522195167634388,0.9235532269587997,0.7880512091038406,0.8504385964912281,0.9092641105025006,0.7502456278247199,0.82213608957795,0.7313646106215765,0.7943610967408173,0.7615623062616244
4,0.04,0.8968802095737081,0.8231693989071038,0.8584454068839754,0.8925934746368183,0.8301218161683278,0.8602249254073903,0.8768754465348892,0.7855771282270109,0.8287193337834796,0.7311264586806383,0.7949249093733817,0.761692097754621
5,0.05,0.8637770897832817,0.8558282208588958,0.8597842835130971,0.8585377470826387,0.8622339153312605,0.860381861575179,0.8432960228625863,0.812528682882056,0.8276265046161039,0.6804000952607764,0.8276361529548089,0.7468304796758594
6,0.06,0.8306739699928555,0.8801413070905879,0.8546924773339868,0.8244820195284591,0.8879199794819185,0.8550259323289702,0.8118599666587283,0.8349253000244918,0.8232311035981648,0.7159056997911072,0.7701444622792938,0.7420352613671513
7,0.07,0.7978090021433675,0.9015069967707212,0.8464939987365763,0.9033124440465533,0.8275013668671405,0.8637466114995006,0.8722769322590271,0.7604058272632674,0.8125086865879082,0.7159056997911072,0.7701444622792938,0.7420352613671513
8,0.08,0.8806326469710534,0.8421803652968036,0.860977388767323,0.877051626380185,0.8533681765389083,0.8650478292862398,0.8513876454789615,0.7859504132231405,0.8173614095401806,0.6812891674127126,0.7899653979238754,0.7316135234738023
9,0.09,0.8549686660698299,0.8658204895738894,0.8603603603603603,0.8519844822441063,0.8779212792127922,0.8647584431319097,0.8275141748731721,0.8068082630200757,0.8170300530347673,0.649059982094897,0.8109619686800895,0.7210343112879164
10,0.1,0.8316920322291853,0.8895627194382381,0.8596545342381245,0.8227394807520143,0.8957115009746589,0.857676154923005,0.8030438675022381,0.8249540159411404,0.8138515046121275,0.671136203246295,0.763855421686747,0.7145003756574004
