,filter_abundance,precision_by_num_reads,recall_by_num_reads,F1_by_num_reads,precision_by_nts,recall_by_nts,F1_by_nts,precision_by_mean_cov,recall_by_mean_cov,F1_by_mean_cov,precision_by_med_cov,recall_by_med_cov,F1_by_med_cov
0,0.0,0.9395770392749244,0.19280843149411037,0.31995884773662553,0.9939577039274925,0.138003355704698,0.24235727440147334,0.9939577039274925,0.138003355704698,0.24235727440147334,0.0256797583081571,0.12878787878787878,0.042821158690176324
1,0.01,0.9395770392749244,0.19280843149411037,0.31995884773662553,0.9879154078549849,0.15149409312022238,0.2627033540871661,0.9788519637462235,0.1524705882352941,0.263843648208469,0.0,0.0,0.0
2,0.02,0.9395770392749244,0.19280843149411037,0.31995884773662553,0.9395770392749244,0.1957821844507397,0.32404271945819224,0.9561933534743202,0.1596871846619576,0.27367055771725035,0.0,0.0,0.0
3,0.03,0.9395770392749244,0.19280843149411037,0.31995884773662553,0.9395770392749244,0.1957821844507397,0.32404271945819224,0.945619335347432,0.1676935440664345,0.2848691695108077,0.0,0.0,0.0
4,0.04,0.9395770392749244,0.19280843149411037,0.31995884773662553,0.9395770392749244,0.1957821844507397,0.32404271945819224,0.9365558912386707,0.17563739376770537,0.2958015267175572,0.0,0.0,0.0
5,0.05,0.9395770392749244,0.19280843149411037,0.31995884773662553,0.9395770392749244,0.1957821844507397,0.32404271945819224,0.9274924471299094,0.18317422434367542,0.3059292476332835,0.0,0.0,0.0
6,0.06,0.9395770392749244,0.19280843149411037,0.31995884773662553,0.9395770392749244,0.1957821844507397,0.32404271945819224,0.9214501510574018,0.19116264493889062,0.31663638723072934,0.0,0.0,0.0
7,0.07,0.8489425981873112,0.23232740801984292,0.36481661798117493,0.93202416918429,0.20430463576158941,0.33514394350896254,0.9093655589123867,0.19763624425476034,0.3247033441208199,0.0,0.0,0.0
8,0.08,0.8489425981873112,0.23232740801984292,0.36481661798117493,0.9169184290030211,0.21054457162677767,0.3424541607898448,0.8972809667673716,0.20384351407000686,0.3322147651006711,0.0,0.0,0.0
9,0.09,0.8489425981873112,0.23232740801984292,0.36481661798117493,0.9033232628398792,0.2162748643761302,0.348993288590604,0.877643504531722,0.2080945558739255,0.3364215402431963,0.0,0.0,0.0
10,0.1,0.8489425981873112,0.23232740801984292,0.36481661798117493,0.8474320241691843,0.2401541095890411,0.37424949966644433,0.8685800604229608,0.21479267837131116,0.3444144953578916,0.0,0.0,0.0
