,filter_abundance,precision_by_num_reads,recall_by_num_reads,F1_by_num_reads,precision_by_nts,recall_by_nts,F1_by_nts,precision_by_mean_cov,recall_by_mean_cov,F1_by_mean_cov,precision_by_med_cov,recall_by_med_cov,F1_by_med_cov
0,0.0,0.9266409266409267,0.20253164556962025,0.33240997229916897,0.9961389961389961,0.15173495393060185,0.2633548826131337,0.9961389961389961,0.15173495393060185,0.2633548826131337,0.021879021879021878,0.11409395973154363,0.036717062634989195
1,0.01,0.9266409266409267,0.20253164556962025,0.33240997229916897,0.9253539253539254,0.20501853435985173,0.33566760037348276,0.972972972972973,0.16814946619217083,0.28674378911435616,0.027777777777777776,0.017857142857142856,0.021739130434782608
2,0.02,0.9266409266409267,0.20253164556962025,0.33240997229916897,0.9253539253539254,0.20501853435985173,0.33566760037348276,0.9523809523809523,0.17767106842737096,0.29947389720760825,0.027777777777777776,0.017857142857142856,0.021739130434782608
3,0.03,0.9266409266409267,0.20253164556962025,0.33240997229916897,0.9253539253539254,0.20501853435985173,0.33566760037348276,0.9356499356499357,0.18650590046177526,0.3110160427807487,0.027777777777777776,0.017857142857142856,0.021739130434782608
4,0.04,0.9266409266409267,0.20253164556962025,0.33240997229916897,0.9253539253539254,0.20501853435985173,0.33566760037348276,0.9214929214929215,0.19493601960250476,0.32179775280898876,0.027777777777777776,0.017857142857142856,0.021739130434782608
5,0.05,0.861003861003861,0.24221578566256335,0.3780729019497032,0.9227799227799228,0.2053852764250931,0.3359887535145267,0.9060489060489061,0.20258992805755396,0.33113828786453436,0.027777777777777776,0.017857142857142856,0.021739130434782608
6,0.06,0.861003861003861,0.24221578566256335,0.3780729019497032,0.9073359073359073,0.21507016473459425,0.3477188655980271,0.8931788931788932,0.2102393214177522,0.34036292300147136,0.027777777777777776,0.017857142857142856,0.021739130434782608
7,0.07,0.861003861003861,0.24221578566256335,0.3780729019497032,0.9009009009009009,0.2242870874719641,0.3591585428424833,0.879021879021879,0.21717011128775834,0.3482916879143294,0.027777777777777776,0.017857142857142856,0.021739130434782608
8,0.08,0.861003861003861,0.24221578566256335,0.3780729019497032,0.8584298584298584,0.2499063319595354,0.38711549622751024,0.87001287001287,0.22503328894806923,0.35757736048664374,0.027777777777777776,0.017857142857142856,0.021739130434782608
9,0.09,0.861003861003861,0.24221578566256335,0.3780729019497032,0.8584298584298584,0.2499063319595354,0.38711549622751024,0.8571428571428571,0.23157162726008346,0.3646318094716671,0.027777777777777776,0.017857142857142856,0.021739130434782608
10,0.1,0.8018018018018018,0.27912186379928317,0.41409106015287467,0.8584298584298584,0.2499063319595354,0.38711549622751024,0.842985842985843,0.2376632801161103,0.3707896971412397,0.027777777777777776,0.017857142857142856,0.021739130434782608
