,filter_abundance,precision_by_num_reads,recall_by_num_reads,F1_by_num_reads,precision_by_nts,recall_by_nts,F1_by_nts,precision_by_mean_cov,recall_by_mean_cov,F1_by_mean_cov,precision_by_med_cov,recall_by_med_cov,F1_by_med_cov
0,0.0,0.9981631715903873,0.7294183445190157,0.8428876106766627,0.9987754477269248,0.7102427342984652,0.8301526717557252,0.9987754477269248,0.7101654331737048,0.8300998664207111,0.9773457829481096,0.7849766412589132,0.8706620304083997
1,0.01,0.8858105005357416,0.925031969309463,0.9049964813511613,0.8816776366141129,0.927536231884058,0.904025739621753,0.8780039797948875,0.9058749210360075,0.8917217256121258,0.8273381294964028,0.91393304024349,0.8684823652285691
2,0.02,0.9193337076548755,0.893578315444788,0.9062730627306274,0.915590492232828,0.8982739625413148,0.9068495690054685,0.9036122028822758,0.8669420003591309,0.8848973607038123,0.8513943477447127,0.8712890250909787,0.8612268080272624
3,0.03,0.8646827624929815,0.9269662921348315,0.8947419386075337,0.8607523862998315,0.9336175395858709,0.8957055214723926,0.9085564990202482,0.8242148923563105,0.8643330571665285,0.8628347485303723,0.8334384858044164,0.8478818998716303
4,0.04,0.8954931417374266,0.8974470870608772,0.8964690496948562,0.8928804702808621,0.906498673740053,0.899638038828562,0.8708904855214457,0.8557980316645272,0.8632782993417504,0.8177661659046375,0.861270350836964,0.8389546571364753
5,0.05,0.8563030698889614,0.9249764816556915,0.8893159977388354,0.8519486174613542,0.9334446564885496,0.8908366533864541,0.8848258706467662,0.816012846983253,0.8490273302303377,0.8422885572139304,0.8164938509766096,0.8291906452797846
6,0.06,0.8890547263681592,0.8997985901309165,0.8943943943943944,0.8828358208955224,0.9069767441860465,0.8947434766166645,0.854726368159204,0.8396871945259042,0.8471400394477318,0.7992537313432836,0.8358480749219563,0.8171414038657172
7,0.07,0.8537313432835821,0.9201072386058982,0.8856774193548388,0.85,0.930302205281786,0.8883400493955543,0.8691900918452546,0.8090673575129533,0.8380517912250101,0.8218758697467298,0.8079343365253078,0.8148454746136865
8,0.08,0.8808794878931255,0.8994032395566922,0.8900449943757031,0.8739215140551072,0.9075144508670521,0.8904012476960158,0.8433064291678263,0.8296823658269441,0.8364389233954451,0.7881992763707208,0.8329411764705882,0.80995280995281
9,0.09,0.8516559977734484,0.9191949534394713,0.8841375325050563,0.8472028945171166,0.9303178484107579,0.8868171886380191,0.818536042304481,0.8490184757505773,0.8334986538189031,0.8105360443622921,0.8058192955589587,0.8081707878974044
10,0.1,0.8770794824399261,0.9012345679012346,0.8889929742388758,0.8758471965495995,0.9162101192394457,0.8955741061584501,0.8364140480591498,0.824726609963548,0.8305292138268584,0.7877387553912508,0.8200769724182168,0.8035826524198617
