,filter_abundance,precision_by_num_reads,recall_by_num_reads,F1_by_num_reads,precision_by_nts,recall_by_nts,F1_by_nts,precision_by_mean_cov,recall_by_mean_cov,F1_by_mean_cov,precision_by_med_cov,recall_by_med_cov,F1_by_med_cov
0,0.0,0.8513931888544891,0.12585812356979406,0.2192982456140351,0.9876160990712074,0.08773377337733773,0.1611518060116191,0.9876160990712074,0.08773377337733773,0.1611518060116191,0.01238390092879257,0.057971014492753624,0.02040816326530612
1,0.01,0.8513931888544891,0.12585812356979406,0.2192982456140351,0.9845201238390093,0.09546682677874511,0.174055829228243,0.9659442724458205,0.09454545454545454,0.17223295611371792,0.0,0.0,0.0
2,0.02,0.8513931888544891,0.12585812356979406,0.2192982456140351,0.9752321981424149,0.09856070087609511,0.17902813299232734,0.9504643962848297,0.09817716661336745,0.17797101449275365,0.0,0.0,0.0
3,0.03,0.8513931888544891,0.12585812356979406,0.2192982456140351,0.8452012383900929,0.12739150723285114,0.22141119221411193,0.934984520123839,0.10130828581013084,0.18280871670702178,0.0,0.0,0.0
4,0.04,0.8513931888544891,0.12585812356979406,0.2192982456140351,0.8452012383900929,0.12739150723285114,0.22141119221411193,0.9226006191950464,0.10452472816555594,0.18777567737870193,0.0,0.0,0.0
5,0.05,0.8513931888544891,0.12585812356979406,0.2192982456140351,0.8452012383900929,0.12739150723285114,0.22141119221411193,0.9071207430340558,0.10728670816550714,0.191879502292076,0.0,0.0,0.0
6,0.06,0.8513931888544891,0.12585812356979406,0.2192982456140351,0.8452012383900929,0.12739150723285114,0.22141119221411193,0.8978328173374613,0.11060259344012205,0.19694397283531412,0.0,0.0,0.0
7,0.07,0.8513931888544891,0.12585812356979406,0.2192982456140351,0.8452012383900929,0.12739150723285114,0.22141119221411193,0.8761609907120743,0.11225704085680285,0.19901547116736992,0.0,0.0,0.0
8,0.08,0.8513931888544891,0.12585812356979406,0.2192982456140351,0.8452012383900929,0.12739150723285114,0.22141119221411193,0.8575851393188855,0.11422680412371133,0.20160116448326054,0.0,0.0,0.0
9,0.09,0.8513931888544891,0.12585812356979406,0.2192982456140351,0.8452012383900929,0.12739150723285114,0.22141119221411193,0.8452012383900929,0.11686643835616438,0.20534035351635954,0.0,0.0,0.0
10,0.1,0.8513931888544891,0.12585812356979406,0.2192982456140351,0.8452012383900929,0.12739150723285114,0.22141119221411193,0.826625386996904,0.11856127886323269,0.207378640776699,0.0,0.0,0.0
