,filter_abundance,precision_by_num_reads,recall_by_num_reads,F1_by_num_reads,precision_by_nts,recall_by_nts,F1_by_nts,precision_by_mean_cov,recall_by_mean_cov,F1_by_mean_cov,precision_by_med_cov,recall_by_med_cov,F1_by_med_cov
0,0.0,0.730839624799817,0.7366539836273492,0.7337352856732702,0.7381606039807824,0.7181170709993323,0.7280009025270758,0.7381606039807824,0.7181170709993323,0.7280009025270758,0.6747883779455502,0.7969467711429343,0.7307978196233895
1,0.01,0.8011342155009452,0.6924836601307189,0.7428571428571428,0.800945179584121,0.6980230642504118,0.7459507042253521,0.7918714555765596,0.6749919432806961,0.728775226165623,0.73648393194707,0.725377024762614,0.7308882844010881
2,0.02,0.8336704877500561,0.6930119581464873,0.7568615447403325,0.8332209485277591,0.6994339622641509,0.7604882552056621,0.8177118453585075,0.6677679882525698,0.7351722744265939,0.7716340750730502,0.6844098883572568,0.7254094030639198
3,0.03,0.856516129032258,0.6858855135358545,0.761762680743631,0.8554838709677419,0.6929347826086957,0.7656773299457212,0.8733371891266628,0.6112123052013763,0.719133230146446,0.816657027183343,0.6289532293986637,0.7106190236537493
4,0.04,0.9017230376515635,0.635341726618705,0.7454497494064891,0.9004467134652202,0.6432641896512423,0.7504321233878475,0.8768347160178686,0.6024994518745889,0.7142300194931773,0.8386983904828551,0.5989505247376312,0.6988338192419826
5,0.05,0.9100769769069279,0.6302398836927551,0.744738725841088,0.9118264520643807,0.6410824108241082,0.7528528094756608,0.8855843247025892,0.5955294117647059,0.7121553179516038,0.844469611174028,0.5882198264528005,0.6934283942963423
6,0.06,0.9169497923744809,0.630254281266217,0.7470398277717977,0.9154397885994715,0.6395042194092827,0.7529886663561559,0.8912797281993206,0.5929181315921648,0.712109787362389,0.8542427933414535,0.5812154696132596,0.6917639322702613
7,0.07,0.9367088607594937,0.593309372408073,0.7264725795531483,0.9336534264513313,0.6010115200899129,0.7312820512820511,0.9096464426014841,0.5561782759540966,0.6902947996025175,0.8520296813618508,0.5734430082256169,0.685513608428446
8,0.08,0.9301249421564091,0.5894428152492669,0.7215939687668282,0.9305876908838501,0.5994038748137108,0.7291515591007978,0.906987505784359,0.5539853024307518,0.6878399719248991,0.8408144377602962,0.5712040238918579,0.6802695619618121
9,0.09,0.9362432564982834,0.5917544947303162,0.7251661918328584,0.933300637567435,0.6003154574132492,0.7306584757151084,0.9033840117704757,0.5498507462686567,0.6836147708294674,0.8391368317802844,0.5602488539620171,0.6719026114274494
10,0.1,0.9353671147880042,0.591563113145847,0.7247596153846154,0.9427480916030534,0.5755659121171771,0.7147581645307978,0.9012409513960703,0.5475966069745523,0.6812585499316005,0.8456924754634678,0.5436382754994742,0.6618305952634946
