,filter_abundance,precision_by_num_reads,recall_by_num_reads,F1_by_num_reads,precision_by_nts,recall_by_nts,F1_by_nts,precision_by_mean_cov,recall_by_mean_cov,F1_by_mean_cov,precision_by_med_cov,recall_by_med_cov,F1_by_med_cov
0,0.0,0.7360097323600974,0.3364849833147942,0.46183206106870234,0.8156934306569343,0.2642885297595585,0.3992259601071747,0.8156934306569343,0.2642885297595585,0.3992259601071747,0.013990267639902677,0.16428571428571428,0.0257847533632287
1,0.01,0.7360097323600974,0.3364849833147942,0.46183206106870234,0.7329683698296837,0.3406841956460277,0.4651611657981084,0.7798053527980535,0.2857779759251003,0.4182707993474714,0.02702702702702703,0.02,0.022988505747126436
2,0.02,0.7360097323600974,0.3364849833147942,0.46183206106870234,0.7329683698296837,0.3406841956460277,0.4651611657981084,0.7615571776155717,0.30045596352291815,0.43090690070555837,0.02702702702702703,0.02,0.022988505747126436
3,0.03,0.7360097323600974,0.3364849833147942,0.46183206106870234,0.7329683698296837,0.3406841956460277,0.4651611657981084,0.7481751824817519,0.31490015360983103,0.44324324324324327,0.02702702702702703,0.02,0.022988505747126436
4,0.04,0.7360097323600974,0.3364849833147942,0.46183206106870234,0.7329683698296837,0.3406841956460277,0.4651611657981084,0.7341849148418491,0.3275440976933514,0.45299305685869773,0.02702702702702703,0.02,0.022988505747126436
5,0.05,0.6788321167883211,0.3980028530670471,0.5017985611510791,0.7262773722627737,0.3463881636205396,0.46906305244549196,0.7159367396593674,0.3372492836676218,0.45851188157382156,0.02702702702702703,0.02,0.022988505747126436
6,0.06,0.6788321167883211,0.3980028530670471,0.5017985611510791,0.7098540145985401,0.35830518882407125,0.4762293409508264,0.6995133819951338,0.3469079939668175,0.4638031861262351,0.02702702702702703,0.02,0.022988505747126436
7,0.07,0.6788321167883211,0.3980028530670471,0.5017985611510791,0.6715328467153284,0.40603162927546893,0.5060738024295209,0.6867396593673966,0.35761799176433323,0.4703186836075818,0.02702702702702703,0.02,0.022988505747126436
8,0.08,0.6788321167883211,0.3980028530670471,0.5017985611510791,0.6715328467153284,0.40603162927546893,0.5060738024295209,0.6697080291970803,0.36541652837703287,0.4728365900794503,0.02702702702702703,0.02,0.022988505747126436
9,0.09,0.6788321167883211,0.3980028530670471,0.5017985611510791,0.6715328467153284,0.40603162927546893,0.5060738024295209,0.6587591240875912,0.37578070784177653,0.4785682722050375,0.02702702702702703,0.02,0.022988505747126436
10,0.1,0.6180048661800487,0.4495575221238938,0.5204918032786885,0.6697080291970803,0.40838278931750743,0.507373271889401,0.6459854014598541,0.3846432452010141,0.48217934165720777,0.02702702702702703,0.02,0.022988505747126436
