,filter_abundance,precision_by_num_reads,recall_by_num_reads,F1_by_num_reads,precision_by_nts,recall_by_nts,F1_by_nts,precision_by_mean_cov,recall_by_mean_cov,F1_by_mean_cov,precision_by_med_cov,recall_by_med_cov,F1_by_med_cov
0,0.0,0.9962482946793997,0.6857612395821105,0.8123479107279427,0.998806275579809,0.6606880992667795,0.7953017855930478,0.998806275579809,0.6605390774782903,0.795193808974272,0.9469645293315143,0.772215269086358,0.8507085407889697
1,0.01,0.91268758526603,0.8671419313026572,0.8893320039880358,0.9101296043656207,0.8712047012732616,0.8902418682235196,0.9058663028649386,0.8497840345544713,0.8769294263309947,0.8168485675306958,0.8702761627906976,0.842716396903589
2,0.02,0.8454979536152797,0.9145914038000369,0.8786885245901639,0.8417462482946794,0.9191806331471136,0.878760904397365,0.8362892223738063,0.8888888888888888,0.8617871891749408,0.7687585266030014,0.8923198733174981,0.8259435690729205
3,0.03,0.9126406353408338,0.8398294762484775,0.8747224865207738,0.9104345907787337,0.8483042137718396,0.8782719727601618,0.8910213986322524,0.8045816733067729,0.8455982413901392,0.7924112067063754,0.8293696605864697,0.8104693140794225
4,0.04,0.8788881535407015,0.8788881535407015,0.8788881535407015,0.8755790866975512,0.8867292225201072,0.8811188811188811,0.8552834767262298,0.835740461306316,0.8453990405582207,0.7546878446944628,0.8512067678526997,0.8000467726847521
5,0.05,0.8418266048974189,0.905123339658444,0.8723282660875528,0.8360908890359585,0.9123736157920077,0.8725682053643375,0.8199867637326274,0.8584295612009238,0.8387679115423672,0.802049622437972,0.7932782075220058,0.7976398015287648
6,0.06,0.9037216828478964,0.8513719512195121,0.8767660910518055,0.8996763754045307,0.8593508500772797,0.8790513833992094,0.8689320388349514,0.7922301450700763,0.8288102893890675,0.8012405609492989,0.7935363247863247,0.7973698336017176
7,0.07,0.8756742179072277,0.8756742179072277,0.8756742179072275,0.872437971952535,0.8867872807017544,0.8795541054921153,0.843311758360302,0.8149596038571801,0.8288933068257124,0.7459546925566343,0.8311298076923077,0.7862421830585559
8,0.08,0.8473570658036678,0.8977142857142857,0.8718091009988902,0.8419633225458468,0.9075581395348837,0.8735310576385003,0.8193096008629989,0.8362235067437379,0.82768015256777,0.7459546925566343,0.8311298076923077,0.7862421830585559
9,0.09,0.8944851769206248,0.8469664956233022,0.870077519379845,0.8903410902135799,0.8583282114320836,0.874041621029573,0.858144724258846,0.7807424593967517,0.8176157934700076,0.7564552119859739,0.7899467376830892,0.7728382999511481
10,0.1,0.8693018807778132,0.8681948424068768,0.8687480089200382,0.8680267771756455,0.8823720025923526,0.8751406074240721,0.8358304112209117,0.7998779743746187,0.8174590802805923,0.732228243544788,0.8017452006980803,0.76541152949017
