,filter_abundance,precision_by_num_reads,recall_by_num_reads,F1_by_num_reads,precision_by_nts,recall_by_nts,F1_by_nts,precision_by_mean_cov,recall_by_mean_cov,F1_by_mean_cov,precision_by_med_cov,recall_by_med_cov,F1_by_med_cov
0,0.0,0.996506710792425,0.6453149184426717,0.7833501951149009,0.9987129987129987,0.615314907113729,0.7614775355715988,0.9987129987129987,0.615314907113729,0.7614775355715988,0.8889501746644604,0.762979327757614,0.8211616847826088
1,0.01,0.9257216400073542,0.828125,0.8742078305408456,0.9242507813936386,0.8309090909090909,0.8750979197493255,0.9187350615922044,0.8081837295811095,0.8599208397866117,0.7953667953667953,0.8372363073350106,0.8157646615123515
2,0.02,0.8650487221915794,0.8830705705705706,0.8739667502554099,0.8619231476374334,0.8868709799470299,0.8742191142191141,0.8562235705092848,0.857169151481686,0.8566961000735835,0.7190660047802905,0.8716291508803209,0.7880314326012493
3,0.03,0.8120978120978121,0.9148715824357913,0.8604266095256647,0.8058466629895201,0.9182903834066625,0.8584018801410106,0.9188988095238095,0.7515212981744422,0.8268243695603661,0.7743055555555556,0.7838312829525483,0.7790393013100437
4,0.04,0.9109623015873016,0.8289325208756488,0.8680137067233842,0.9064980158730159,0.8344748858447488,0.8689966714217784,0.8849206349206349,0.7838312829525483,0.8313140726933829,0.7199900793650794,0.8111204246996367,0.762843253186178
5,0.05,0.8754960317460317,0.8570041272153436,0.8661513924671819,0.8735119047619048,0.866847157272951,0.8701667696108709,0.8539186507936508,0.8114541597925996,0.8321450151057402,0.7199900793650794,0.8111204246996367,0.762843253186178
6,0.06,0.8449900793650794,0.8849350649350649,0.8645013955848769,0.8392857142857143,0.8924050632911392,0.8650306748466258,0.8226686507936508,0.8338360985419809,0.8282147315855182,0.6822916666666666,0.8341419041843542,0.7506139154160982
7,0.07,0.810515873015873,0.9045114862994741,0.8549378678875081,0.8048115079365079,0.9120292299044407,0.855072463768116,0.7909226190476191,0.8519903820464868,0.82032154340836,0.7157829839704068,0.7771084337349398,0.745186136071887
8,0.08,0.8840937114673243,0.8415492957746479,0.862297053517739,0.8813193588162762,0.8526692514166418,0.8667576170986812,0.8474106041923551,0.7778720996038483,0.8111537326645027,0.7151664611590629,0.7787848271231957,0.745621083078901
9,0.09,0.8594327990135635,0.8644961240310077,0.8619570258154274,0.8551171393341553,0.8750788643533123,0.8649828500155908,0.8239827373612824,0.7981487011048074,0.8108600030335205,0.6732429099876696,0.7956284153005464,0.7293371180497579
10,0.1,0.8335388409371147,0.8836601307189542,0.8578680203045685,0.8289149198520345,0.8951398135818908,0.8607554417413572,0.8011713933415536,0.816781898177247,0.808901338313103,0.7127659574468085,0.7598748533437623,0.735566912738974
