,filter_abundance,precision_by_num_reads,recall_by_num_reads,F1_by_num_reads,precision_by_nts,recall_by_nts,F1_by_nts,precision_by_mean_cov,recall_by_mean_cov,F1_by_mean_cov,precision_by_med_cov,recall_by_med_cov,F1_by_med_cov
0,0.0,0.9912177985948478,0.7664101403349932,0.8644370691856013,0.9925351288056206,0.7466417088746972,0.8522056051275607,0.9925351288056206,0.7466417088746972,0.8522056051275607,0.9718969555035128,0.8115375213884136,0.8845077927267883
1,0.01,0.9557743957027753,0.8615235635894125,0.9062049062049063,0.953088630259624,0.8655284552845528,0.9072006817213464,0.9427036705461056,0.8366438900365486,0.88651288095639,0.9162041181736795,0.8424432005268357,0.8777768247705635
2,0.02,0.8945389435989257,0.9175390266299357,0.9058930190389846,0.8907788719785139,0.9230055658627088,0.9066059225512529,0.8818263205013429,0.8899530177087098,0.885871031567587,0.8515666965085049,0.8933132982719759,0.8719405995049958
3,0.03,0.9146417445482866,0.8911371914204775,0.9027364968740391,0.9102803738317757,0.8977877918885703,0.9039909250283592,0.8951194184839044,0.8561779896702424,0.875215757944969,0.8637590861889928,0.857349000206143,0.8605421063521622
4,0.04,0.8733125649013499,0.9245822339489885,0.8982163836377228,0.8691588785046729,0.9322789039875251,0.8996130696474633,0.852128764278297,0.8816072195960464,0.8666173830393918,0.819730010384216,0.8810267857142857,0.8492738031199569
5,0.05,0.9009877704609596,0.9061021759697256,0.9035377358490566,0.8979303857008467,0.9158071479971216,0.9067806673791712,0.8701787394167451,0.8519456596822473,0.8609656777196044,0.8372530573847601,0.8506571087216248,0.8439018608510133
6,0.06,0.8645343367826905,0.9289866060146575,0.8956023876233402,0.8570084666039511,0.9353182751540041,0.8944526264113895,0.885833987954962,0.8291666666666667,0.8565641220407647,0.8533647551715109,0.8301069791136017,0.8415752098127824
7,0.07,0.888190625818277,0.9118279569892473,0.8998540920546492,0.8816444095312909,0.9196940726577438,0.9002673796791444,0.8559832416863054,0.8490909090909091,0.8525231451297431,0.8198481277821419,0.8459875709267766,0.8327127659574467
8,0.08,0.8964234620886982,0.8925925925925926,0.8945039257673091,0.89241773962804,0.9035341830822712,0.8979415575068375,0.8592274678111588,0.8238683127572016,0.8411764705882353,0.821173104434907,0.821173104434907,0.821173104434907
9,0.09,0.8678111587982833,0.9130042143287176,0.8898342379345753,0.8629470672389127,0.9240196078431373,0.8924397100162745,0.8371959942775393,0.8459092223185892,0.8415300546448088,0.7965665236051502,0.8395657418576599,0.8175011011598885
10,0.1,0.8870056497175142,0.896005072923272,0.8914826498422714,0.8810420590081607,0.9066537467700259,0.8936644380770457,0.8471437539234149,0.8201154664235795,0.8334105295661571,0.8101067168863779,0.8196252778659892,0.8148382004735597
