,filter_abundance,precision_by_num_reads,recall_by_num_reads,F1_by_num_reads,precision_by_nts,recall_by_nts,F1_by_nts,precision_by_mean_cov,recall_by_mean_cov,F1_by_mean_cov,precision_by_med_cov,recall_by_med_cov,F1_by_med_cov
0,0.0,0.9968627450980392,0.6135650494810524,0.7595995816524728,0.9984313725490196,0.5858260469397146,0.7383990719257539,0.9984313725490196,0.5858260469397146,0.7383990719257539,0.7954901960784314,0.74797197640118,0.7709996199163816
1,0.01,0.9441176470588235,0.7773651921214079,0.8526651319284576,0.9462745098039216,0.7742660035296005,0.8516721080031766,0.9362745098039216,0.7516134109869353,0.8338426613114467,0.6472549019607843,0.8225766259656118,0.7244595632612751
2,0.02,0.8992156862745098,0.8307971014492753,0.863653483992467,0.8956862745098039,0.8338809784592918,0.8636793344677633,0.8852941176470588,0.8045260156806843,0.8429798356982823,0.6472549019607843,0.8225766259656118,0.7244595632612751
3,0.03,0.8505882352941176,0.8648325358851675,0.8576512455516015,0.8476470588235294,0.8705195328231977,0.8589310550367573,0.8356862745098039,0.8330727130570759,0.8343774471417383,0.6638097871163948,0.735375191424196,0.6977622784074398
4,0.04,0.8084313725490196,0.8910741301059002,0.847743394674617,0.8035294117647059,0.8961294554996719,0.8473069368344878,0.7966666666666666,0.8577158539159806,0.8260648571719019,0.6638097871163948,0.735375191424196,0.6977622784074398
5,0.05,0.9120818357755046,0.7688184572360756,0.834344967121902,0.9129112524191318,0.7762106252938411,0.8390293482403759,0.8874758086812276,0.7250960018070929,0.7981103928393835,0.6638097871163948,0.735375191424196,0.6977622784074398
6,0.06,0.8899640586121095,0.7983630952380952,0.8416786508040266,0.8885816975393973,0.8075376884422111,0.8461234697907069,0.8639756704451202,0.7510213890891613,0.803548470043713,0.5941387890517003,0.7752525252525253,0.6727187353263422
7,0.07,0.8664639203760022,0.8253884645772979,0.8454275694631778,0.8631462538014929,0.8352059925093633,0.8489462950373895,0.8415814210671827,0.774949083503055,0.8068919814446655,0.5941387890517003,0.7752525252525253,0.6727187353263422
8,0.08,0.8404755322090129,0.8489248813180675,0.8446790775215337,0.8393696433508432,0.8610323312535451,0.8500629987400251,0.817804810616533,0.7949475947325988,0.8062142273098937,0.5941387890517003,0.7752525252525253,0.6727187353263422
9,0.09,0.8166989217583633,0.8713864306784661,0.8431568431568431,0.8117224218965994,0.8795686039544638,0.8442846872753414,0.7923693668786287,0.8107496463932108,0.8014541387024607,0.6208513708513709,0.7141078838174274,0.6642223079891934
10,0.1,0.7929223113077136,0.8898541731306236,0.83859649122807,0.7849046170859829,0.896431954531102,0.8369693396226415,0.7663809787116395,0.8242640499553969,0.794269340974212,0.6208513708513709,0.7141078838174274,0.6642223079891934
