,filter_abundance,precision_by_num_reads,recall_by_num_reads,F1_by_num_reads,precision_by_nts,recall_by_nts,F1_by_nts,precision_by_mean_cov,recall_by_mean_cov,F1_by_mean_cov,precision_by_med_cov,recall_by_med_cov,F1_by_med_cov
0,0.0,0.9973230220107079,0.7491900346330019,0.8556299840510366,0.9985127900059488,0.7348144905329977,0.84660487989408,0.9985127900059488,0.7348144905329977,0.84660487989408,0.9784354550862582,0.7932240173619484,0.8761486216540151
1,0.01,0.8808744794765021,0.9374802152579931,0.9082962735776723,0.8779000594883998,0.940867070449474,0.9082935836282504,0.8735871505056514,0.9166666666666666,0.8946085897045385,0.9134892086330936,0.8389494549058474,0.874634062338557
2,0.02,0.9111510791366907,0.9103324348607368,0.9107415730337081,0.9055755395683454,0.9139589762207297,0.9097479447104527,0.8919064748201438,0.8780099150141643,0.8849036402569593,0.8622302158273382,0.8799559471365639,0.8710029069767442
3,0.03,0.9290809903483005,0.8761377127028096,0.9018329938900205,0.9271926143516576,0.8850390546765472,0.9056255763910237,0.9032731850608476,0.8370600816643982,0.8689070541931577,0.8799832144355854,0.8366247755834829,0.8577564168115348
4,0.04,0.8890054553084348,0.9090323964814417,0.8989073936565184,0.8845992446496014,0.9169204001739887,0.9004698846646734,0.8678136802349979,0.869090144988443,0.8684514435695538,0.8300461603021402,0.8705985915492958,0.8498388829215897
5,0.05,0.9082979726544083,0.8890170742962621,0.8985541044776119,0.9071192833569072,0.900749063670412,0.9039229504345783,0.875058934464875,0.8352835283528353,0.8547087266866221,0.8380480905233381,0.83666745116498,0.8373572017430221
6,0.06,0.8755304101838756,0.9161322150962012,0.8953712632594021,0.8712871287128713,0.9258517034068137,0.8977410735972796,0.8448844884488449,0.8582375478927203,0.8515086718935615,0.851024697845507,0.804920477137177,0.827330779054917
7,0.07,0.8949027850761955,0.8946677173627529,0.8947852357809011,0.8885969521807672,0.9025887376567922,0.895538196743016,0.8586442459274829,0.8288105503423789,0.8434636727319654,0.8236994219653179,0.8228346456692913,0.823266806722689
8,0.08,0.8631108775617446,0.913769123783032,0.8877178759627076,0.8581187598528639,0.9241652518392756,0.8899182561307903,0.8321071991592223,0.8476980728051392,0.839830283744365,0.7947976878612717,0.8395781293366639,0.8165744364961534
9,0.09,0.8878531896300612,0.8959435626102292,0.8918800292611558,0.8843577046315176,0.9076233183856502,0.895839480672765,0.8485289833964462,0.8212574006202424,0.8346704871060171,0.8103699388290125,0.8129748684979544,0.811670313639679
10,0.1,0.8601806000582581,0.9148079306071871,0.8866536556072663,0.8563938246431693,0.926860025220681,0.8902346707040122,0.8243518788231867,0.8387670420865442,0.8314969883943,0.8238853503184713,0.796735448105944,0.8100829810552685
