,filter_abundance,precision_by_num_reads,recall_by_num_reads,F1_by_num_reads,precision_by_nts,recall_by_nts,F1_by_nts,precision_by_mean_cov,recall_by_mean_cov,F1_by_mean_cov,precision_by_med_cov,recall_by_med_cov,F1_by_med_cov
0,0.0,0.9976303317535545,0.6757624398073836,0.8057416267942583,0.9989844278943805,0.6520106053910738,0.7890374331550801,0.9989844278943805,0.6520106053910738,0.7890374331550801,0.9290792146242384,0.7600387704237054,0.836100533130236
1,0.01,0.9145226811103588,0.8596658711217183,0.8862462068399902,0.9124915368991199,0.8636654918295418,0.8874074074074074,0.9036899119837508,0.8333073201186203,0.8670726755988631,0.7742044685172648,0.8639969777106158,0.8166398857346904
2,0.02,0.8474949221394719,0.9077229876722263,0.8765756302521007,0.8442789438050101,0.9140553417628734,0.8777826660800703,0.8395396073121192,0.8814643682246313,0.8599913307325531,0.7178402166553826,0.8890985324947589,0.7943435100206032
3,0.03,0.9196269982238011,0.8297275641025641,0.8723673125526538,0.9189609236234458,0.8398944805194806,0.8776505513146734,0.9009769094138543,0.7958423220239262,0.8451525564927628,0.7821936056838366,0.8076570380559377,0.7947214076246334
4,0.04,0.8854351687388987,0.8707423580786027,0.8780273007485689,0.8821047957371225,0.8789823008849558,0.880540780141844,0.8601243339253997,0.8254847645429363,0.8424486245514842,0.7415630550621669,0.8333333333333334,0.7847744360902256
5,0.05,0.8450266429840142,0.8967954759660698,0.8701417466849567,0.8401420959147424,0.9046139134592398,0.8711868308967422,0.8210479573712256,0.8473877176901925,0.8340099233198016,0.7024866785079928,0.8532901833872708,0.7705796395518753
6,0.06,0.908669574700109,0.8410295230885693,0.8735421307823352,0.9037622682660851,0.85,0.8760570824524313,0.8764994547437296,0.7862558082660798,0.8289287095526621,0.7510905125408942,0.7937193892250072,0.7718167810617733
7,0.07,0.8808615049073064,0.8683149690943295,0.8745432399512789,0.8781352235550709,0.8802951626127358,0.8792138665210864,0.8489640130861504,0.8094619183779569,0.8287425149700599,0.7219193020719739,0.8060882800608828,0.7616856033366892
8,0.08,0.8514176663031625,0.8912671232876712,0.8708867819297267,0.8478735005452562,0.9024956471271038,0.8743323025021084,0.8184296619411123,0.8263143407652078,0.8223531023147513,0.695474372955289,0.8202572347266881,0.7527294187075834
9,0.09,0.8208833151581243,0.9088439480833082,0.8626271307835554,0.8135223555070883,0.9173071011374117,0.8623031353850599,0.7919847328244275,0.8447223029950567,0.817503869424511,0.7390315242118947,0.768762677484787,0.7536039768019883
10,0.1,0.8758531036724082,0.8585536795157693,0.8671171171171171,0.872603184920377,0.8714703018500487,0.8720363754465736,0.834579135521612,0.7867647058823529,0.8099668821952373,0.7120571985700358,0.7878460985257102,0.7480368726527825
