,filter_abundance,precision_by_num_reads,recall_by_num_reads,F1_by_num_reads,precision_by_nts,recall_by_nts,F1_by_nts,precision_by_mean_cov,recall_by_mean_cov,F1_by_mean_cov,precision_by_med_cov,recall_by_med_cov,F1_by_med_cov
0,0.0,0.9236417033773862,0.20140890169708614,0.33070452155625657,0.9985315712187959,0.1460794844253491,0.254872563718141,0.9985315712187959,0.1460794844253491,0.254872563718141,0.014684287812041116,0.09259259259259259,0.025348542458808618
1,0.01,0.9236417033773862,0.20140890169708614,0.33070452155625657,0.9823788546255506,0.15978027227131597,0.27485620377978637,0.9794419970631424,0.16165777993213767,0.27751196172248804,0.0,0.0,0.0
2,0.02,0.9236417033773862,0.20140890169708614,0.33070452155625657,0.922173274596182,0.20476035213563742,0.33511205976520814,0.9676945668135095,0.17134685387415496,0.29114203666887567,0.0,0.0,0.0
3,0.03,0.9236417033773862,0.20140890169708614,0.33070452155625657,0.922173274596182,0.20476035213563742,0.33511205976520814,0.947136563876652,0.1785220038748962,0.3004191895668374,0.0,0.0,0.0
4,0.04,0.9236417033773862,0.20140890169708614,0.33070452155625657,0.922173274596182,0.20476035213563742,0.33511205976520814,0.9309838472834068,0.18570591681312243,0.30964590964590966,0.0,0.0,0.0
5,0.05,0.9236417033773862,0.20140890169708614,0.33070452155625657,0.922173274596182,0.20476035213563742,0.33511205976520814,0.9177679882525698,0.19290123456790123,0.31879622545269065,0.0,0.0,0.0
6,0.06,0.9236417033773862,0.20140890169708614,0.33070452155625657,0.922173274596182,0.20476035213563742,0.33511205976520814,0.9074889867841409,0.2004541031462861,0.32837407013815095,0.0,0.0,0.0
7,0.07,0.8340675477239354,0.24067796610169492,0.3735613285103584,0.9060205580029369,0.211663807890223,0.34315906562847615,0.8942731277533039,0.2069317023445464,0.3360927152317881,0.0,0.0,0.0
8,0.08,0.8340675477239354,0.24067796610169492,0.3735613285103584,0.8913362701908958,0.21889650198341146,0.3514765489287782,0.8795888399412628,0.2127886323268206,0.3426773455377574,0.0,0.0,0.0
9,0.09,0.8340675477239354,0.24067796610169492,0.3735613285103584,0.8296622613803231,0.2474813841436706,0.3812415654520917,0.8619676945668135,0.21764923989618093,0.3475429248075785,0.0,0.0,0.0
10,0.1,0.8340675477239354,0.24067796610169492,0.3735613285103584,0.8296622613803231,0.2474813841436706,0.3812415654520917,0.8458149779735683,0.22256568778979907,0.3524013459773631,0.0,0.0,0.0
