,filter_abundance,precision_by_num_reads,recall_by_num_reads,F1_by_num_reads,precision_by_nts,recall_by_nts,F1_by_nts,precision_by_mean_cov,recall_by_mean_cov,F1_by_mean_cov,precision_by_med_cov,recall_by_med_cov,F1_by_med_cov
0,0.0,0.743844320889595,0.6885185639014827,0.7151129494113905,0.7523166534286471,0.661814370560149,0.70416950622638,0.7523166534286471,0.661814370560149,0.70416950622638,0.5561292030712205,0.7948912015137181,0.6544123374094555
1,0.01,0.7817736772735832,0.679986898132984,0.7273364281334853,0.7821502541894182,0.6804258804258805,0.727750525578136,0.7753718697043871,0.6617387112325245,0.714062770938096,0.6436443791329904,0.6548716670819835,0.6492094861660078
2,0.02,0.8359049718344355,0.6356863475507544,0.722175201015658,0.8361498897869214,0.6358726019742968,0.7223867964451968,0.8241489101151115,0.6121520829543388,0.7025052192066806,0.6436443791329904,0.6548716670819835,0.6492094861660078
3,0.03,0.8759621077560686,0.602524944003258,0.7139582579321992,0.8762581409117821,0.6079277058944341,0.7178367891354431,0.8602723505032563,0.5801557197045318,0.6929772266603076,0.7114093959731543,0.5414663461538461,0.6149121310356594
4,0.04,0.905457073340285,0.5755634114007954,0.703768742401729,0.905457073340285,0.5814732142857143,0.7081690906619547,0.8856447688564477,0.5498489425981873,0.6784715750232991,0.7114093959731543,0.5414663461538461,0.6149121310356594
5,0.05,0.9194630872483222,0.5518957345971564,0.6897675107359691,0.8908585331942996,0.6156617823684842,0.7281249999999999,0.8961705487564153,0.5248554913294797,0.6620005832604258,0.7113801452784504,0.521106775452288,0.6015561015561015
6,0.06,0.9076194236083696,0.5808489135927236,0.7083654290556155,0.9072246348203711,0.5901386748844376,0.7151081375447332,0.8807737860244769,0.5488314883148832,0.6762655350106093,0.7113801452784504,0.521106775452288,0.6015561015561015
7,0.07,0.9225011008366358,0.5627182379801235,0.6990323656990324,0.9216204315279612,0.5718579234972677,0.7057831731579836,0.8965213562307354,0.530346444386559,0.6664484451718493,0.7113801452784504,0.521106775452288,0.6015561015561015
8,0.08,0.9297820823244553,0.5465414175918019,0.6884187880960918,0.9302663438256659,0.5563278308717058,0.6962667633200434,0.899273607748184,0.5104452996151732,0.6512361914781694,0.7142857142857143,0.4784201954397394,0.5730309680565715
9,0.09,0.9315569487983281,0.5362406015037594,0.6806642489024622,0.9315569487983281,0.545593635250918,0.6881512929370899,0.9043887147335423,0.5008680555555556,0.6446927374301676,0.7142857142857143,0.4784201954397394,0.5730309680565715
10,0.1,0.9211076280041798,0.5579113924050633,0.6949152542372882,0.9211076280041798,0.5685262818445662,0.7030907278165504,0.8944618599791013,0.520522955305564,0.6580818758408611,0.7263906856403622,0.4593047034764826,0.562766224004009
