,filter_abundance,precision_by_num_reads,recall_by_num_reads,F1_by_num_reads,precision_by_nts,recall_by_nts,F1_by_nts,precision_by_mean_cov,recall_by_mean_cov,F1_by_mean_cov,precision_by_med_cov,recall_by_med_cov,F1_by_med_cov
0,0.0,0.9968404423380727,0.7255375416810395,0.8398216543554935,0.9984202211690363,0.7044922528146249,0.8260897980524149,0.9984202211690363,0.7044922528146249,0.8260897980524149,0.9642969984202212,0.7887323943661971,0.867723363423129
1,0.01,0.8930489731437599,0.9114801676878427,0.9021704436642196,0.8898894154818325,0.91578605104861,0.9026520310872526,0.8834123222748815,0.8888888888888888,0.8861421440456383,0.8347551342812006,0.8928692125718148,0.8628347485303722
2,0.02,0.9297232729444556,0.8581403895626608,0.8924988055422839,0.9275333466056142,0.8638976450954942,0.8945852534562212,0.9141947043599442,0.8294797687861272,0.8697793351643148,0.8471033247063507,0.8464292818778596,0.8467661691542289
3,0.03,0.8867210830181167,0.9016194331983806,0.8941082003412627,0.8829384829782998,0.9078812691914022,0.8952361727896649,0.8694007565200079,0.8669843160611475,0.8681908548707754,0.8060919769062314,0.8705654697914427,0.8370891048170355
4,0.04,0.9216241737488197,0.858021978021978,0.8886865467789665,0.9187913125590179,0.8666221331551993,0.8919445399335395,0.8970727101038716,0.8159759501825209,0.8546047453052962,0.830028328611898,0.8214953271028037,0.8257397839361204
5,0.05,0.8895184135977338,0.8909907779616931,0.8902539870053161,0.8869216241737489,0.9009592326139089,0.893885320009517,0.8626062322946175,0.8409666283084004,0.8516489919589791,0.8085457979225684,0.8390494855463009,0.8235152680932917
6,0.06,0.8569405099150141,0.9171298635674583,0.8860141567000244,0.8517469310670444,0.9258403900436233,0.8872494774376,0.8860691144708424,0.8040176384125429,0.8430516311328026,0.8291036717062635,0.805613850996852,0.8171899946780202
7,0.07,0.8947084233261339,0.8908602150537634,0.8927801724137931,0.8895788336933045,0.9002732240437158,0.8948940793047255,0.8590712742980562,0.8260643821391485,0.8422445738485972,0.8015658747300216,0.8274804905239688,0.8143170597915523
8,0.08,0.8655507559395248,0.9133903133903134,0.8888272802883281,0.8582613390928726,0.9211822660098522,0.8886093640810621,0.8331533477321814,0.8464070213933077,0.8397278911564626,0.7697084233261339,0.8462451766102701,0.8061642867241624
9,0.09,0.8901098901098901,0.8777844671884407,0.8839042133979994,0.8846153846153846,0.8878676470588235,0.8862385321100916,0.8562271062271062,0.8104594047963016,0.8327148582455098,0.7957875457875457,0.8116438356164384,0.8036374845869296
10,0.1,0.8666056166056166,0.9004123057405645,0.8831855654067505,0.8611111111111112,0.911470113085622,0.8855752629100612,0.8315018315018315,0.827460510328068,0.8294762484774665,0.7634310134310134,0.8328338328338328,0.7966236661888835
