,filter_abundance,precision_by_num_reads,recall_by_num_reads,F1_by_num_reads,precision_by_nts,recall_by_nts,F1_by_nts,precision_by_mean_cov,recall_by_mean_cov,F1_by_mean_cov,precision_by_med_cov,recall_by_med_cov,F1_by_med_cov
0,0.0,0.7263992849960899,0.7470987015971504,0.7366036025829841,0.735225114512345,0.730248557478917,0.7327283861270388,0.735225114512345,0.730248557478917,0.7327283861270388,0.688414702267903,0.7921326648669494,0.736640765092648
1,0.01,0.7970802919708029,0.7062247372675828,0.7489069867123874,0.797992700729927,0.710248497644957,0.751568273610037,0.7881386861313868,0.6874104727041223,0.7343364787894244,0.7589416058394161,0.7064718872091048,0.7317673968505323
2,0.02,0.8244554668967005,0.7018542316871672,0.7582308607695359,0.8222989001509596,0.7076837416481069,0.7606982543640899,0.809359499676515,0.67964505613908,0.7388522492371297,0.8123304562268804,0.65906362545018,0.7277145697558821
3,0.03,0.8767198679141442,0.6466409579866044,0.7443055717789978,0.8767198679141442,0.6542094455852157,0.7492944496707432,0.8599339570720969,0.6235035913806863,0.7228776312745778,0.8302146395156852,0.6413690476190477,0.7236747421443992
4,0.04,0.8924568312632536,0.6503311258278146,0.7523943302260249,0.8915480157528022,0.6580948121645797,0.7572365881898881,0.8691305664950015,0.6200561919170089,0.7237638748738648,0.859122401847575,0.6019417475728155,0.7078972407231209
5,0.05,0.9020125371164632,0.6503330161750713,0.7557705597788528,0.9013526888815573,0.6589483839845635,0.7613208861641355,0.8912343470483005,0.5778241707260496,0.7010976639459612,0.8561717352415027,0.5975031210986267,0.7038235294117647
6,0.06,0.9207882534775889,0.6066700610997964,0.7314303253529773,0.9207882534775889,0.6156032033066391,0.7378851215358414,0.9006955177743431,0.576837416481069,0.703273495248152,0.8601236476043277,0.5921787709497207,0.701433748227509
7,0.07,0.928188196450681,0.6098156182212582,0.7360497463590248,0.9269500619067272,0.6182218552160749,0.7417437252311757,0.8997111019397441,0.573080967402734,0.7001766500722659,0.8514238547255468,0.5921354764638347,0.6984933130184526
8,0.08,0.9306713470820536,0.6100086281276963,0.7369701181375955,0.9293549802544976,0.6189362945645821,0.7430275390282406,0.9017112768758228,0.5717863105175293,0.6998127021964925,0.8748832866479925,0.5620875824835033,0.6844411979547115
9,0.09,0.9440628066732091,0.585336172801947,0.7226291079812207,0.943081452404318,0.5943104514533086,0.7291350531107739,0.9131501472031404,0.5465491923641703,0.6838140731214404,0.8640824337585868,0.5642422300544697,0.6826904438844738
10,0.1,0.9439876670092497,0.589348732755855,0.7256567252617026,0.9434737923946557,0.5994123408423114,0.7330804551806747,0.909044193216855,0.5471698113207547,0.683143463989187,0.8668098818474759,0.5521724255901471,0.6746081504702194
