,filter_abundance,precision_by_num_reads,recall_by_num_reads,F1_by_num_reads,precision_by_nts,recall_by_nts,F1_by_nts,precision_by_mean_cov,recall_by_mean_cov,F1_by_mean_cov,precision_by_med_cov,recall_by_med_cov,F1_by_med_cov
0,0.0,0.9923457183862223,0.7187572187572188,0.8336794159019358,0.9948971455908149,0.696239259011271,0.8191964285714285,0.9948971455908149,0.696239259011271,0.8191964285714285,0.9476957423058523,0.799005108900242,0.8670216645998979
1,0.01,0.8933184500079732,0.90530058177117,0.899269604302111,0.8899697018019455,0.9079225638522856,0.8988564986310195,0.8851857757933344,0.8836357847819166,0.8844101011710349,0.7982777866369,0.9026325279480707,0.8472539561648472
2,0.02,0.9311954536228942,0.8449355432780847,0.8859708409771169,0.9318043434138421,0.8503426560474162,0.8892116986248306,0.915770245585549,0.8154708114946684,0.8627151051625239,0.8597523848183479,0.8223645894001165,0.8406429847191903
3,0.03,0.8893850213111427,0.8870445344129555,0.8882132360393231,0.8855287193018063,0.8925941080196399,0.889047376464595,0.8707124010554089,0.8520357497517378,0.8612728367797632,0.8008930383600569,0.8636463121033049,0.8310867733782646
4,0.04,0.8471686624720925,0.9157525230364195,0.8801265155508698,0.8418916176172113,0.9223927062486101,0.8803056027164686,0.8315404911710981,0.8801288936627283,0.8551450636610313,0.8197237702931912,0.8177423253565386,0.8187318489835431
5,0.05,0.8994426944511752,0.8754716981132076,0.8872953268794072,0.8945965592440029,0.883887957864496,0.8892100192678227,0.8735158710928035,0.8300713792309463,0.8512396694214877,0.7935546401744609,0.8272290982571356,0.8100420479841702
6,0.06,0.8647928277198934,0.899899142713061,0.8819967873470902,0.8592197722316453,0.9078341013824884,0.8828582098842275,0.8403198449236734,0.8502083844079431,0.8452351937606628,0.7707778047007512,0.8437665782493369,0.805622388248702
7,0.07,0.9031161473087819,0.8551502145922747,0.8784789198126205,0.9002832861189801,0.8659400544959128,0.8827777777777778,0.8696883852691218,0.7969885773624091,0.8317529124898402,0.7847025495750708,0.7893986890852095,0.7870436141497371
8,0.08,0.8779036827195468,0.8793984108967083,0.8786504111142613,0.8736543909348442,0.8910719445247038,0.8822772135602919,0.843342776203966,0.8158399561523705,0.8293634210892883,0.7628895184135978,0.8048416019127316,0.7833042466550321
9,0.09,0.8501416430594901,0.8993107581660174,0.8740352410077181,0.8464589235127479,0.9118095819346964,0.8779197884530631,0.8144475920679887,0.8292471877704067,0.8217807631842218,0.7834456207892204,0.7730294396961064,0.7782026768642448
10,0.1,0.8880333654154636,0.873186119873817,0.8805471608080166,0.8809752967597049,0.8832422000643294,0.882107292001285,0.8421559191530318,0.7954545454545454,0.8181393174380551,0.7629130574270132,0.7905585106382979,0.7764897959183673
