,filter_abundance,precision_by_num_reads,recall_by_num_reads,F1_by_num_reads,precision_by_nts,recall_by_nts,F1_by_nts,precision_by_mean_cov,recall_by_mean_cov,F1_by_mean_cov,precision_by_med_cov,recall_by_med_cov,F1_by_med_cov
0,0.0,0.9258809234507898,0.21190211345939933,0.3448744059742023,0.9927095990279465,0.16101694915254236,0.27709004578599283,0.9927095990279465,0.16101694915254236,0.27709004578599283,0.015795868772782502,0.09285714285714286,0.02699896157840083
1,0.01,0.9258809234507898,0.21190211345939933,0.3448744059742023,0.9234507897934386,0.21487135990952785,0.3486238532110092,0.9611178614823815,0.176326348640214,0.29798455453004336,0.0,0.0,0.0
2,0.02,0.9258809234507898,0.21190211345939933,0.3448744059742023,0.9234507897934386,0.21487135990952785,0.3486238532110092,0.9477521263669502,0.18718502519798416,0.31262525050100204,0.0,0.0,0.0
3,0.03,0.9258809234507898,0.21190211345939933,0.3448744059742023,0.9234507897934386,0.21487135990952785,0.3486238532110092,0.9356014580801945,0.1971326164874552,0.32565024318037644,0.0,0.0,0.0
4,0.04,0.9258809234507898,0.21190211345939933,0.3448744059742023,0.9234507897934386,0.21487135990952785,0.3486238532110092,0.9173754556500607,0.20488466757123475,0.3349600709849157,0.0,0.0,0.0
5,0.05,0.8663426488456865,0.2542796005706134,0.39316239316239315,0.9185905224787363,0.2193211488250653,0.35409836065573774,0.8991494532199271,0.21203438395415472,0.3431486204498029,0.0,0.0,0.0
6,0.06,0.8663426488456865,0.2542796005706134,0.39316239316239315,0.9064398541919806,0.2290451335584894,0.3656862745098039,0.8857837181044957,0.21990950226244343,0.3523441275978734,0.0,0.0,0.0
7,0.07,0.8663426488456865,0.2542796005706134,0.39316239316239315,0.8590522478736331,0.26002206693637364,0.3992094861660078,0.8748481166464156,0.22806461830852076,0.36180904522613067,0.0,0.0,0.0
8,0.08,0.8663426488456865,0.2542796005706134,0.39316239316239315,0.8590522478736331,0.26002206693637364,0.3992094861660078,0.8626974483596598,0.23564553601062063,0.37017726798748696,0.0,0.0,0.0
9,0.09,0.8663426488456865,0.2542796005706134,0.39316239316239315,0.8590522478736331,0.26002206693637364,0.3992094861660078,0.8456865127582017,0.24149895905621097,0.3757085020242915,0.0,0.0,0.0
10,0.1,0.7837181044957473,0.2853982300884956,0.41842361336360684,0.8566221142162819,0.26149851632047477,0.40068201193520886,0.8359659781287971,0.24918507787033684,0.38392857142857145,0.0,0.0,0.0
