,filter_abundance,precision_by_num_reads,recall_by_num_reads,F1_by_num_reads,precision_by_nts,recall_by_nts,F1_by_nts,precision_by_mean_cov,recall_by_mean_cov,F1_by_mean_cov,precision_by_med_cov,recall_by_med_cov,F1_by_med_cov
0,0.0,0.9968235060551915,0.6148665197158951,0.7605847155949405,0.9986102838991463,0.5855646100116414,0.7382402583107066,0.9986102838991463,0.5855646100116414,0.7382402583107066,0.8036529680365296,0.7510204081632653,0.7764457658003261
1,0.01,0.9398451459201906,0.7723935389133627,0.847931219774315,0.9416319237641453,0.7744937949052907,0.8499238419496461,0.930911256700417,0.75,0.8307201700770662,0.6738137780424857,0.8243866893368959,0.7415337557351978
2,0.02,0.8919992058765138,0.8297322253000924,0.8597397627248374,0.8888227119317054,0.833085225158169,0.8600518682163095,0.8771093905102243,0.8015239477503628,0.8376149398047208,0.6738137780424857,0.8243866893368959,0.7415337557351978
3,0.03,0.8421679571173317,0.8639511201629327,0.8529204785362421,0.840778241016478,0.8699671322925226,0.8551236749116607,0.8318443517967044,0.8353269537480064,0.8335820153188104,0.7023346303501945,0.7511890606420928,0.7259408216029877
4,0.04,0.7998808814770697,0.8905835543766578,0.842798870411045,0.7961087949176097,0.8956890775072593,0.8429682573050242,0.7913440540003971,0.8586816027574321,0.8236388056617419,0.7023346303501945,0.7511890606420928,0.7259408216029877
5,0.05,0.91467481934408,0.7826397146254459,0.843521722414456,0.9130072262367982,0.7898533301274345,0.8469769240685833,0.8924402445803225,0.740715109573241,0.8095298121769823,0.6195108393551974,0.7907059240865555,0.6947171575502571
6,0.06,0.8896609227348526,0.8112012164216929,0.8486214209968188,0.8854919399666481,0.8194444444444444,0.8511888859203846,0.8718732629238466,0.77057234094817,0.8180988394836355,0.6195108393551974,0.7907059240865555,0.6947171575502571
7,0.07,0.8649249583101724,0.8376850605652759,0.8510871051552031,0.8596442468037799,0.846701341363263,0.8531237070748862,0.8432462479155086,0.7892819979188346,0.8153722117710294,0.6195108393551974,0.7907059240865555,0.6947171575502571
8,0.08,0.839633129516398,0.8614200171086399,0.8503870513722731,0.8354641467481935,0.8723157283807312,0.8534923339011924,0.8187882156753752,0.8093406593406594,0.8140370268029843,0.6441851986875684,0.7194625407166124,0.6797461050201963
9,0.09,0.8123957754307949,0.880421686746988,0.8450419196299509,0.8076709282934964,0.8914110429447852,0.847477398658501,0.792106725958866,0.8244142319930575,0.8079376328844792,0.6441851986875684,0.7194625407166124,0.6797461050201963
10,0.1,0.7879377431906615,0.8997143763884481,0.8401244628833902,0.7807115063924402,0.9084734799482536,0.8397608370702542,0.7709838799332963,0.8436739659367397,0.8056927098460646,0.6441851986875684,0.7194625407166124,0.6797461050201963
