,filter_abundance,precision_by_num_reads,recall_by_num_reads,F1_by_num_reads,precision_by_nts,recall_by_nts,F1_by_nts,precision_by_mean_cov,recall_by_mean_cov,F1_by_mean_cov,precision_by_med_cov,recall_by_med_cov,F1_by_med_cov
0,0.0,0.9969376818251416,0.7293603674246667,0.8424116962090826,0.9977032613688562,0.7091087169441724,0.8290076335877863,0.9977032613688562,0.7091087169441724,0.8290076335877863,0.9660082682590722,0.7808168316831683,0.8635959208815275
1,0.01,0.8860817638952687,0.9182799111393208,0.9018935556767708,0.8831725616291533,0.9231754161331626,0.9027310431176148,0.8768948093706936,0.89456419868791,0.8856413825098585,0.8291226458429031,0.9028009336445482,0.8643946045175193
2,0.02,0.9196718183552757,0.8730302481434523,0.8957442854488014,0.9190994085098264,0.8809436722750549,0.8996171444579326,0.9026903262736119,0.8406183368869936,0.8705492685619651,0.8639572600648732,0.8414792789444341,0.8525701374505743
3,0.03,0.8746422438465942,0.9160671462829736,0.8948755490483162,0.8706353749284488,0.9231236091442444,0.8961115475255301,0.853653882846785,0.877082924916683,0.865209824018565,0.7992749475290974,0.8846884899683211,0.8398155573376102
4,0.04,0.910818059901654,0.8860621874320505,0.8982695910944561,0.9067948144836835,0.8940061701189952,0.9003550821127386,0.8808672329012069,0.8381539770310507,0.8589799476896252,0.8341528833258829,0.8422477995937712,0.8381807973048849
5,0.05,0.8741618238712562,0.9165690180454652,0.8948632879533234,0.8672329012069736,0.922930542340628,0.8942152569716524,0.8473401877514528,0.8647354014598541,0.8559494242492662,0.797496647295485,0.861003861003861,0.8280343467161754
6,0.06,0.9005383235067931,0.8817771084337349,0.8910589727330374,0.896693155601128,0.8914373088685015,0.8940575079872203,0.8700333247885158,0.8249878463782208,0.8469120399251404,0.8192771084337349,0.8222279392847954,0.8207498715973292
7,0.07,0.8682389130992053,0.906099518459069,0.8867652834140595,0.8633683670853627,0.9147202607278653,0.8883027825398918,0.8405537041784158,0.8461935483870968,0.8433641975308642,0.7890284542425019,0.8382352941176471,0.812887891192394
8,0.08,0.8994478349317059,0.8770189855483139,0.8880918220946915,0.8945074106364429,0.8867761452031115,0.890625,0.8645742516710259,0.8121758121758121,0.8375563063063064,0.8079046788724208,0.8210277613703485,0.8144133587227187
9,0.09,0.8759081662307469,0.9023952095808383,0.8889544314997787,0.8689334495786109,0.9107523606457508,0.8893515764425939,0.8419064225515839,0.8346297896859695,0.8382523148148149,0.7794245858761988,0.8334369173399627,0.8055263553086048
10,0.1,0.9017246989912138,0.8744083307036921,0.8878564562640181,0.8390002906131938,0.9271034039820167,0.8808543096872617,0.8174949142691078,0.8531998786775857,0.8349658652419116,0.7985681744223886,0.8040629095674967,0.8013061224489797
