,filter_abundance,precision_by_num_reads,recall_by_num_reads,F1_by_num_reads,precision_by_nts,recall_by_nts,F1_by_nts,precision_by_mean_cov,recall_by_mean_cov,F1_by_mean_cov,precision_by_med_cov,recall_by_med_cov,F1_by_med_cov
0,0.0,0.9917000148214021,0.7606866757617099,0.8609663514122112,0.9928857269897733,0.7403846153846154,0.8482431149097817,0.9928857269897733,0.7403846153846154,0.8482431149097817,0.9688750555802579,0.8099368108041135,0.8823053043595628
1,0.01,0.8623091744479028,0.9389928986442866,0.8990187746272116,0.8581591818586038,0.9414634146341463,0.8978832286578274,0.8589002519638358,0.9210108073744437,0.8888718460004601,0.9070107999267801,0.8409708078750848,0.8727432848965214
2,0.02,0.900604063701263,0.9047443913203383,0.9026694798642326,0.8991396668497162,0.9111482099795957,0.9051041090842086,0.8883397400695588,0.8769425370437297,0.8826043466399927,0.8509976203551163,0.8840083666096216,0.8671889572840887
3,0.03,0.9249839709339602,0.8755816305887113,0.8996050717106632,0.9217781577260098,0.883087633087633,0.9020181951270521,0.9027569993588374,0.8390941597139452,0.869762174405436,0.8668518914297927,0.8420178534357484,0.8542544229149116
4,0.04,0.8858730497969651,0.911991199119912,0.8987424111014745,0.8830946783500748,0.9204722655379818,0.9013961605584643,0.861508869416542,0.8659505907626208,0.8637240197128776,0.8215430647574268,0.8683081093291167,0.8442784976938283
5,0.05,0.9131700218287655,0.8898605530607422,0.9013646157529327,0.9100169779286927,0.8999760134324778,0.9049686444766041,0.880184331797235,0.8355975132396961,0.8573115993385306,0.8411350958040262,0.8411350958040262,0.8411350958040262
6,0.06,0.8811544991511036,0.9178878221323901,0.8991461452790496,0.8743633276740238,0.9250705671028997,0.899002493765586,0.8484113509580402,0.8571428571428571,0.8527547537786445,0.8120300751879699,0.8575819672131147,0.8341846268842654
7,0.07,0.9001082837033026,0.8938172043010753,0.8969517129754518,0.8938819707634001,0.9021857923497267,0.8980146858852326,0.8678938819707634,0.8325110360945209,0.8498343273691186,0.8216025988088793,0.8317347218416005,0.8266376140542013
8,0.08,0.8714131023280997,0.9168328111649103,0.8935461485079804,0.8649160801299405,0.9258186033033903,0.894331700489853,0.8402815376285869,0.8513439385628085,0.8457765667574931,0.8237924865831843,0.8004055619930475,0.8119306494269761
9,0.09,0.8849135360763267,0.893437688139675,0.8891551827441582,0.8807394156231365,0.9050245098039216,0.8927168328800241,0.8494335122242099,0.8231724934989887,0.8360968451944242,0.7996422182468694,0.8181818181818182,0.8088057901085646
10,0.1,0.8604651162790697,0.9153187440532826,0.8870447210696172,0.8539057841383423,0.9250645994832042,0.8880620155038761,0.8228980322003577,0.8386508659981768,0.8306997742663658,0.8113948919449901,0.7927063339731286,0.8019417475728156
