,filter_abundance,precision_by_num_reads,recall_by_num_reads,F1_by_num_reads,precision_by_nts,recall_by_nts,F1_by_nts,precision_by_mean_cov,recall_by_mean_cov,F1_by_mean_cov,precision_by_med_cov,recall_by_med_cov,F1_by_med_cov
0,0.0,0.7581573896353166,0.3394442853050702,0.4689354966363276,0.8310940499040307,0.2602684832698858,0.3963991455599633,0.8310940499040307,0.2602684832698858,0.3963991455599633,0.007677543186180422,0.09022556390977443,0.014150943396226414
1,0.01,0.7581573896353166,0.3394442853050702,0.4689354966363276,0.8093410108765196,0.282871198568873,0.4192212096106048,0.7971849008317339,0.28324619231643555,0.417980543441798,0.0,0.0,0.0
2,0.02,0.7581573896353166,0.3394442853050702,0.4689354966363276,0.7562380038387716,0.3434049970947124,0.47232767232767237,0.7767114523352527,0.29754901960784313,0.430267588162325,0.0,0.0,0.0
3,0.03,0.7581573896353166,0.3394442853050702,0.4689354966363276,0.7562380038387716,0.3434049970947124,0.47232767232767237,0.7594369801663468,0.31073298429319374,0.4410180196916218,0.0,0.0,0.0
4,0.04,0.7581573896353166,0.3394442853050702,0.4689354966363276,0.7562380038387716,0.3434049970947124,0.47232767232767237,0.744721689059501,0.32324354346014994,0.45081332300542215,0.0,0.0,0.0
5,0.05,0.6928982725527831,0.4017062314540059,0.5085700868748532,0.7517594369801663,0.34619917501473185,0.4740770627395602,0.7332053742802304,0.335971855760774,0.4607961399276237,0.0,0.0,0.0
6,0.06,0.6928982725527831,0.4017062314540059,0.5085700868748532,0.7351247600767754,0.359849671155653,0.48317914213624896,0.7140115163147792,0.34444444444444444,0.4647095565271705,0.0,0.0,0.0
7,0.07,0.6928982725527831,0.4017062314540059,0.5085700868748532,0.6839411388355726,0.4078595955742083,0.5109942638623327,0.7005758157389635,0.3545984455958549,0.47086648032681144,0.0,0.0,0.0
8,0.08,0.6928982725527831,0.4017062314540059,0.5085700868748532,0.6839411388355726,0.4078595955742083,0.5109942638623327,0.6890595009596929,0.3652085452695829,0.47739361702127664,0.0,0.0,0.0
9,0.09,0.6928982725527831,0.4017062314540059,0.5085700868748532,0.6839411388355726,0.4078595955742083,0.5109942638623327,0.6756238003838771,0.37446808510638296,0.48186173853524983,0.0,0.0,0.0
10,0.1,0.6928982725527831,0.4017062314540059,0.5085700868748532,0.6839411388355726,0.4078595955742083,0.5109942638623327,0.6615483045425464,0.38282117734172527,0.48499061913696057,0.0,0.0,0.0
