,filter_abundance,precision_by_num_reads,recall_by_num_reads,F1_by_num_reads,precision_by_nts,recall_by_nts,F1_by_nts,precision_by_mean_cov,recall_by_mean_cov,F1_by_mean_cov,precision_by_med_cov,recall_by_med_cov,F1_by_med_cov
0,0.0,0.934453781512605,0.16982284667073916,0.2874127681571465,0.9949579831932773,0.12384937238493723,0.22027906976744188,0.9949579831932773,0.12384937238493723,0.22027906976744188,0.013445378151260505,0.06557377049180328,0.022315202231520222
1,0.01,0.934453781512605,0.16982284667073916,0.2874127681571465,0.984873949579832,0.13558537714021288,0.2383567215781981,0.9680672268907563,0.13549752999294284,0.23772183243912504,0.0,0.0,0.0
2,0.02,0.934453781512605,0.16982284667073916,0.2874127681571465,0.9294117647058824,0.17104856170739252,0.28892371995820276,0.9546218487394958,0.1431451612903226,0.2489590181897874,0.0,0.0,0.0
3,0.03,0.934453781512605,0.16982284667073916,0.2874127681571465,0.9294117647058824,0.17104856170739252,0.28892371995820276,0.9411764705882353,0.149812734082397,0.25848142164781907,0.0,0.0,0.0
4,0.04,0.934453781512605,0.16982284667073916,0.2874127681571465,0.9294117647058824,0.17104856170739252,0.28892371995820276,0.9310924369747899,0.15671852899575672,0.2682808716707022,0.0,0.0,0.0
5,0.05,0.934453781512605,0.16982284667073916,0.2874127681571465,0.9294117647058824,0.17104856170739252,0.28892371995820276,0.9176470588235294,0.16245165129425765,0.2760364004044489,0.0,0.0,0.0
6,0.06,0.8470588235294118,0.20421393841166938,0.3290891283055828,0.9294117647058824,0.17222049205854875,0.29059379926431955,0.892436974789916,0.16583385384134916,0.2796944956544641,0.0,0.0,0.0
7,0.07,0.8470588235294118,0.20421393841166938,0.3290891283055828,0.9126050420168067,0.17885375494071146,0.29909115946020376,0.8789915966386554,0.17108276087667648,0.2864184008762322,0.0,0.0,0.0
8,0.08,0.8470588235294118,0.20421393841166938,0.3290891283055828,0.8991596638655462,0.18454639530872716,0.30623926731539786,0.8621848739495799,0.17532467532467533,0.29139449020164726,0.0,0.0,0.0
9,0.09,0.8470588235294118,0.20421393841166938,0.3290891283055828,0.8436974789915966,0.20986622073578595,0.3361232005356545,0.8521008403361344,0.18074866310160428,0.2982352941176471,0.0,0.0,0.0
10,0.1,0.8470588235294118,0.20421393841166938,0.3290891283055828,0.8436974789915966,0.20986622073578595,0.3361232005356545,0.8453781512605042,0.18678054214630524,0.3059610705596107,0.0,0.0,0.0
