,filter_abundance,precision_by_num_reads,recall_by_num_reads,F1_by_num_reads,precision_by_nts,recall_by_nts,F1_by_nts,precision_by_mean_cov,recall_by_mean_cov,F1_by_mean_cov,precision_by_med_cov,recall_by_med_cov,F1_by_med_cov
0,0.0,0.7345213616632397,0.7359505551104498,0.73523526384998,0.7412611377655929,0.715120123429579,0.7279560242315459,0.7412611377655929,0.715120123429579,0.7279560242315459,0.6793465844185516,0.7930390718762501,0.7318033593798068
1,0.01,0.805655042412818,0.6834026223217141,0.7395103382645558,0.8045240339302545,0.6878323932312651,0.7416159860990443,0.7956644674835062,0.6675628657282935,0.7260061919504645,0.731573986804901,0.7184376156978897,0.7249462968151676
2,0.02,0.8338922423429466,0.6790460586200618,0.7485450531808148,0.8325508607198748,0.684433008638118,0.7512608432519668,0.818242790073776,0.6581550080920697,0.7295196332469603,0.7645875251509054,0.6787060924786664,0.7190916736753574
3,0.03,0.8575827559661278,0.6708149337615416,0.7527874760671246,0.8568129330254042,0.6781072298943948,0.7570570230132637,0.8762975778546713,0.601186943620178,0.7131291798662444,0.8157439446366782,0.6260234565169285,0.7084011518717916
4,0.04,0.9082480818414322,0.6201702685003274,0.7370605785445583,0.907608695652174,0.6278195488721805,0.7422222222222223,0.8855498721227621,0.5935290336404543,0.7107119948685054,0.8312020460358056,0.6093273962971643,0.7031778228532792
5,0.05,0.9197617379117029,0.6183745583038869,0.7395407803916044,0.9190609670637702,0.6260143198090692,0.7447473026689382,0.8913805185704274,0.5844245348035837,0.7059802969335368,0.8455130632336236,0.5765556416214821,0.685600245624808
6,0.06,0.9246497538811056,0.6152683295540439,0.7388804841149774,0.9238924649753881,0.6238813602659167,0.7448107448107448,0.9160867785509619,0.5474559686888454,0.6853468075333027,0.8542775276299631,0.5672737156836096,0.6818033322443645
7,0.07,0.9308227589029882,0.6098149637972646,0.7368762151652625,0.9295947605403193,0.6188010899182561,0.7430067070178309,0.9163732394366197,0.5399377593360996,0.6795039164490863,0.8626809901914994,0.5469351495410127,0.6694454512504532
8,0.08,0.9462867818776273,0.5762229806598407,0.7162807141594484,0.9453526389537599,0.584971098265896,0.7227280842706659,0.9187295656235404,0.5389041095890411,0.6793299948195476,0.8589108910891089,0.5341748768472906,0.6586940015186029
9,0.09,0.95,0.5769693325315695,0.7179199401421623,0.9455445544554455,0.5839192907367777,0.7219807219807219,0.9173267326732674,0.5352397458116696,0.6760306457497264,0.842079207920792,0.5487096774193548,0.664453125
10,0.1,0.9484106305367379,0.5764966740576497,0.7171000788022065,0.9494528400208442,0.5873629916183107,0.7257518422624974,0.9176654507556019,0.535258358662614,0.6761374544058361,0.8400208441896821,0.5445945945945946,0.6607911457265834
