,filter_abundance,precision_by_num_reads,recall_by_num_reads,F1_by_num_reads,precision_by_nts,recall_by_nts,F1_by_nts,precision_by_mean_cov,recall_by_mean_cov,F1_by_mean_cov,precision_by_med_cov,recall_by_med_cov,F1_by_med_cov
0,0.0,0.7261812117843246,0.7508909070008047,0.738329377190008,0.7331851028349082,0.7331851028349082,0.7331851028349082,0.7331851028349082,0.7331036016007114,0.7331443499527541,0.6882712618121178,0.7984266185194738,0.7392680160009553
1,0.01,0.7947272727272727,0.7073960187732643,0.748522989982019,0.794,0.7115854652110152,0.7505370800034373,0.7856363636363637,0.6894846018828785,0.7344267867765786,0.8026877133105802,0.6634344146685472,0.7264478764478765
2,0.02,0.858843537414966,0.6514928123848138,0.7409348145042968,0.8223122866894198,0.716542750929368,0.7657926102502981,0.8452380952380952,0.6291139240506329,0.7213352685050799,0.814625850340136,0.6613412228796844,0.7300239494883518
3,0.03,0.8745236799129015,0.6521209661051349,0.7471224276246947,0.8731627653783343,0.6585916649558612,0.7508484493856056,0.8568317909635275,0.6259693776098628,0.7234287027461795,0.8543425814234017,0.6061189559264014,0.7091364205256571
4,0.04,0.8857056694813028,0.6469162995594714,0.7477087576374747,0.8841978287092883,0.6546104041080598,0.7522771007055805,0.8917848894754207,0.5817907877744296,0.7041813208284486,0.8614318706697459,0.6056599396891672,0.7112503405066739
5,0.05,0.9262855088097807,0.6110056925996205,0.7363155638130628,0.9259259259259259,0.6195861405197305,0.7423958483494305,0.9036317871269327,0.5797001153402538,0.7062956717256886,0.874145990650845,0.58634828750603,0.7018911505702324
6,0.06,0.93343653250774,0.6110970357233342,0.7386311437758383,0.9318885448916409,0.6198198198198198,0.7444736435306848,0.9086687306501547,0.5766208251473477,0.705528846153846,0.871517027863777,0.5841763942931258,0.6994874980587048
7,0.07,0.9348360655737705,0.6151564185544768,0.7420299284320104,0.9352459016393443,0.6253768155659085,0.7495483659057317,0.9194748358862145,0.5468505986465383,0.6858168761220826,0.8814004376367615,0.5578947368421052,0.6832909245122986
8,0.08,0.9401553220648698,0.5876641918903484,0.7232472324723247,0.9392416628597533,0.5975007265329846,0.7303730017761989,0.912745545911375,0.5493538630739621,0.685890834191555,0.8784833257195066,0.5596623981373691,0.6837333333333334
9,0.09,0.9438800193517175,0.5885369532428356,0.7250092902266816,0.9414610546686019,0.5978494623655914,0.7313040210447201,0.9104983067247219,0.5455072463768116,0.6822548486496284,0.8756652152878568,0.5547042598835428,0.6791744840525329
10,0.1,0.9450718685831622,0.5851875397329943,0.7228111503729878,0.944558521560575,0.5960479429867185,0.730883813306852,0.9096509240246407,0.5400792441328863,0.6777586536622682,0.8821961620469083,0.5328396651641983,0.6643918105178643
