,filter_abundance,precision_by_num_reads,recall_by_num_reads,F1_by_num_reads,precision_by_nts,recall_by_nts,F1_by_nts,precision_by_mean_cov,recall_by_mean_cov,F1_by_mean_cov,precision_by_med_cov,recall_by_med_cov,F1_by_med_cov
0,0.0,0.9350473612990527,0.1922648859209794,0.31894761135471955,0.9986468200270636,0.14590747330960854,0.2546144557529757,0.9986468200270636,0.14590747330960854,0.2546144557529757,0.018944519621109608,0.09722222222222222,0.031710079275198186
1,0.01,0.9350473612990527,0.1922648859209794,0.31894761135471955,0.9350473612990527,0.19525289629838938,0.3230481533426835,0.9715832205683356,0.16123961374354367,0.2765793528505393,0.022222222222222223,0.016129032258064516,0.018691588785046728
2,0.02,0.9350473612990527,0.1922648859209794,0.31894761135471955,0.9350473612990527,0.19525289629838938,0.3230481533426835,0.9607577807848444,0.17203779985461595,0.29182079736950267,0.022222222222222223,0.016129032258064516,0.018691588785046728
3,0.03,0.9350473612990527,0.1922648859209794,0.31894761135471955,0.9350473612990527,0.19525289629838938,0.3230481533426835,0.945872801082544,0.18113500906970717,0.30404523705959113,0.022222222222222223,0.016129032258064516,0.018691588785046728
4,0.04,0.9350473612990527,0.1922648859209794,0.31894761135471955,0.9350473612990527,0.19525289629838938,0.3230481533426835,0.925575101488498,0.18796372629843364,0.31247144814984007,0.022222222222222223,0.016129032258064516,0.018691588785046728
5,0.05,0.8687415426251691,0.23620309050772628,0.3714203066242407,0.9350473612990527,0.20005790387955993,0.32959694729310757,0.9147496617050067,0.19634040081324428,0.32329029172644674,0.022222222222222223,0.016129032258064516,0.018691588785046728
6,0.06,0.8687415426251691,0.23620309050772628,0.3714203066242407,0.925575101488498,0.20962304627643272,0.3418290854572713,0.9039242219215156,0.20434383603548487,0.3333333333333333,0.022222222222222223,0.016129032258064516,0.018691588785046728
7,0.07,0.8687415426251691,0.23620309050772628,0.3714203066242407,0.9106901217861976,0.2164683177870698,0.34979209979209974,0.8944519621109608,0.21233536781239962,0.34319833852544135,0.022222222222222223,0.016129032258064516,0.018691588785046728
8,0.08,0.8687415426251691,0.23620309050772628,0.3714203066242407,0.86468200270636,0.2429657794676806,0.37934105075690117,0.8836265223274695,0.21971736204576042,0.3519267043923471,0.022222222222222223,0.016129032258064516,0.018691588785046728
9,0.09,0.8687415426251691,0.23620309050772628,0.3714203066242407,0.86468200270636,0.2429657794676806,0.37934105075690117,0.8768606224627875,0.22800844475721324,0.3619100809829657,0.022222222222222223,0.016129032258064516,0.018691588785046728
10,0.1,0.8687415426251691,0.23620309050772628,0.3714203066242407,0.86468200270636,0.2429657794676806,0.37934105075690117,0.8565629228687416,0.2325495958853784,0.3657902340364057,0.022222222222222223,0.016129032258064516,0.018691588785046728
