,filter_abundance,precision_by_num_reads,recall_by_num_reads,F1_by_num_reads,precision_by_nts,recall_by_nts,F1_by_nts,precision_by_mean_cov,recall_by_mean_cov,F1_by_mean_cov,precision_by_med_cov,recall_by_med_cov,F1_by_med_cov
0,0.0,0.9909365558912386,0.6893169877408056,0.8130551538938235,0.9932863376972139,0.6625615763546798,0.7948959032907992,0.9932863376972139,0.6625615763546798,0.7948959032907992,0.919436052366566,0.7843642611683849,0.8465461288827073
1,0.01,0.9001342732460558,0.8786041939711664,0.8892389321837174,0.8976166498825109,0.8819261213720316,0.8897022126102145,0.891742195367573,0.8570737215679949,0.8740643250802007,0.7828130245048674,0.8809973554967888,0.8290081763242089
2,0.02,0.82527693856999,0.9192372406057207,0.8697267179623241,0.82040953340047,0.9229607250755287,0.8686689177181447,0.8180597515944948,0.8954620613632188,0.8550127181826157,0.7269217858341726,0.9007903494176372,0.8045699424112948
3,0.03,0.9004801396769969,0.8547752227056142,0.8770326283345732,0.8980794412920122,0.8612390121389703,0.8792735042735044,0.8838934962898297,0.8203362365809196,0.8509297195083516,0.7909209951986033,0.8210240144993204,0.8056914184081815
4,0.04,0.8607594936708861,0.8886885984677783,0.8745011086474502,0.8561763422086425,0.8952533089913282,0.8752788933511825,0.8461370580532519,0.8507790212859337,0.8484516905569538,0.7529463116542995,0.8453810340602793,0.7964908230405172
5,0.05,0.821257092972501,0.9140150595093515,0.8651569145878836,0.8149279790484505,0.9190253507260645,0.8638519375361481,0.8927050053248137,0.7898704358068316,0.8381452318460192,0.7763578274760383,0.8142976822116728,0.7948752896279133
6,0.06,0.8908413205537806,0.8695426195426196,0.8800631246712257,0.8839190628328009,0.8759894459102903,0.8799363901404718,0.867678381256656,0.8192559074912016,0.8427721748125161,0.7452076677316294,0.8305637982195846,0.7855739545326973
7,0.07,0.8610223642172524,0.8951010240797121,0.8777310354186455,0.8554313099041534,0.9032892887264549,0.8787091480924382,0.8354632587859425,0.8383649479027518,0.8369115882117615,0.7167199148029819,0.8438871473354232,0.7751223725885402
8,0.08,0.8288072417465389,0.9139753376394598,0.8693102485339291,0.8221512247071352,0.9209662988368625,0.868757912505275,0.8091054313099042,0.8599320882852292,0.833744855967078,0.7467207995003123,0.7959387483355526,0.7705446342249437
9,0.09,0.8775765146783261,0.8713178294573644,0.8744359732379026,0.8707058088694566,0.8797727989902178,0.875215821692042,0.8429106808244847,0.8063937854795339,0.8242479767903497,0.7236102435977514,0.8129824561403509,0.7656972901520158
10,0.1,0.8532167395377889,0.8933943754087639,0.8728434504792331,0.8472829481574016,0.9034299034299035,0.8744560838033844,0.8169893816364772,0.8226415094339623,0.8198057035412096,0.7001873828856965,0.8254786450662739,0.7576884082460291
