,filter_abundance,precision_by_num_reads,recall_by_num_reads,F1_by_num_reads,precision_by_nts,recall_by_nts,F1_by_nts,precision_by_mean_cov,recall_by_mean_cov,F1_by_mean_cov,precision_by_med_cov,recall_by_med_cov,F1_by_med_cov
0,0.0,0.7229166666666667,0.3142167220042258,0.4380391331790448,0.80625,0.2425825323861262,0.3729521362030196,0.80625,0.2425825323861262,0.3729521362030196,0.011805555555555555,0.13821138211382114,0.021753039027511197
1,0.01,0.7229166666666667,0.3142167220042258,0.4380391331790448,0.78125,0.2596952908587258,0.3898128898128898,0.7701388888888889,0.2600844277673546,0.38884992987377276,0.030303030303030304,0.021739130434782608,0.02531645569620253
2,0.02,0.7229166666666667,0.3142167220042258,0.4380391331790448,0.7215277777777778,0.318418633159669,0.4418456304486498,0.75625,0.27313769751693,0.40132669983416247,0.030303030303030304,0.021739130434782608,0.02531645569620253
3,0.03,0.7229166666666667,0.3142167220042258,0.4380391331790448,0.7215277777777778,0.318418633159669,0.4418456304486498,0.7333333333333333,0.28107532605802504,0.4063883009428516,0.030303030303030304,0.021739130434782608,0.02531645569620253
4,0.04,0.7229166666666667,0.3142167220042258,0.4380391331790448,0.7215277777777778,0.318418633159669,0.4418456304486498,0.7208333333333333,0.2917369308600337,0.41536614645858344,0.030303030303030304,0.021739130434782608,0.02531645569620253
5,0.05,0.7229166666666667,0.3142167220042258,0.4380391331790448,0.7215277777777778,0.318418633159669,0.4418456304486498,0.7076388888888889,0.30121194206325747,0.42255857350196974,0.030303030303030304,0.021739130434782608,0.02531645569620253
6,0.06,0.6513888888888889,0.38006482982171796,0.4800409416581371,0.7194444444444444,0.3197530864197531,0.4427350427350427,0.6986111111111111,0.31193798449612403,0.43129689174705255,0.030303030303030304,0.021739130434782608,0.02531645569620253
7,0.07,0.6513888888888889,0.38006482982171796,0.4800409416581371,0.70625,0.3326790971540726,0.45230153435623754,0.6861111111111111,0.3208834037025008,0.4372648816109758,0.030303030303030304,0.021739130434782608,0.02531645569620253
8,0.08,0.6513888888888889,0.38006482982171796,0.4800409416581371,0.6944444444444444,0.3423485107839781,0.4586104104563174,0.6805555555555556,0.332541567695962,0.44677456120355596,0.030303030303030304,0.021739130434782608,0.02531645569620253
9,0.09,0.6513888888888889,0.38006482982171796,0.4800409416581371,0.6472222222222223,0.3920908708456037,0.48834162955200416,0.66875,0.3410056657223796,0.45168855534709196,0.030303030303030304,0.021739130434782608,0.02531645569620253
10,0.1,0.6513888888888889,0.38006482982171796,0.4800409416581371,0.6472222222222223,0.3920908708456037,0.48834162955200416,0.6583333333333333,0.34968646255994096,0.45675740785352925,0.030303030303030304,0.021739130434782608,0.02531645569620253
