,filter_abundance,precision_by_num_reads,recall_by_num_reads,F1_by_num_reads,precision_by_nts,recall_by_nts,F1_by_nts,precision_by_mean_cov,recall_by_mean_cov,F1_by_mean_cov,precision_by_med_cov,recall_by_med_cov,F1_by_med_cov
0,0.0,0.7258306538049303,0.7651977401129944,0.7449944994499449,0.7342979635584137,0.7512885184779032,0.7426960810884058,0.7342979635584137,0.7512885184779032,0.7426960810884058,0.6982851018220794,0.7951910167215916,0.743594133424642
1,0.01,0.7777965528894897,0.7403892552678141,0.7586320560362587,0.7769516728624535,0.7461863031483285,0.7612582781456952,0.7683338965866847,0.7228934817170112,0.7449213630406291,0.7391010476512335,0.7502572898799313,0.7446373850868234
2,0.02,0.8413948256467941,0.6861126398825903,0.7558609539207761,0.8413948256467941,0.6934915631374003,0.7603171376295995,0.8269966254218223,0.6649782923299565,0.7371904141181189,0.8112485939257593,0.6811484699659992,0.7405277749255571
3,0.03,0.882515168229454,0.648692479221569,0.7477509054796121,0.8575031525851198,0.6978653530377669,0.7694919090188979,0.8640375068946498,0.6248504188272836,0.7252314814814815,0.84142305570877,0.6448953709575143,0.7301663276295322
4,0.04,0.8966346153846154,0.6581385090427878,0.7590943780208598,0.8954326923076923,0.666219539458976,0.7640046147929752,0.8707932692307693,0.6261884183232498,0.7285067873303168,0.8509615384615384,0.6381252816584047,0.7293329899562194
5,0.05,0.9169562195969423,0.6269897837966263,0.7447438972767039,0.9162612925642808,0.6357280617164899,0.7506404782237404,0.893328700486449,0.5959666203059806,0.7149610678531702,0.8710910354412786,0.6070217917675544,0.7154680365296803
6,0.06,0.9191994069681245,0.6308827270414653,0.7482274852918993,0.9173461823573017,0.6390395042602633,0.7533099984781616,0.896590066716086,0.5981701285855588,0.7175912192227826,0.8702742772424018,0.6087632875291678,0.7163996948893975
7,0.07,0.9377076411960132,0.6119241192411924,0.7405706789111184,0.936046511627907,0.620253164556962,0.7461105594174114,0.9111295681063123,0.5763068032571579,0.70603378921963,0.8882890365448505,0.5894185726095343,0.7086301142951797
8,0.08,0.9333917616126205,0.6124209315698678,0.7395833333333334,0.9333917616126205,0.6222611744084137,0.7467134092900963,0.9057843996494304,0.574805339265851,0.7033004423273223,0.8799298860648553,0.5898942420681551,0.7062961660218079
9,0.09,0.942428640541848,0.5922772879294619,0.7274085138162808,0.9429124334784712,0.6024729520865533,0.7351942663145983,0.9046522339935513,0.5762910798122066,0.704068829539344,0.8877600387034349,0.5674087816944959,0.692322203357857
10,0.1,0.947395042994436,0.6008982996470965,0.7353749509226541,0.9448659585230147,0.6096605744125326,0.7411227930966079,0.9140111279716743,0.5585780525502319,0.6933998465080583,0.8755690440060698,0.566056245912361,0.687586891757696
