,filter_abundance,precision_by_num_reads,recall_by_num_reads,F1_by_num_reads,precision_by_nts,recall_by_nts,F1_by_nts,precision_by_mean_cov,recall_by_mean_cov,F1_by_mean_cov,precision_by_med_cov,recall_by_med_cov,F1_by_med_cov
0,0.0,0.992571012381646,0.7520971302428257,0.8557613814756673,0.9938820101966497,0.7376216216216216,0.8467887061743717,0.9938820101966497,0.7376216216216216,0.8467887061743717,0.9704297159504734,0.7993760499160067,0.8766366208303177
1,0.01,0.8614712308812819,0.9379857256145916,0.8981017463933183,0.8584122359796067,0.939872408293461,0.8972972972972972,0.8559359067734887,0.9132732359341001,0.8836754643206258,0.8171886380189366,0.9166666666666666,0.864073931459376
2,0.02,0.8969795037756203,0.9020068703670222,0.899486162444785,0.8935634663790004,0.9080942810158962,0.900770276393294,0.8809780654440849,0.8684863523573201,0.8746876115672972,0.8462783171521036,0.8719896257873286,0.8589416058394161
3,0.03,0.919179229480737,0.8783513405362144,0.8983016165336607,0.9158291457286433,0.886322188449848,0.9008341056533827,0.894891122278057,0.8360719874804382,0.8644822006472491,0.8555276381909548,0.8429956674231484,0.8492154213862622
4,0.04,0.8793969849246231,0.9154315605928509,0.8970525416488682,0.8741624790619765,0.9228558797524314,0.8978494623655913,0.856574539363484,0.869870295556028,0.8631712205928894,0.820142378559464,0.8692853972481136,0.8439991381167853
5,0.05,0.9046131667467564,0.8858823529411765,0.8951497860199713,0.8981259010091303,0.8925501432664756,0.8953293413173654,0.8781835655934647,0.8360018298261666,0.8565737051792829,0.8395002402691014,0.8372873232686316,0.8383923215356929
6,0.06,0.86977414704469,0.9127584467977812,0.8907480314960629,0.8640076886112446,0.9215786776012301,0.8918650793650794,0.8445458913983662,0.8583638583638583,0.8513988131282549,0.8015377222489188,0.8551653422199436,0.8274835669105791
7,0.07,0.8910016068559186,0.8943548387096775,0.8926750737858867,0.887252276379218,0.9054386444383712,0.8962532124983094,0.8543117300482057,0.8272821576763485,0.8405797101449275,0.80878414568827,0.8253621207980323,0.816989043689977
8,0.08,0.8583288698446706,0.9146689497716894,0.8856037579441834,0.8516336368505624,0.9230769230769231,0.8859172586711241,0.8253883235136583,0.8464707497940126,0.8357966101694915,0.7801285484734869,0.8453279164248404,0.8114206128133706
9,0.09,0.8827729842308837,0.8958333333333334,0.8892552075528248,0.877119904790241,0.9062403934829388,0.8914423949198671,0.8399285926807498,0.8192106790481718,0.8294402820625827,0.7869681642368342,0.8130956040577928,0.7998185666767462
10,0.1,0.8527224040464148,0.9130296272698312,0.8818461538461537,0.8446890806307646,0.9217532467532468,0.8815401335196398,0.8146385004462957,0.8375650045885592,0.8259426847662142,0.7937378954163977,0.8014993481095176,0.7975997405124878
