,filter_abundance,precision_by_num_reads,recall_by_num_reads,F1_by_num_reads,precision_by_nts,recall_by_nts,F1_by_nts,precision_by_mean_cov,recall_by_mean_cov,F1_by_mean_cov,precision_by_med_cov,recall_by_med_cov,F1_by_med_cov
0,0.0,0.7239685658153242,0.7576242147344374,0.7404141318301055,0.7312813796114386,0.7404133053376064,0.7358190104881666,0.7312813796114386,0.7404133053376064,0.7358190104881666,0.6916612093429382,0.8010365314119581,0.742341709131377
1,0.01,0.7869083230688017,0.7232734918324438,0.7537502106859936,0.7856765792715116,0.7274356467904854,0.7554352423652821,0.7786380432869963,0.705966815571155,0.7405238055392854,0.7585782157311279,0.719939879759519,0.738754177019964
2,0.02,0.8512241054613936,0.6654398233345602,0.7469531088618054,0.8516949152542372,0.6726157278304518,0.7516360236833904,0.8375706214689266,0.6435160065111232,0.7278306228904572,0.814030131826742,0.6611854684512428,0.7296898079763663
3,0.03,0.8674192701496456,0.6701825557809331,0.7561505893122784,0.8668941979522184,0.6781680016430478,0.7610048398248445,0.8498293515358362,0.6439228167893376,0.7326844726120416,0.8269887109477553,0.655294362388184,0.7311977715877438
4,0.04,0.9036755386565273,0.6286092131364338,0.7414532692057716,0.9027249683143219,0.6363636363636364,0.7464954801519718,0.8814955640050697,0.5990525409130061,0.7133333333333334,0.858681875792142,0.6084418500224518,0.7122207621550591
5,0.05,0.9143542309009934,0.6327643432906591,0.7479333053103545,0.9136690647482014,0.6417228103946102,0.753922261484099,0.8907159986296677,0.5999077065066912,0.7169447125327452,0.8833948339483395,0.5816326530612245,0.7014356870788163
6,0.06,0.9380426203630624,0.6026876267748479,0.7338684779252856,0.9384372533543804,0.6122554067971163,0.7410408226861951,0.9159431728492502,0.5702702702702702,0.7029073288915808,0.8871349644830308,0.5802787816210635,0.7016229712858926
7,0.07,0.9364282726892513,0.6036667565381505,0.7340983606557377,0.9364282726892513,0.6135927651411346,0.7413907284768212,0.9096612296110415,0.56640625,0.6981222917669716,0.8799665411961523,0.574235807860262,0.6949628406275805
8,0.08,0.9403973509933775,0.6082238720731011,0.7386856251083753,0.9386313465783664,0.6178436501017146,0.7451805117420258,0.9116997792494481,0.5680880330123796,0.7000000000000001,0.8913144449605203,0.5514367816091954,0.6813420912480028
9,0.09,0.9450121654501217,0.5858220211161388,0.7232774674115456,0.9440389294403893,0.5960061443932412,0.7306967984934086,0.9153284671532846,0.5453754711510583,0.6835029069767442,0.8875912408759125,0.5547445255474452,0.6827624929814712
10,0.1,0.9464285714285714,0.5896376350921806,0.7265961613787701,0.948469387755102,0.6022027858762553,0.736675252625322,0.9132653061224489,0.5457317073170732,0.6832061068702291,0.8856226616782469,0.5352067183462532,0.6672035433863499
