,filter_abundance,precision_by_num_reads,recall_by_num_reads,F1_by_num_reads,precision_by_nts,recall_by_nts,F1_by_nts,precision_by_mean_cov,recall_by_mean_cov,F1_by_mean_cov,precision_by_med_cov,recall_by_med_cov,F1_by_med_cov
0,0.0,0.6670441676104191,0.27331786542923436,0.38775510204081637,0.782559456398641,0.19041058142739048,0.3062943262411348,0.782559456398641,0.19041058142739048,0.3062943262411348,0.007927519818799546,0.08235294117647059,0.01446280991735537
1,0.01,0.6670441676104191,0.27331786542923436,0.38775510204081637,0.7644394110985278,0.20306859205776173,0.3208937485143808,0.7587768969422424,0.20383328262853667,0.3213429256594724,0.0,0.0,0.0
2,0.02,0.6670441676104191,0.27331786542923436,0.38775510204081637,0.7485843714609286,0.20734002509410288,0.32473593711618765,0.739524348810872,0.2096981374438022,0.3267450587940956,0.0,0.0,0.0
3,0.03,0.6670441676104191,0.27331786542923436,0.38775510204081637,0.6613816534541337,0.2766461392704879,0.39011356045424184,0.7270668176670442,0.21638018200202225,0.3335064935064935,0.0,0.0,0.0
4,0.04,0.6670441676104191,0.27331786542923436,0.38775510204081637,0.6613816534541337,0.2766461392704879,0.39011356045424184,0.7134767836919592,0.22214386459802538,0.33880075289056194,0.0,0.0,0.0
5,0.05,0.6670441676104191,0.27331786542923436,0.38775510204081637,0.6613816534541337,0.2766461392704879,0.39011356045424184,0.7021517553793885,0.22827687776141384,0.34454015004167826,0.0,0.0,0.0
6,0.06,0.6670441676104191,0.27331786542923436,0.38775510204081637,0.6613816534541337,0.2766461392704879,0.39011356045424184,0.6840317100792752,0.23186180422264877,0.3463302752293578,0.0,0.0,0.0
7,0.07,0.6670441676104191,0.27331786542923436,0.38775510204081637,0.6613816534541337,0.2766461392704879,0.39011356045424184,0.6749716874292185,0.2383046781287485,0.3522458628841607,0.0,0.0,0.0
8,0.08,0.6670441676104191,0.27331786542923436,0.38775510204081637,0.6613816534541337,0.2766461392704879,0.39011356045424184,0.6625141562853907,0.24304113003739095,0.3556231003039514,0.0,0.0,0.0
9,0.09,0.6670441676104191,0.27331786542923436,0.38775510204081637,0.6613816534541337,0.2766461392704879,0.39011356045424184,0.6568516421291053,0.25021570319240727,0.36238675413933147,0.0,0.0,0.0
10,0.1,0.6670441676104191,0.27331786542923436,0.38775510204081637,0.6613816534541337,0.2766461392704879,0.39011356045424184,0.6466591166477916,0.25559534467323186,0.36637792749438564,0.0,0.0,0.0
