,filter_abundance,precision_by_num_reads,recall_by_num_reads,F1_by_num_reads,precision_by_nts,recall_by_nts,F1_by_nts,precision_by_mean_cov,recall_by_mean_cov,F1_by_mean_cov,precision_by_med_cov,recall_by_med_cov,F1_by_med_cov
0,0.0,0.7378640776699029,0.3290933694181326,0.4551749953209807,0.8094660194174758,0.2600896860986547,0.393684521174561,0.8094660194174758,0.2600896860986547,0.393684521174561,0.013956310679611651,0.1564625850340136,0.02562674094707521
1,0.01,0.7378640776699029,0.3290933694181326,0.4551749953209807,0.7354368932038835,0.3326928355750755,0.4581364581364581,0.7754854368932039,0.2818703131892369,0.4134584276933032,0.023809523809523808,0.017857142857142856,0.02040816326530612
2,0.02,0.7378640776699029,0.3290933694181326,0.4551749953209807,0.7354368932038835,0.3326928355750755,0.4581364581364581,0.7566747572815534,0.29591836734693877,0.42545206414193104,0.023809523809523808,0.017857142857142856,0.02040816326530612
3,0.03,0.7378640776699029,0.3290933694181326,0.4551749953209807,0.7354368932038835,0.3326928355750755,0.4581364581364581,0.7390776699029126,0.3081983805668016,0.43500000000000005,0.023809523809523808,0.017857142857142856,0.02040816326530612
4,0.04,0.7378640776699029,0.3290933694181326,0.4551749953209807,0.7354368932038835,0.3326928355750755,0.4581364581364581,0.7275485436893204,0.3213615652640043,0.44580777096114516,0.023809523809523808,0.017857142857142856,0.02040816326530612
5,0.05,0.6783980582524272,0.3951926475786497,0.4994415903506812,0.7299757281553398,0.34021493212669685,0.4641203703703704,0.7160194174757282,0.333710407239819,0.45524691358024694,0.023809523809523808,0.017857142857142856,0.02040816326530612
6,0.06,0.6783980582524272,0.3951926475786497,0.4994415903506812,0.712378640776699,0.3503431811399582,0.4696939387877576,0.7026699029126213,0.34443783462224864,0.46227544910179635,0.023809523809523808,0.017857142857142856,0.02040816326530612
7,0.07,0.6783980582524272,0.3951926475786497,0.4994415903506812,0.6741504854368932,0.4042940320232897,0.505459508644222,0.6868932038834952,0.35286783042394015,0.4662273476112026,0.023809523809523808,0.017857142857142856,0.02040816326530612
8,0.08,0.6783980582524272,0.3951926475786497,0.4994415903506812,0.6741504854368932,0.4042940320232897,0.505459508644222,0.6747572815533981,0.3624511082138201,0.4715860899067006,0.023809523809523808,0.017857142857142856,0.02040816326530612
9,0.09,0.6783980582524272,0.3951926475786497,0.4994415903506812,0.6741504854368932,0.4042940320232897,0.505459508644222,0.6571601941747572,0.36849268458659407,0.4722040549378679,0.023809523809523808,0.017857142857142856,0.02040816326530612
10,0.1,0.6783980582524272,0.3951926475786497,0.4994415903506812,0.6741504854368932,0.4042940320232897,0.505459508644222,0.6468446601941747,0.3780141843971631,0.47717099373321403,0.023809523809523808,0.017857142857142856,0.02040816326530612
