,filter_abundance,precision_by_num_reads,recall_by_num_reads,F1_by_num_reads,precision_by_nts,recall_by_nts,F1_by_nts,precision_by_mean_cov,recall_by_mean_cov,F1_by_mean_cov,precision_by_med_cov,recall_by_med_cov,F1_by_med_cov
0,0.0,0.727591706539075,0.7552980132450331,0.7411860276198212,0.7324827219564062,0.7447567567567568,0.7385687483248459,0.7324827219564062,0.7447567567567568,0.7385687483248459,0.6996278575225944,0.7895368370530358,0.7418682000112745
1,0.01,0.7724700399467377,0.7360824742268042,0.7538374076179648,0.7721371504660453,0.7398724082934609,0.7556605310311125,0.7648135818908123,0.7141746969225987,0.7386272303488186,0.7428428761651131,0.7292483660130719,0.7359828496042217
2,0.02,0.838379341050757,0.6808895317302477,0.7514716152848449,0.838379341050757,0.6881052439247214,0.7558454591068742,0.8265805877114871,0.6580999645515775,0.7327807381093349,0.804986642920748,0.6698777324935161,0.7312436804853387
3,0.03,0.8575689783743475,0.6902761104441777,0.7648819421350184,0.854586129753915,0.6966565349544073,0.767582049564635,0.8404175988068605,0.6613849765258216,0.7402298850574712,0.8385416666666666,0.6311120280585929,0.7201883460859327
4,0.04,0.8892846542000593,0.6530078465562337,0.7530476310167149,0.8886910062333037,0.6618037135278515,0.7586469023185102,0.8685069753636094,0.6221560705932384,0.7249752229930625,0.8403086969427129,0.6282734132268087,0.718984126984127
5,0.05,0.894110074026392,0.6536470588235294,0.7551991300801958,0.8915352429996781,0.6614135625596944,0.7594242631939684,0.8915289256198347,0.5921774931381518,0.7116547553600879,0.8461538461538461,0.6300023963575365,0.7222527472527474
6,0.06,0.9175257731958762,0.6283408976298538,0.7458844657288237,0.9142120765832106,0.6363403382880574,0.7503777576307041,0.8928571428571429,0.5921855921855922,0.7120833945088827,0.8604565537555229,0.5990771597026403,0.7063623998790993
7,0.07,0.922386895475819,0.635752688172043,0.7527052832590706,0.9322593969434119,0.6168352008745559,0.7424342105263158,0.9087154068566708,0.5705394190871369,0.7009718018161541,0.8748451053283767,0.5788466794206067,0.6967105263157893
8,0.08,0.9363279546445704,0.6127283105022832,0.740727962739348,0.9358918447448757,0.6229317851959362,0.7479958173579645,0.904055822067161,0.569349079923098,0.698685540950455,0.875708678587004,0.5827045850261172,0.6997734797002961
9,0.09,0.9538834951456311,0.5932971014492754,0.7315711094564409,0.9514563106796117,0.6025207500768521,0.7378129117259553,0.9018798716185236,0.5708067324434126,0.6991291985071973,0.8805825242718447,0.5576391023670458,0.6828533785055524
10,0.1,0.9520686175580222,0.6011468620579803,0.7369654364381957,0.9505549949545913,0.6116883116883117,0.7443698143026471,0.9132189707366297,0.5536861425512389,0.6893924966673015,0.8698284561049445,0.5619295958279009,0.6827722772277227
