,filter_abundance,precision_by_num_reads,recall_by_num_reads,F1_by_num_reads,precision_by_nts,recall_by_nts,F1_by_nts,precision_by_mean_cov,recall_by_mean_cov,F1_by_mean_cov,precision_by_med_cov,recall_by_med_cov,F1_by_med_cov
0,0.0,0.7266970336629264,0.7496848137535816,0.7380119598330137,0.7320297744695033,0.7310551425718407,0.7315421338958588,0.7320297744695033,0.7310551425718407,0.7315421338958588,0.6864792800799911,0.8009073233959818,0.7392916965781288
1,0.01,0.7857142857142857,0.710534793814433,0.7462358315005921,0.7844674029212683,0.71563210919727,0.7484704282800817,0.7769861061631635,0.6937022900763359,0.7329860527642413,0.7838235294117647,0.6673224825612591,0.7208965317360642
2,0.02,0.858897182759451,0.6536558548653106,0.7423517169614984,0.8601011317120154,0.6612365790447983,0.7476713762428049,0.8434866361666266,0.6325388226796678,0.7229388092044164,0.7970142065976402,0.6608105410261529,0.7225496616459287
3,0.03,0.8717948717948718,0.6526571024449384,0.7464756182112318,0.8701754385964913,0.6594395581918593,0.7502909006283454,0.8520917678812415,0.6263888888888889,0.7220125786163522,0.8410655492367555,0.6107367963486199,0.7076303198186855
4,0.04,0.885064351990422,0.6484649122807018,0.7485128464751297,0.8841664172403472,0.6567363272565585,0.7536675596377089,0.8877984952567877,0.5826534993559468,0.7035644847699287,0.8429833169774289,0.6045038705137228,0.7040983606557378
5,0.05,0.9196872778962332,0.6102334355104928,0.7336640680368532,0.9189765458422174,0.6189564384873145,0.7397025171624715,0.8948116560056859,0.5796500920810314,0.7035484772282761,0.8619502868068833,0.5671867136386513,0.6841705873425407
6,0.06,0.9212237093690249,0.6071068548387096,0.7318851587422147,0.9219885277246654,0.6169396110542477,0.7392304154530124,0.8956022944550669,0.5740196078431372,0.6996265870052278,0.8543021032504781,0.5823774765380605,0.6926057975507672
7,0.07,0.9288925214548427,0.6092200482444385,0.7358368404014245,0.9264405394360441,0.6175429038409153,0.7410918600849952,0.911993097497843,0.5488058151609554,0.6852512155591572,0.868421052631579,0.5615062761506276,0.6820260884296122
8,0.08,0.9365586490187129,0.5822928490351873,0.7181102362204724,0.9365586490187129,0.5925498123014727,0.7258577997877609,0.9073482428115016,0.5446575342465754,0.6807053586714604,0.863076220903697,0.5583111898435194,0.6780207959842237
9,0.09,0.9343312409464027,0.5800359712230215,0.715738857037174,0.9323998068565911,0.5892584681110772,0.7221391174270755,0.9068083051665862,0.5415224913494809,0.6781007402058133,0.8685685175751401,0.5344827586206896,0.6617504366388511
10,0.1,0.9468085106382979,0.5616913852950458,0.7050901168548228,0.9446808510638298,0.5710610932475885,0.7118236472945891,0.9159574468085107,0.5216601029990912,0.6647365373480023,0.8632978723404255,0.5347611202635915,0.6604272634791455
