,filter_abundance,precision_by_num_reads,recall_by_num_reads,F1_by_num_reads,precision_by_nts,recall_by_nts,F1_by_nts,precision_by_mean_cov,recall_by_mean_cov,F1_by_mean_cov,precision_by_med_cov,recall_by_med_cov,F1_by_med_cov
0,0.0,0.6330777656078861,0.2659917165209388,0.37459494491250805,0.7765607886089814,0.1898768077129084,0.3051431030772542,0.7765607886089814,0.1898768077129084,0.3051431030772542,0.00547645125958379,0.05952380952380952,0.010030090270812437
1,0.01,0.6330777656078861,0.2659917165209388,0.37459494491250805,0.7568455640744798,0.20240187463386058,0.3193898775132887,0.7360350492880613,0.1985228951255539,0.3127035830618892,0.0,0.0,0.0
2,0.02,0.6330777656078861,0.2659917165209388,0.37459494491250805,0.7426067907995619,0.20727606236624885,0.3240917782026768,0.7119386637458927,0.20293474867311895,0.31584062196307094,0.0,0.0,0.0
3,0.03,0.6330777656078861,0.2659917165209388,0.37459494491250805,0.6308871851040526,0.270931326434619,0.3790720631786772,0.6922234392113911,0.20714519829564076,0.3188698284561049,0.0,0.0,0.0
4,0.04,0.6330777656078861,0.2659917165209388,0.37459494491250805,0.6308871851040526,0.270931326434619,0.3790720631786772,0.6779846659364732,0.21234991423670668,0.3234064785788924,0.0,0.0,0.0
5,0.05,0.6330777656078861,0.2659917165209388,0.37459494491250805,0.6308871851040526,0.270931326434619,0.3790720631786772,0.6681270536692223,0.2184813753581662,0.3292847503373819,0.0,0.0,0.0
6,0.06,0.6330777656078861,0.2659917165209388,0.37459494491250805,0.6308871851040526,0.270931326434619,0.3790720631786772,0.656078860898138,0.22359089212392683,0.33351893095768376,0.0,0.0,0.0
7,0.07,0.6330777656078861,0.2659917165209388,0.37459494491250805,0.6308871851040526,0.270931326434619,0.3790720631786772,0.6451259583789705,0.2289156626506024,0.3379231210556512,0.0,0.0,0.0
8,0.08,0.6330777656078861,0.2659917165209388,0.37459494491250805,0.6308871851040526,0.270931326434619,0.3790720631786772,0.624315443592552,0.23030303030303031,0.3364817001180638,0.0,0.0,0.0
9,0.09,0.6330777656078861,0.2659917165209388,0.37459494491250805,0.6308871851040526,0.270931326434619,0.3790720631786772,0.6188389923329682,0.23669878508588185,0.3424242424242424,0.0,0.0,0.0
10,0.1,0.6330777656078861,0.2659917165209388,0.37459494491250805,0.6308871851040526,0.270931326434619,0.3790720631786772,0.6056955093099672,0.2405393649412788,0.34433374844333753,0.0,0.0,0.0
