,filter_abundance,precision_by_num_reads,recall_by_num_reads,F1_by_num_reads,precision_by_nts,recall_by_nts,F1_by_nts,precision_by_mean_cov,recall_by_mean_cov,F1_by_mean_cov,precision_by_med_cov,recall_by_med_cov,F1_by_med_cov
0,0.0,0.9969061533172912,0.6797140513301301,0.8083060413908439,0.998281196287384,0.654570043953567,0.7906881764345517,0.998281196287384,0.654570043953567,0.7906881764345517,0.9305603300103128,0.7680522059866648,0.8415326027823113
1,0.01,0.9162942591955998,0.8612277867528272,0.8879080612924716,0.9137160536266759,0.8657980456026059,0.8891118916206724,0.9083877621175662,0.8429027113237639,0.8744209133024486,0.8092127878996218,0.8644876973925817,0.8359374999999999
2,0.02,0.8489171536610519,0.9105825958702065,0.8786692759295499,0.8465108284633894,0.9132208418320045,0.8786013736508788,0.8392918528704022,0.8838009049773755,0.8609715242881073,0.7507734616706772,0.8892508143322475,0.8141658900279589
3,0.03,0.9188118811881189,0.844831074246409,0.8802698145025295,0.9144114411441144,0.8511161171411018,0.8816291896478574,0.8946094609460946,0.8085106382978723,0.8493837476498851,0.8105610561056106,0.8163084422778639,0.8134245970412894
4,0.04,0.8803080308030803,0.8797273526824978,0.8800175959529307,0.8767876787678768,0.8873302159875306,0.8820274457724655,0.8585258525852585,0.8391397849462365,0.848722131593257,0.7370737073707371,0.8513341804320204,0.7900943396226415
5,0.05,0.8415841584158416,0.9034010392064242,0.8713976534912861,0.8356435643564356,0.9105730040757612,0.8715006883891694,0.8215621562156216,0.8607653296449977,0.8407069683665429,0.8086886130599028,0.7700411099691675,0.7888918136351671
6,0.06,0.8990825688073395,0.8407771889982336,0.8689529273699309,0.8974635725849973,0.8526018969495002,0.8744577362955174,0.8683216405828387,0.789887088856161,0.8272493573264782,0.755261737722612,0.8013169195533925,0.7776080011112654
7,0.07,0.8704803022126282,0.8662728249194415,0.868371467025572,0.8675121424716675,0.8769776322967813,0.8722192078133479,0.843497031840259,0.8125812321289316,0.8277505626903217,0.7293577981651376,0.8148929755803437,0.7697565143101238
8,0.08,0.8453858607663248,0.8910693970420933,0.8676266962060372,0.8381003777657852,0.8984668787966444,0.8672343989948347,0.8181327576902321,0.8320526893523601,0.8250340136054424,0.7608214849921011,0.7615433270082227,0.7611822348664454
9,0.09,0.8928909952606635,0.8481392557022809,0.8699399722949052,0.8884676145339653,0.8594132029339854,0.8736989280720833,0.8511848341232228,0.7781629116117851,0.8130375735626981,0.7377567140600316,0.7772969374167776,0.7570108607553898
10,0.1,0.8666666666666667,0.8672146696174517,0.8669405815423515,0.8631911532385466,0.8798711755233495,0.8714513556618819,0.8300157977883096,0.7972685887708649,0.813312693498452,0.7140600315955766,0.7966161438138879,0.753082305898034
