,filter_abundance,precision_by_num_reads,recall_by_num_reads,F1_by_num_reads,precision_by_nts,recall_by_nts,F1_by_nts,precision_by_mean_cov,recall_by_mean_cov,F1_by_mean_cov,precision_by_med_cov,recall_by_med_cov,F1_by_med_cov
0,0.0,0.9894845971563981,0.7494111048794168,0.8528754707346652,0.9900770142180095,0.7316405822480027,0.8414626471143559,0.9900770142180095,0.7315605165244036,0.8414096916299559,0.965047393364929,0.8030564456494947,0.8766312390690165
1,0.01,0.8553021327014217,0.9408602150537635,0.8960434445306438,0.8518957345971564,0.94543063773833,0.8962293549392334,0.8481931279620853,0.9213320463320464,0.8832510795805057,0.8173874407582938,0.9243007871378328,0.867562681757447
2,0.02,0.8927070005483458,0.9111940298507463,0.9018557843227774,0.8895997075488942,0.9167451497457149,0.9029684601113174,0.8797294827271066,0.8824715804913825,0.8810983981693363,0.8431730944982636,0.8864335126825519,0.8642622950819673
3,0.03,0.9144555296115474,0.8886138613861386,0.9013495135474423,0.912332838038633,0.8974733764877845,0.9048421052631578,0.8938654213542773,0.8513950667205823,0.872113492803148,0.8596900870303545,0.8598726114649682,0.8597813395605562
4,0.04,0.8717894289959669,0.9233363309352518,0.896822797248608,0.865633623434515,0.9291410344041923,0.8962637362637362,0.8526852048397368,0.8801489921121823,0.8661994609164421,0.8098068350668648,0.8816732146984053,0.8442133215313122
5,0.05,0.889393215480172,0.9023267086766844,0.895813282001925,0.8836598184424271,0.9097393015248402,0.8965099369849734,0.8614429049211658,0.847672778561354,0.8545023696682466,0.8158146201624462,0.8446697996537225,0.8299914934986026
6,0.06,0.8540372670807453,0.9276076803321225,0.8893034825870647,0.8475871954132824,0.9351607801792303,0.8892230576441104,0.8308647873865265,0.8727728983688833,0.8513033900379391,0.8357889097240825,0.8199737187910644,0.8278057840275935
7,0.07,0.8818644521832306,0.9098949695964621,0.895660454359951,0.8730243771765336,0.9154494382022472,0.893733717263129,0.8491829627645325,0.8455588156841825,0.8473670141673348,0.8020358960621484,0.847678369195923,0.8242257398485892
8,0.08,0.8950781019746537,0.8903547346819115,0.8927101704879482,0.8903625110521662,0.9004470938897169,0.8953764078245408,0.8603006189213086,0.8245762711864407,0.8420597144093466,0.8166814028882995,0.822987822987823,0.8198224852071008
9,0.09,0.8679634541703507,0.9126123334366284,0.889728096676737,0.8617742410845859,0.9221065909807632,0.890920170627666,0.8320070733863837,0.841932597673725,0.8369404091313372,0.789861479516652,0.8403888366259016,0.8143421452446067
10,0.1,0.8868107062237988,0.8986928104575164,0.8927122220418763,0.8839084166397936,0.9124500665778962,0.8979524979524979,0.8442437923250564,0.8219780219780219,0.8329621380846324,0.800709448564979,0.8210978835978836,0.8107755102040817
