,filter_abundance,precision_by_num_reads,recall_by_num_reads,F1_by_num_reads,precision_by_nts,recall_by_nts,F1_by_nts,precision_by_mean_cov,recall_by_mean_cov,F1_by_mean_cov,precision_by_med_cov,recall_by_med_cov,F1_by_med_cov
0,0.0,0.9345088161209067,0.20634037819799778,0.3380410022779043,0.9924433249370277,0.15527093596059113,0.26852956210598056,0.9924433249370277,0.15527093596059113,0.26852956210598056,0.012594458438287154,0.07092198581560284,0.021390374331550804
1,0.01,0.9345088161209067,0.20634037819799778,0.3380410022779043,0.9332493702770781,0.20979614949037373,0.3425797503467406,0.9659949622166247,0.1711289602855868,0.2907505686125853,0.0,0.0,0.0
2,0.02,0.9345088161209067,0.20634037819799778,0.3380410022779043,0.9332493702770781,0.20979614949037373,0.3425797503467406,0.9445843828715366,0.18037518037518038,0.302907915993538,0.0,0.0,0.0
3,0.03,0.9345088161209067,0.20634037819799778,0.3380410022779043,0.9332493702770781,0.20979614949037373,0.3425797503467406,0.9345088161209067,0.19054956343091936,0.3165529010238907,0.0,0.0,0.0
4,0.04,0.9345088161209067,0.20634037819799778,0.3380410022779043,0.9332493702770781,0.20979614949037373,0.3425797503467406,0.9193954659949622,0.1989100817438692,0.3270609318996416,0.0,0.0,0.0
5,0.05,0.8652392947103275,0.2473002159827214,0.38465845464725645,0.929471032745592,0.21329479768786128,0.3469675599435825,0.9055415617128464,0.20684695051783658,0.336768149882904,0.0,0.0,0.0
6,0.06,0.8652392947103275,0.2473002159827214,0.38465845464725645,0.9206549118387909,0.22395833333333334,0.3602759980285855,0.8866498740554156,0.21313957008779896,0.34366609714425184,0.0,0.0,0.0
7,0.07,0.8652392947103275,0.2473002159827214,0.38465845464725645,0.8589420654911839,0.25334323922734026,0.3912794033275961,0.8740554156171285,0.22052748649507467,0.3521948743973611,0.0,0.0,0.0
8,0.08,0.8652392947103275,0.2473002159827214,0.38465845464725645,0.8589420654911839,0.25334323922734026,0.3912794033275961,0.8513853904282116,0.22480877951446623,0.35569586950802423,0.0,0.0,0.0
9,0.09,0.8652392947103275,0.2473002159827214,0.38465845464725645,0.8589420654911839,0.25334323922734026,0.3912794033275961,0.8375314861460957,0.2310632383599722,0.3622004357298475,0.0,0.0,0.0
10,0.1,0.7896725440806045,0.28041144901610016,0.4138613861386138,0.8589420654911839,0.25334323922734026,0.3912794033275961,0.8198992443324937,0.23604060913705585,0.3665540540540541,0.0,0.0,0.0
