,filter_abundance,precision_by_num_reads,recall_by_num_reads,F1_by_num_reads,precision_by_nts,recall_by_nts,F1_by_nts,precision_by_mean_cov,recall_by_mean_cov,F1_by_mean_cov,precision_by_med_cov,recall_by_med_cov,F1_by_med_cov
0,0.0,0.9949847752104604,0.6503922257346915,0.7866043613707167,0.9982088482894501,0.6228207420652659,0.7670497556947216,0.9982088482894501,0.6228207420652659,0.7670497556947216,0.8819631022747627,0.7568398401475561,0.8146248655802797
1,0.01,0.9258463191832348,0.825455126157777,0.8727733220768256,0.92387605230163,0.8283282479524651,0.8734970364098222,0.9158158696041555,0.802668759811617,0.8555174433196687,0.7820168368260791,0.8242401359259959,0.8025735294117646
2,0.02,0.8644098155113739,0.8798541476754785,0.872063606794362,0.862618663800824,0.8841564163759867,0.873254759746147,0.8529464445638546,0.850053552302749,0.8514975413500223,0.6978327064302347,0.8562637362637363,0.7689726635744597
3,0.03,0.8121081855633172,0.908981555733761,0.8578185602119005,0.8056600394053376,0.9127435064935064,0.8558652839882028,0.799928353931578,0.877924120306664,0.8371134020618557,0.7542209358417752,0.7848895582329317,0.7692496924969249
4,0.04,0.9054510371442354,0.818935427574171,0.8600229095074455,0.9030390738060782,0.8275862068965517,0.8636678200692042,0.8830197780993729,0.7804306118098486,0.8285617290935839,0.7537385431741438,0.7849786485807586,0.7690414667158854
5,0.05,0.8779546550892426,0.8556652562294311,0.8666666666666667,0.8707187650747709,0.8605482717520858,0.8656036446469249,0.8535938253738543,0.8092842442259318,0.8308486911609343,0.6965750120598166,0.8119201574360416,0.7498377255614695
6,0.06,0.844187168355041,0.8798391151332328,0.8616445100935499,0.8367100820067535,0.8856267551697727,0.860473769068585,0.8244090689821515,0.8330489885449671,0.8287065098799854,0.6521948866377231,0.837410963146485,0.7332881355932204
7,0.07,0.8104196816208393,0.9000803643182427,0.8529001142276939,0.8027013989387362,0.9053318824809575,0.8509332651495782,0.796671490593343,0.8541505042668736,0.824410333208536,0.6521948866377231,0.837410963146485,0.7332881355932204
8,0.08,0.8862876254180602,0.827419812659665,0.855842630651791,0.8795986622073578,0.834920634920635,0.8566775244299674,0.8607479477044695,0.7745554035567715,0.8153801843317972,0.7026451809060504,0.775503355704698,0.7372786728345828
9,0.09,0.8631802979629066,0.8512743628185907,0.8571859903381642,0.8574034660991183,0.8600182982616651,0.8587088915956151,0.8382487078139252,0.7956709956709956,0.8164050932780575,0.6679841897233202,0.7945750452079566,0.7258011232243144
10,0.1,0.8373365764670112,0.8706923806512804,0.8536887786732795,0.8333840072970508,0.8813504823151126,0.8566963588060634,0.8166615992702949,0.8151745068285281,0.81591737545565,0.6982443306510607,0.7407838571982925,0.7188853323291282
