,filter_abundance,precision_by_num_reads,recall_by_num_reads,F1_by_num_reads,precision_by_nts,recall_by_nts,F1_by_nts,precision_by_mean_cov,recall_by_mean_cov,F1_by_mean_cov,precision_by_med_cov,recall_by_med_cov,F1_by_med_cov
0,0.0,0.9931466030989273,0.7456375838926175,0.8517761308458982,0.9937425506555423,0.7260259061717644,0.8390464809107492,0.9937425506555423,0.7259468872442316,0.8389937106918238,0.9679678188319428,0.7987460044258667,0.8752525932911221
1,0.01,0.8703814064362336,0.9338235294117647,0.9009870450339297,0.8656138259833135,0.9355877616747182,0.8992416034669557,0.8630810488676997,0.9148768161718257,0.8882244710211591,0.9073734409391049,0.8364896854920527,0.87049093788492
2,0.02,0.9108584005869406,0.9034018555575769,0.9071148050050233,0.9079236977256053,0.9089239809034153,0.9084235639566892,0.8936170212765957,0.8748428802298438,0.8841302967062882,0.8413426265590609,0.8785673242673817,0.8595521409163309
3,0.03,0.9345071934721924,0.8731942215088283,0.9028109117311484,0.9302125832080739,0.879415347137637,0.9041010122091203,0.903371269057333,0.8309302784910132,0.8656378600823044,0.8602104359029418,0.8424815983175604,0.8512537186570335
4,0.04,0.8907021687781834,0.9050840061095352,0.897835497835498,0.8883401331329182,0.9144562334217506,0.9012090186254221,0.8672965428387374,0.8641420624732563,0.8657164291072768,0.8127549924844321,0.8679202017885806,0.8394322466178754
5,0.05,0.9091349648655197,0.8824082784571966,0.8955722639933166,0.9028349890961958,0.8888358778625954,0.8957807428777499,0.8747274048945965,0.8281715989905942,0.8508131039358945,0.8335352556336322,0.8295153122739329,0.8315204254290549
6,0.06,0.8720620305306518,0.9060926485397784,0.8887516977404618,0.8664889750424036,0.913876820853565,0.8895522388059701,0.8463775139326387,0.8536168132942327,0.8499817496045748,0.7916161860915919,0.8498959417273674,0.8197214904027099
7,0.07,0.8935589519650655,0.8777479892761394,0.8855829050581554,0.8916484716157205,0.8894636536890825,0.8905547226386807,0.8608078602620087,0.8170984455958549,0.8383838383838382,0.8160480349344978,0.8180574555403557,0.8170515097690941
8,0.08,0.8676310043668122,0.9033816425120773,0.8851454823889741,0.8608078602620087,0.9115606936416185,0.8854576080853451,0.8356986899563319,0.8384446878422782,0.8370694368507382,0.7805676855895196,0.8411764705882353,0.8097395243488109
9,0.09,0.8931921331316187,0.8867527786121958,0.889960807958999,0.8871406959152799,0.8960880195599022,0.8915919112057169,0.8547655068078669,0.8155311778290993,0.8346875461663467,0.8063540090771558,0.8162327718223583,0.8112633181126331
10,0.1,0.8677760968229955,0.9078822412155746,0.8873762376237625,0.8623298033282905,0.9184660006445375,0.8895131086142322,0.8332829046898639,0.8365735115431349,0.834924965893588,0.7827534039334342,0.8296985246953175,0.8055425813482796
