,filter_abundance,precision_by_num_reads,recall_by_num_reads,F1_by_num_reads,precision_by_nts,recall_by_nts,F1_by_nts,precision_by_mean_cov,recall_by_mean_cov,F1_by_mean_cov,precision_by_med_cov,recall_by_med_cov,F1_by_med_cov
0,0.0,0.997000599880024,0.7470502303629621,0.8541144729234919,0.9983503299340132,0.7265880812049771,0.8410612760581174,0.9983503299340132,0.7265880812049771,0.8410612760581174,0.9784043191361728,0.794640682095006,0.8769995967199893
1,0.01,0.8722255548890222,0.9323501122154537,0.9012862234619559,0.8692261547690462,0.9363489499192246,0.9015398973401774,0.8668266346730654,0.9122474747474747,0.8889572439249461,0.9093738557305017,0.8303243062520896,0.8680531282768262
2,0.02,0.9040644452581472,0.9007661437431594,0.9024122807017545,0.9033321127792018,0.9098285082057902,0.9065686724850712,0.8906993775173929,0.8709273182957393,0.8807023895727734,0.8614060783595753,0.8700073964497042,0.8656853725850966
3,0.03,0.9259966072943172,0.8807987091569182,0.902832334091379,0.9221798134011875,0.8870079543136855,0.9042520012475309,0.9009754028837998,0.8369115619460311,0.8677626876340243,0.8753180661577609,0.8421052631578947,0.8583905177791641
4,0.04,0.8850720949957591,0.9137478108581436,0.8991813873330461,0.8804071246819338,0.9216426193118757,0.9005530853486607,0.8645038167938931,0.8700384122919335,0.8672622846202935,0.8354537743850721,0.8695652173913043,0.8521682707905266
5,0.05,0.9098774333093006,0.8920829406220546,0.9008923259964305,0.9021869742850276,0.8980861244019138,0.900131878671622,0.8815188656572939,0.8391672386181652,0.8598218471636194,0.8469118000480653,0.8394473558837542,0.8431630577820313
6,0.06,0.8738284066330209,0.9165616334761785,0.8946850393700788,0.8668589281422735,0.9241609018703562,0.894593253968254,0.8505167027156934,0.8623294346978557,0.8563823351482154,0.8147080028839221,0.8614993646759848,0.8374505928853756
7,0.07,0.8996502555824589,0.8969957081545065,0.8983210208193417,0.8918482647296206,0.9045020463847203,0.8981305879165538,0.8622545063223029,0.8277376033057852,0.8446435630517856,0.8235135862254507,0.8299891540130152,0.8267386900742741
8,0.08,0.8668280871670703,0.9161216946261018,0.8907934752557368,0.8601022329835889,0.9253256150506513,0.8915225878416062,0.8356201237557169,0.847707423580786,0.8416203766427313,0.7984934086629002,0.8436611711199545,0.8204561161022806
9,0.09,0.89150521609538,0.8984680084109342,0.8949730700179533,0.8852459016393442,0.908812729498164,0.8968745281594444,0.8488822652757079,0.8193325661680092,0.8338457034109208,0.8092399403874814,0.8148259303721489,0.8120233288470167
10,0.1,0.8622950819672132,0.9157961380183602,0.8882407123119435,0.8530551415797317,0.9235237173281704,0.8868918500154943,0.8259314456035768,0.838934302149561,0.8323820967257435,0.7845007451564828,0.8339670468948035,0.8084779603747503
