,filter_abundance,precision_by_num_reads,recall_by_num_reads,F1_by_num_reads,precision_by_nts,recall_by_nts,F1_by_nts,precision_by_mean_cov,recall_by_mean_cov,F1_by_mean_cov,precision_by_med_cov,recall_by_med_cov,F1_by_med_cov
0,0.0,0.9964473016410083,0.6916392672616252,0.8165245719830871,0.9979698866520047,0.6670058796924468,0.7995933581836666,0.9979698866520047,0.6670058796924468,0.7995933581836666,0.9316528506174928,0.7766182484839937,0.8471004460852175
1,0.01,0.9096599560142108,0.8728896103896104,0.8908955347527131,0.9106750126882084,0.875569290826285,0.892777178870553,0.9022162070715615,0.8486632718014003,0.8746207462074621,0.7980037218744713,0.8694930875576037,0.8322159491884262
2,0.02,0.8470647944510236,0.9202352508730013,0.8821353065539113,0.8416511588563694,0.9228343535522167,0.8803751548398514,0.8358991710370496,0.8931670281995662,0.8635847242855894,0.7475892403992557,0.895259319286872,0.8147874988476076
3,0.03,0.9167954094018981,0.8403803358284443,0.8769263246780662,0.9143676892518208,0.8484538193733361,0.8801784576163162,0.8986978591922313,0.809220985691574,0.8516156017985987,0.8163760759214301,0.8143989431968296,0.8153863110327345
4,0.04,0.8817038181416905,0.8776362038664324,0.8796653088186721,0.8748620613551092,0.8826541972834558,0.8787408556861007,0.8622820569410726,0.8396733290350311,0.850827526132404,0.777311851688369,0.838970938542163,0.8069652881200595
5,0.05,0.8408739792540278,0.9009222038306929,0.8698630136986302,0.8377841536084749,0.9105301031422404,0.8726436781609195,0.8247627455307879,0.8604651162790697,0.8422357448726616,0.8144081414033209,0.7765577119509703,0.7950326797385621
6,0.06,0.9065345474022496,0.8560950935761255,0.8805931321540064,0.901981788966256,0.864476386036961,0.8828309305373525,0.8752008569898232,0.8009803921568628,0.8364474020987971,0.7785216925549009,0.8030386740331492,0.7905901550176775
7,0.07,0.8778789501874665,0.8816568047337278,0.8797638217928073,0.8730583824317086,0.8909538125170812,0.8819153253077234,0.8470808784145688,0.8215584415584416,0.8341244725738397,0.7461167648634173,0.8198940553266627,0.7812675266404935
8,0.08,0.8484199250133905,0.903593839132915,0.8751381215469612,0.8446705945366899,0.9139379889886989,0.8779401530967292,0.8205677557579004,0.8408342480790341,0.8305773922472216,0.7899427116486314,0.7768388106416275,0.7833359633896164
9,0.09,0.9003819223424571,0.8518518518518519,0.8754448398576514,0.8959261616804584,0.862703034017775,0.8790007806401248,0.8682367918523234,0.7886672448684591,0.8265414331161944,0.7507956715467855,0.8004750593824228,0.7748398751847594
10,0.1,0.8781031190324634,0.8750396447827465,0.8765687053216837,0.8717377466581795,0.8846899224806202,0.8781660788714332,0.8456397199236155,0.807353388027955,0.8260531633763407,0.7269255251432208,0.8119445431923213,0.7670864819479429
