,filter_abundance,precision_by_num_reads,recall_by_num_reads,F1_by_num_reads,precision_by_nts,recall_by_nts,F1_by_nts,precision_by_mean_cov,recall_by_mean_cov,F1_by_mean_cov,precision_by_med_cov,recall_by_med_cov,F1_by_med_cov
0,0.0,0.7234799482535575,0.7619209809264306,0.7422030524220306,0.7297326433807676,0.7445006599208095,0.7370426829268293,0.7297326433807676,0.7445006599208095,0.7370426829268293,0.696313065976714,0.8009672619047619,0.7449826989619377
1,0.01,0.7793588205040288,0.7339360671617694,0.7559657437432443,0.7781587519286817,0.73876953125,0.7579527427569509,0.770101148637065,0.7160848079069027,0.7421113497439287,0.7484999142808161,0.7325503355704698,0.7404392436190961
2,0.02,0.8440786465477823,0.6790509472135369,0.7526246050351646,0.8447645176040238,0.6864202117778191,0.7574049400430461,0.83013260173754,0.6561257679797615,0.7329430763019782,0.8136716963877457,0.6637448713166729,0.7311010682004931
3,0.03,0.885530366638679,0.6416548367471101,0.7441204139228598,0.8846907360761265,0.6489427222336276,0.7486972998578872,0.8692975090959978,0.6174950298210735,0.7220736952225968,0.8505457598656591,0.6228735396597663,0.7191197349739706
4,0.04,0.8977342314758114,0.6460996033494931,0.7514095335725269,0.8971218616044091,0.6540178571428571,0.7565194939323522,0.8738518064911206,0.614159672907252,0.7213446227726525,0.8733091388980534,0.5963054742059022,0.7087014725568942
5,0.05,0.9256756756756757,0.6165324490762671,0.7401194199601933,0.9253200568990043,0.6256311613368598,0.7465213025390905,0.9011379800853485,0.584409594095941,0.7090095131505316,0.8755334281650071,0.6013678553981436,0.7130031856356791
6,0.06,0.933737220749716,0.6244618890858445,0.7484066767830047,0.933737220749716,0.6344224337535375,0.7555147058823529,0.9102612646724726,0.5903732809430255,0.7162222553254879,0.8826202196137827,0.5954022988505747,0.711104331909701
7,0.07,0.9341945902301171,0.6233836206896551,0.7477783163677493,0.9337908760597498,0.6336986301369864,0.7550187693814265,0.9206484641638225,0.5618328560270763,0.6978172999191593,0.8967576791808873,0.5671883432271991,0.6948760330578512
8,0.08,0.9440966010733453,0.6026263202968883,0.7356682348841261,0.9427549194991055,0.6124346310284718,0.7425149700598803,0.9136851520572451,0.5617266978278801,0.695726204665418,0.8886404293381037,0.5691778859925523,0.6939060590186834
9,0.09,0.9488188976377953,0.5814234016887817,0.7210172026925954,0.9388523047977423,0.6130221130221131,0.7417316982534375,0.9106302916274694,0.5611594202898551,0.6944045911047345,0.8882874015748031,0.5511450381679389,0.6802336536649708
10,0.1,0.9487442337262942,0.5881792183031459,0.7261671243624951,0.9492567913890313,0.5997409326424871,0.735066481444731,0.9133777549974372,0.5429616087751371,0.6810624880565642,0.8856996412096361,0.5490943755958055,0.6779129070223616
