,filter_abundance,precision_by_num_reads,recall_by_num_reads,F1_by_num_reads,precision_by_nts,recall_by_nts,F1_by_nts,precision_by_mean_cov,recall_by_mean_cov,F1_by_mean_cov,precision_by_med_cov,recall_by_med_cov,F1_by_med_cov
0,0.0,0.9967110957244244,0.672270869819031,0.8029563519732255,0.998788298424788,0.6459919390953873,0.7845536746209804,0.998788298424788,0.6459919390953873,0.7845536746209804,0.931971611563095,0.7709049255441008,0.8438210171616645
1,0.01,0.9132767872598234,0.86435124508519,0.8881407288948743,0.9108533841093993,0.8677440633245382,0.8887762857866733,0.902371473082915,0.840942087433457,0.8705744822979291,0.799376839189891,0.8723082735171893,0.8342516484509078
2,0.02,0.8457676994980093,0.9134417648158535,0.8783030738809994,0.8397091916219491,0.9159743202416919,0.8761853156326199,0.8364202873463735,0.8877457284585707,0.8613190730837791,0.7408689631296521,0.8901830282861897,0.8086915446386396
3,0.03,0.9193948972680063,0.8435881499896416,0.8798617113223854,0.9180401896590652,0.8509836751778987,0.8832410122732702,0.8993000677353804,0.8067652420498278,0.8505231689088191,0.8078573041318582,0.8106026280018124,0.8092276376795206
4,0.04,0.8832693610295778,0.8814781433077963,0.8823728431261982,0.8783020997967939,0.8877225011410315,0.8829871751220066,0.8636261006999323,0.8393680052666228,0.8513242822167817,0.7696997064800181,0.8353344768439108,0.8011750881316099
5,0.05,0.8435312711673064,0.9074568860820986,0.8743271706061315,0.8396929329419733,0.9153334974157027,0.8758831841733397,0.8254685030480922,0.8612485276796231,0.842979017754208,0.7777473280350781,0.7925160569673275,0.7850622406639004
6,0.06,0.9013428336530557,0.8547297297297297,0.8774176337201547,0.8996985475472732,0.8662269129287599,0.882645516870547,0.8706494930117841,0.7986425339366516,0.8330929592238103,0.748972321183886,0.8109792284866468,0.7787434107422709
7,0.07,0.8733899698547547,0.8820924439523942,0.8777196364637843,0.8717456837489723,0.8942929434917065,0.8828753816264224,0.8416004384762948,0.8204648677531392,0.8308982683982683,0.7204713620169909,0.8241379310344827,0.7688258517327096
8,0.08,0.8435187722663744,0.9036993540810335,0.8725726435152374,0.8394080570019183,0.9135102892931702,0.8748928877463582,0.8133735269936969,0.8398415393322015,0.8263956564109705,0.7612085769980507,0.7799600532623169,0.7704702400526142
9,0.09,0.8960363872644574,0.8551937984496124,0.8751388227828018,0.8924626380766731,0.8668349637109498,0.8794621418280775,0.8541260558804419,0.785479533910965,0.818365758754864,0.7417153996101364,0.8010526315789473,0.7702429149797572
10,0.1,0.8713450292397661,0.8770438194898627,0.8741851368970013,0.8671215074723847,0.8887778887778888,0.87781614865976,0.8307342430149448,0.8040880503144654,0.8171939916906359,0.7166991552956465,0.8122238586156112,0.761477390403866
