,filter_abundance,precision_by_num_reads,recall_by_num_reads,F1_by_num_reads,precision_by_nts,recall_by_nts,F1_by_nts,precision_by_mean_cov,recall_by_mean_cov,F1_by_mean_cov,precision_by_med_cov,recall_by_med_cov,F1_by_med_cov
0,0.0,0.9898804047838087,0.7309782608695652,0.8409534974599453,0.9908003679852806,0.7119876597620097,0.8285677650980896,0.9908003679852806,0.7119876597620097,0.8285677650980896,0.9576816927322908,0.7960744328320163,0.8694320712694877
1,0.01,0.8704385157927016,0.9261011419249592,0.897407524502055,0.8672186445875498,0.9299572509043078,0.8974928594097112,0.8633854645814167,0.90603378921963,0.884195650467143,0.8092609628948175,0.9144144144144144,0.8586302261265658
2,0.02,0.9077837423312883,0.8857089412644968,0.8966104904374173,0.9054831288343558,0.8901243874858651,0.89773807260977,0.8932131901840491,0.8545487894350697,0.8734533183352082,0.8355061349693251,0.8719487795118047,0.8533385549246133
3,0.03,0.8531441717791411,0.9194214876033058,0.885043754972156,0.8506518404907976,0.9270789803593815,0.8872225554889022,0.84375,0.8903499898846854,0.8664238606162024,0.7962039877300614,0.8946574752261957,0.8425644146885779
4,0.04,0.8928571428571429,0.8946657663740716,0.8937605396290051,0.889937106918239,0.903122863004331,0.8964815024324019,0.8685983827493261,0.8476545374835598,0.8579986687375193,0.8070530098831986,0.8558837541686517,0.8307514450867053
5,0.05,0.8564690026954178,0.9245877788554802,0.8892257462686568,0.8488319856244384,0.9296432964329643,0.8874016672537277,0.8319856244384546,0.871324394260174,0.8512007353786051,0.8318287335568739,0.8143939393939394,0.8230190123771852
6,0.06,0.888057776631416,0.8935894108486894,0.8908150064683054,0.8834150116069126,0.9032172995780591,0.8932064154387795,0.8581377353623936,0.8350903614457831,0.8464571937412542,0.805261800361104,0.8376710491011538,0.8211467648605998
7,0.07,0.8591694609233944,0.9209289466408626,0.8889778489458234,0.8501418622646376,0.9261028378758078,0.886498117267348,0.8305390766056229,0.8591248665955176,0.8445901639344263,0.7776631416043333,0.8543496741286484,0.8142046988927897
8,0.08,0.8829817971684484,0.8961876832844575,0.8895357298792025,0.8766252528171049,0.9048613182224873,0.8905195186380981,0.8506212077434268,0.8321085358959864,0.8412630375767965,0.7957237792545507,0.8290186634557496,0.81203007518797
9,0.09,0.8552441490898585,0.9178294573643411,0.8854322464851929,0.847442935567755,0.9255285579047018,0.884766214177979,0.8217278243282289,0.8484486873508353,0.8348745046235139,0.8105769230769231,0.80209324452902,0.806312769010043
10,0.1,0.8775641025641026,0.8953564421190321,0.8863709938491422,0.8740384615384615,0.9080919080919081,0.8907398334149927,0.8371794871794872,0.8203517587939698,0.8286802030456852,0.7791666666666667,0.8201754385964912,0.7991452991452991
