,filter_abundance,precision_by_num_reads,recall_by_num_reads,F1_by_num_reads,precision_by_nts,recall_by_nts,F1_by_nts,precision_by_mean_cov,recall_by_mean_cov,F1_by_mean_cov,precision_by_med_cov,recall_by_med_cov,F1_by_med_cov
0,0.0,0.9922774296954685,0.7608088481733885,0.8612621727583154,0.9927145563164796,0.7456495567472913,0.8516250000000001,0.9927145563164796,0.7456495567472913,0.8516250000000001,0.9692554276555442,0.8020255606462503,0.8777462558553804
1,0.01,0.956359102244389,0.8497942386831275,0.8999329534026149,0.9543997149982187,0.8540006375518011,0.901413189771198,0.9415746348414678,0.8249063670411985,0.8793877890534021,0.9061275382971143,0.8402708952758506,0.8719574905725059
2,0.02,0.9043462771642323,0.9123090745732255,0.9083102245281331,0.9013181332383328,0.918497004901071,0.9098264856603434,0.8858211613822586,0.8804886685552408,0.8831468655656188,0.8567866049162808,0.8828928046989721,0.8696438257096365
3,0.03,0.9212533498247784,0.8842500989315394,0.9023725391216557,0.9179550608122037,0.8918485880232325,0.9047135310849249,0.8977530406101835,0.8467820338323936,0.871522913748249,0.8750773036487323,0.8467983243566727,0.8607055961070559
4,0.04,0.8802308802308803,0.91611242222699,0.8978132884777124,0.87569573283859,0.9238799478033928,0.89914276643031,0.8606472892187178,0.8772851439378021,0.8688865764828304,0.875,0.8272447183098591,0.8504524886877829
5,0.05,0.9031657355679702,0.8952468850946008,0.899188876013905,0.8975791433891993,0.9026217228464419,0.9000933706816059,0.8780260707635009,0.8487848784878488,0.8631578947368421,0.8382216014897579,0.8474935278889151,0.8428320655354008
6,0.06,0.8682495344506518,0.9200789343857918,0.8934131736526947,0.8621973929236499,0.9278557114228457,0.8938223938223937,0.882201646090535,0.821360153256705,0.8506944444444444,0.8459362139917695,0.8173459244532804,0.8313953488372093
7,0.07,0.8876028806584362,0.90648804833202,0.8969460688758936,0.8824588477366255,0.9156658660261543,0.8987557301899148,0.852366255144033,0.8404767943190464,0.8463797726982506,0.8194444444444444,0.8362204724409449,0.8277474668745128
8,0.08,0.9054092325120362,0.8892906815020862,0.8972775750771821,0.9003115264797508,0.8995472552348613,0.8999292285916491,0.8615123194562447,0.8142398286937902,0.8372093023255814,0.8269612007929765,0.810435747987788,0.8186150827025512
9,0.09,0.8796374964599264,0.9129923574368018,0.8960046156065197,0.8745397904276409,0.923168908819133,0.8981966259453171,0.8402718776550552,0.8364815336904426,0.8383724215880193,0.8009062588501841,0.8264172998246639,0.8134618150438658
10,0.1,0.8973643410852713,0.8965303593556382,0.8969471563613823,0.8917829457364341,0.9066834804539723,0.8991714866343598,0.8511627906976744,0.8135743924125667,0.8319442339748446,0.816124031007752,0.8105943948259933,0.8133498145859086
