,filter_abundance,precision_by_num_reads,recall_by_num_reads,F1_by_num_reads,precision_by_nts,recall_by_nts,F1_by_nts,precision_by_mean_cov,recall_by_mean_cov,F1_by_mean_cov,precision_by_med_cov,recall_by_med_cov,F1_by_med_cov
0,0.0,0.994612443517553,0.6749616700082557,0.804187451696761,0.9963503649635036,0.6456081081081081,0.7835178351783517,0.9963503649635036,0.6456081081081081,0.7835178351783517,0.8668752172401808,0.7834144809172294,0.8230344031020543
1,0.01,0.9144942648592284,0.8462528144097781,0.8790511192783161,0.913277719847063,0.8497736093143596,0.8803819735299044,0.9023288147375739,0.8250436993484824,0.8619573337760438,0.7662495655196385,0.8485373364126251,0.8052968036529681
2,0.02,0.8521028849496003,0.8968355588073897,0.8738971571161214,0.8500173792144595,0.9010685335298453,0.8747987837596138,0.843065693430657,0.8751578567562691,0.8588120740019475,0.6897810218978102,0.8899103139013453,0.7771685921284512
3,0.03,0.9315518049695265,0.8000805315079524,0.8608253005523666,0.9285044538209095,0.806064306064306,0.862962962962963,0.9050632911392406,0.7662234570351261,0.829876410531972,0.7437880918893577,0.8055343995938056,0.7734308348567948
4,0.04,0.8980309423347398,0.8375601224311325,0.8667420814479638,0.8935771214252227,0.8444838280903855,0.8683371298405467,0.8720112517580872,0.799140708915145,0.8339872211635466,0.6926863572433193,0.8274992999159899,0.754115095061886
5,0.05,0.8621659634317862,0.8668395003535234,0.8644964155599952,0.8598218471636193,0.8766730401529637,0.8681656804733728,0.840365682137834,0.8256563795485952,0.832946096654275,0.6926863572433193,0.8274992999159899,0.754115095061886
6,0.06,0.8258321612751992,0.8887487386478304,0.8561360874848115,0.8197374589779653,0.895289298515105,0.8558492413117964,0.8084857008907642,0.8455503799950969,0.826602756141402,0.7360583941605839,0.772838749233599,0.7540002990877822
7,0.07,0.9007299270072993,0.8286328229922106,0.8631785114717403,0.8992700729927007,0.8401527550463721,0.8687068114511353,0.8762043795620438,0.7798856548856549,0.8252440533479993,0.6928467153284672,0.7968435191403627,0.7412150554427612
8,0.08,0.8785401459854014,0.8570207917972088,0.8676470588235294,0.872992700729927,0.8654124457308249,0.8691860465116278,0.8531386861313869,0.8025267783575941,0.8270591565242004,0.6928467153284672,0.7968435191403627,0.7412150554427612
9,0.09,0.8554744525547445,0.881468110709988,0.8682767817454438,0.8502189781021898,0.8910648714810282,0.870162856715972,0.8286131386861314,0.8214182344428365,0.825,0.6548905109489052,0.8129757158390721,0.7254204398447608
10,0.1,0.828029197080292,0.8994608309546464,0.8622681666159926,0.8221897810218978,0.9086802194256212,0.8632740649908032,0.8020437956204379,0.8362252663622527,0.8187779433681073,0.6890201528839471,0.7727981293842556,0.7285084496693607
