,filter_abundance,precision_by_num_reads,recall_by_num_reads,F1_by_num_reads,precision_by_nts,recall_by_nts,F1_by_nts,precision_by_mean_cov,recall_by_mean_cov,F1_by_mean_cov,precision_by_med_cov,recall_by_med_cov,F1_by_med_cov
0,0.0,0.9922480620155039,0.7120799273387829,0.8291360962390112,0.9946211042556558,0.6908032084386331,0.8153287511347427,0.9946211042556558,0.6908032084386331,0.8153287511347427,0.944312608764436,0.7841565948502365,0.8568147563338837
1,0.01,0.8940041132732163,0.8974114657773543,0.8957045490569028,0.891156462585034,0.9025797147892965,0.8968317146951121,0.8875177978168012,0.8775222900046926,0.8824917413874468,0.7914886884986553,0.8990116801437557,0.8418307252229514
2,0.02,0.9333600963468487,0.842391304347826,0.8855456103599313,0.9307507025291047,0.8488010250777961,0.8878889420775491,0.9201124046567644,0.8156583629893238,0.8647425014148274,0.8542753914090727,0.8256062075654704,0.8396961625727534
3,0.03,0.8900040144520273,0.889468405215647,0.8897361292264473,0.8855881172219991,0.8932982385098198,0.8894264691059369,0.8739462063428342,0.8540604158493527,0.8638888888888889,0.788438378161381,0.8686421937195931,0.8265993265993267
4,0.04,0.8448414291449217,0.9171932882981042,0.8795319193396718,0.8400240867121638,0.9232296492389146,0.8796636889122439,0.8315937374548374,0.8813018506700702,0.8557265310337706,0.7599357687675632,0.8827232455117743,0.8167403732067737
5,0.05,0.8964937560038425,0.8760854259563483,0.8861721068249259,0.8902497598463016,0.8821989528795812,0.8862060721969878,0.8741594620557157,0.8306709265175719,0.851860519541306,0.8095581171950048,0.828459080855247,0.8188995505890926
6,0.06,0.8631123919308358,0.9034690799396682,0.8828297715549004,0.8561479346781941,0.9087433086923273,0.8816619265487821,0.8441402497598463,0.8548151750972762,0.8494441759304011,0.7596061479346782,0.8541722927356198,0.8041184695563748
7,0.07,0.903035413153457,0.8604713444027852,0.8812397147558968,0.8999437886453063,0.8698723173050802,0.8846525763226963,0.8754918493535694,0.8038709677419354,0.8381541773173684,0.7965148960089938,0.796962879640045,0.7967388248524038
8,0.08,0.8763350196739741,0.8842881452070335,0.8802936194240542,0.8712759977515458,0.8933717579250721,0.8821855435401252,0.849353569421023,0.8252321135991262,0.8371191135734073,0.768690275435638,0.8120546318289786,0.7897776494369044
9,0.09,0.8499156829679595,0.9056603773584906,0.8769030013049152,0.8445756042720629,0.9153213524215656,0.8785265312088876,0.8229342327150084,0.8438040345821326,0.8332384746727377,0.731309724564362,0.8313099041533546,0.7781100478468899
10,0.1,0.8985742060920285,0.874763406940063,0.8865089514066498,0.8937135450421257,0.8856775850995504,0.8896774193548389,0.8564484769928711,0.8016378525932666,0.8281372395425349,0.771548930654569,0.7884105960264901,0.7798886341303637
