,filter_abundance,precision_by_num_reads,recall_by_num_reads,F1_by_num_reads,precision_by_nts,recall_by_nts,F1_by_nts,precision_by_mean_cov,recall_by_mean_cov,F1_by_mean_cov,precision_by_med_cov,recall_by_med_cov,F1_by_med_cov
0,0.0,0.9292168674698795,0.18961278426551936,0.31495661051556917,0.9909638554216867,0.13731218697829717,0.24120234604105575,0.9909638554216867,0.13731218697829717,0.24120234604105575,0.018072289156626505,0.1016949152542373,0.030690537084398974
1,0.01,0.9292168674698795,0.18961278426551936,0.31495661051556917,0.9789156626506024,0.15015015015015015,0.26036451031444025,0.9743975903614458,0.15155774185992035,0.262315021285222,0.0,0.0,0.0
2,0.02,0.9292168674698795,0.18961278426551936,0.31495661051556917,0.9262048192771084,0.19230769230769232,0.31848783013982396,0.9623493975903614,0.1601102480581308,0.2745435016111708,0.0,0.0,0.0
3,0.03,0.9292168674698795,0.18961278426551936,0.31495661051556917,0.9262048192771084,0.19230769230769232,0.31848783013982396,0.9503012048192772,0.16777452805105025,0.28519774011299437,0.0,0.0,0.0
4,0.04,0.9292168674698795,0.18961278426551936,0.31495661051556917,0.9262048192771084,0.19230769230769232,0.31848783013982396,0.9307228915662651,0.17344934044344654,0.29240596167494676,0.0,0.0,0.0
5,0.05,0.9292168674698795,0.18961278426551936,0.31495661051556917,0.9262048192771084,0.19230769230769232,0.31848783013982396,0.9156626506024096,0.179456906729634,0.30009871668311944,0.0,0.0,0.0
6,0.06,0.9292168674698795,0.18961278426551936,0.31495661051556917,0.9262048192771084,0.19230769230769232,0.31848783013982396,0.9036144578313253,0.18581604211830288,0.30824556896994604,0.0,0.0,0.0
7,0.07,0.8403614457831325,0.23163138231631383,0.36316303286690527,0.9201807228915663,0.20078869536641472,0.32964661451308336,0.8945783132530121,0.1927319922128488,0.3171382808328884,0.0,0.0,0.0
8,0.08,0.8403614457831325,0.23163138231631383,0.36316303286690527,0.9021084337349398,0.20683701657458564,0.33651685393258424,0.8734939759036144,0.19674355495251017,0.3211517165005537,0.0,0.0,0.0
9,0.09,0.8403614457831325,0.23163138231631383,0.36316303286690527,0.8900602409638554,0.21297297297297296,0.3437045652806048,0.858433734939759,0.20176991150442478,0.32674118658641443,0.0,0.0,0.0
10,0.1,0.8403614457831325,0.23163138231631383,0.36316303286690527,0.8343373493975904,0.23807477438762356,0.3704446673353393,0.8478915662650602,0.20759587020648967,0.33353080568720384,0.0,0.0,0.0
