,filter_abundance,precision_by_num_reads,recall_by_num_reads,F1_by_num_reads,precision_by_nts,recall_by_nts,F1_by_nts,precision_by_mean_cov,recall_by_mean_cov,F1_by_mean_cov,precision_by_med_cov,recall_by_med_cov,F1_by_med_cov
0,0.0,0.9940688018979834,0.6066602316602316,0.7534841900194815,0.998220640569395,0.5763040748772971,0.7307330487010637,0.998220640569395,0.5762383017575896,0.7306801736613603,0.7825227362593911,0.7435656584632726,0.7625469607937578
1,0.01,0.9391063661526295,0.7607303010890455,0.8405591930631747,0.9385132463424278,0.7661394448030988,0.843611160476275,0.9298141557928035,0.7426180325280278,0.8257396189974541,0.6346381969157769,0.8170017816238229,0.7143651941693557
2,0.02,0.8867141162514828,0.8220307917888563,0.8531481833745481,0.8875049426650851,0.8267034990791897,0.8560259344012204,0.874654013444049,0.7924055167472684,0.8315007987971056,0.6346381969157769,0.8170017816238229,0.7143651941693557
3,0.03,0.8408461842625544,0.8562512583048117,0.8484788029925188,0.8380782918149466,0.862286411716843,0.8500100260677762,0.8285883748517201,0.8266272189349112,0.82760663507109,0.6606741573033708,0.7421899652887346,0.6990637539010254
4,0.04,0.8001186239620404,0.8847835592479231,0.8403239202657808,0.7953736654804271,0.8904382470119522,0.8402255639097744,0.7866745749308027,0.8503953836289806,0.8172948546780323,0.6606741573033708,0.7421899652887346,0.6990637539010254
5,0.05,0.9174157303370787,0.7688323917137476,0.836577868852459,0.9120786516853933,0.7751253282406302,0.8380436185314233,0.8960674157303371,0.7314836046778261,0.805453856836258,0.6606741573033708,0.7421899652887346,0.6990637539010254
6,0.06,0.8915730337078651,0.8001008318628686,0.8433638899960143,0.8873595505617977,0.8079283887468031,0.8457831325301204,0.8719101123595505,0.7587386946956735,0.8113972029800026,0.5912921348314607,0.7875046763935653,0.6754371891545002
7,0.07,0.8646067415730337,0.8318918918918919,0.8479338842975208,0.8620786516853932,0.8362397820163487,0.8489626556016597,0.8469101123595506,0.7818983402489627,0.8131067961165049,0.5912921348314607,0.7875046763935653,0.6754371891545002
8,0.08,0.8367977528089887,0.8499286733238232,0.8433121019108281,0.8328651685393258,0.8569364161849711,0.8447293447293447,0.8202247191011236,0.8008776741634668,0.810435747987788,0.6198743997044699,0.7134353741496599,0.6633722079462344
9,0.09,0.8103932584269663,0.8679302045728039,0.8381754793724578,0.8053370786516854,0.8756872327428222,0.8390400936494001,0.7941011235955057,0.8175245806824755,0.8056426332288401,0.6198743997044699,0.7134353741496599,0.6633722079462344
10,0.1,0.7839887640449438,0.8877226463104325,0.8326372315035798,0.7794943820224719,0.893719806763285,0.8327081770442611,0.7702247191011236,0.833941605839416,0.8008177570093459,0.6198743997044699,0.7134353741496599,0.6633722079462344
