,filter_abundance,precision_by_num_reads,recall_by_num_reads,F1_by_num_reads,precision_by_nts,recall_by_nts,F1_by_nts,precision_by_mean_cov,recall_by_mean_cov,F1_by_mean_cov,precision_by_med_cov,recall_by_med_cov,F1_by_med_cov
0,0.0,0.8986615678776291,0.16543470608940514,0.2794292508917955,0.9866156787762906,0.11894882434301521,0.21230199547418227,0.9866156787762906,0.11894882434301521,0.21230199547418227,0.009560229445506692,0.04854368932038835,0.015974440894568693
1,0.01,0.8986615678776291,0.16543470608940514,0.2794292508917955,0.9751434034416826,0.12950736414423566,0.22864828513786148,0.9636711281070746,0.12962962962962962,0.22851961006574473,0.0,0.0,0.0
2,0.02,0.8986615678776291,0.16543470608940514,0.2794292508917955,0.8948374760994264,0.16780207959842236,0.28260869565217395,0.9483747609942639,0.1357045143638851,0.23743417903303016,0.0,0.0,0.0
3,0.03,0.8986615678776291,0.16543470608940514,0.2794292508917955,0.8948374760994264,0.16780207959842236,0.28260869565217395,0.9369024856596558,0.1417004048582996,0.24616930419492591,0.0,0.0,0.0
4,0.04,0.8986615678776291,0.16543470608940514,0.2794292508917955,0.8948374760994264,0.16780207959842236,0.28260869565217395,0.9273422562141491,0.14746123441775616,0.25445960125918154,0.0,0.0,0.0
5,0.05,0.8986615678776291,0.16543470608940514,0.2794292508917955,0.8948374760994264,0.16780207959842236,0.28260869565217395,0.9177820267686424,0.15315890236119975,0.26251025430680885,0.0,0.0,0.0
6,0.06,0.8986615678776291,0.16543470608940514,0.2794292508917955,0.8948374760994264,0.16780207959842236,0.28260869565217395,0.904397705544933,0.15808823529411764,0.26913229018492174,0.0,0.0,0.0
7,0.07,0.8986615678776291,0.16543470608940514,0.2794292508917955,0.8948374760994264,0.16780207959842236,0.28260869565217395,0.8833652007648184,0.16114405301709103,0.27256637168141595,0.0,0.0,0.0
8,0.08,0.8202676864244742,0.21081081081081082,0.3354182955433933,0.892925430210325,0.1681670867842996,0.283030303030303,0.8680688336520076,0.1650909090909091,0.27742132600061103,0.0,0.0,0.0
9,0.09,0.8202676864244742,0.21081081081081082,0.3354182955433933,0.8833652007648184,0.17513267626990145,0.292312559316672,0.864244741873805,0.17147192716236723,0.2861665083887306,0.0,0.0,0.0
10,0.1,0.8202676864244742,0.21081081081081082,0.3354182955433933,0.8680688336520076,0.1798019801980198,0.2979002624671916,0.847036328871893,0.17440944881889764,0.2892588965066928,0.0,0.0,0.0
