,filter_abundance,precision_by_num_reads,recall_by_num_reads,F1_by_num_reads,precision_by_nts,recall_by_nts,F1_by_nts,precision_by_mean_cov,recall_by_mean_cov,F1_by_mean_cov,precision_by_med_cov,recall_by_med_cov,F1_by_med_cov
0,0.0,0.7374215697880905,0.7212830013895322,0.7292630100099513,0.7446430685450456,0.7002115106311922,0.7217441193344808,0.7446430685450456,0.7002115106311922,0.7217441193344808,0.6601160175210133,0.791932964067604,0.7200413223140496
1,0.01,0.8207849419303164,0.6587913854066216,0.7309201141226818,0.7534202478673748,0.755,0.7542092967050672,0.8121746095314377,0.6425855513307985,0.7174951353263754,0.7386864237084502,0.6973534971644613,0.7174251264099573
2,0.02,0.8484270734032412,0.6502283105022831,0.7362216937235032,0.8481887511916111,0.6545889277174912,0.7389183016713381,0.8360343183984748,0.6318443804034583,0.7197373820270825,0.7657292659675882,0.6671511627906976,0.7130492676431424
3,0.03,0.8767499313752402,0.6426559356136821,0.7416695692557761,0.8764754323359868,0.6488518593781751,0.7456795889771135,0.8608289870985452,0.6212361331220285,0.7216660913588769,0.7861652484216305,0.645045045045045,0.7086477792898676
4,0.04,0.8955500618046972,0.6333041958041958,0.7419354838709677,0.8958590852904821,0.6413716814159292,0.7475502836513666,0.8736093943139679,0.6061320754716981,0.7156962025316456,0.8268072289156626,0.5703896103896103,0.6750691669228404
5,0.05,0.9087179487179488,0.6257062146892656,0.7411125052279381,0.9090598290598291,0.6349092645654251,0.7476451567552369,0.9039909638554217,0.5518271661686969,0.6853146853146853,0.8329930583911801,0.5624483043837882,0.6714944042132982
6,0.06,0.9205572289156626,0.6175801970194493,0.7392290249433107,0.9190512048192772,0.6242966751918159,0.743527261650929,0.912209064924459,0.5468788249694002,0.6838077747168656,0.8268551236749117,0.5512367491166078,0.6614840989399293
7,0.07,0.9248672927725602,0.6078904991948471,0.7336032388663968,0.9228256431196407,0.6159716544017444,0.7388035305655443,0.916077738515901,0.5381421899325376,0.6779993461915659,0.8275862068965517,0.5446067764998446,0.656917885264342
8,0.08,0.9475673122342938,0.5715099715099715,0.7129909365558912,0.9475673122342938,0.5799363978028332,0.7195121951219513,0.9168634860651866,0.5322182615848643,0.6734906315058987,0.8178158027176649,0.5371900826446281,0.6484437350359138
9,0.09,0.9481630598892803,0.566446181599519,0.7092038396386223,0.9446401610468043,0.5738306328339957,0.7139596804868771,0.9159536990437847,0.5260115606936416,0.6682577565632458,0.828996282527881,0.5167163190996359,0.6366231647634585
10,0.1,0.9484864577801381,0.5655478150728309,0.7085895655623885,0.9500796601168349,0.5767246937459704,0.717753259779338,0.9166224110462029,0.5247795682578291,0.6674400618716164,0.8109399893786511,0.533356618931191,0.643489254108723
