,filter_abundance,precision_by_num_reads,recall_by_num_reads,F1_by_num_reads,precision_by_nts,recall_by_nts,F1_by_nts,precision_by_mean_cov,recall_by_mean_cov,F1_by_mean_cov,precision_by_med_cov,recall_by_med_cov,F1_by_med_cov
0,0.0,0.9978880675818373,0.7376226583407671,0.8482400461627236,0.9984914768441696,0.7183633601041893,0.835574070567443,0.9984914768441696,0.7182854042322301,0.8355213329967179,0.979634937396289,0.7879155544770686,0.8733777150158026
1,0.01,0.8794689998491477,0.9313099041533547,0.904647373729537,0.8755468396439885,0.9344710996618902,0.90404984423676,0.8725297933323276,0.9130228887134965,0.8923171860536872,0.8437170010559663,0.9140382415427357,0.8774709758393473
2,0.02,0.9114364135407136,0.9064604185623294,0.9089416058394159,0.9079597438243366,0.9109601615568202,0.9094574780058648,0.8951509606587374,0.877803696393325,0.886392462402609,0.8532479414455627,0.8813078813078813,0.8670509483079211
3,0.03,0.9306407274265173,0.8826714801444043,0.9060216160576429,0.9278917318672024,0.8906028008930383,0.9088649544324772,0.9010361598646648,0.8412635735439289,0.8701245660608535,0.8695284415309791,0.84435318275154,0.8567559120741745
4,0.04,0.8862338760837386,0.9138682948102922,0.8998389694041867,0.8832734193275534,0.9230939226519337,0.9027447590231251,0.8608585324592937,0.8708021390374332,0.865801786473841,0.8230069782194968,0.8720591530360744,0.8468233246301131
5,0.05,0.9067654793210614,0.8918410533740889,0.8992413466097676,0.9022232847238824,0.9000715478177915,0.9011461318051577,0.8744919913937366,0.839183298921771,0.8564738937017092,0.8369591202486254,0.8355608591885442,0.8362594052310999
6,0.06,0.8718622997848434,0.9181772406847936,0.8944206008583693,0.8661247908199856,0.9256515074092999,0.8948993454365813,0.8436528807076261,0.8624144672531769,0.8529305135951661,0.7946449916327994,0.8562596599690881,0.8243025418474891
7,0.07,0.8937315039009954,0.8906166219839142,0.8921713441654356,0.8923863330642992,0.9030765042199836,0.8976995940460082,0.8568738229755178,0.8251295336787565,0.8407021248515244,0.8175948345439871,0.8231310942578548,0.8203536239708462
8,0.08,0.8649448479956955,0.9136118215402103,0.888612493090105,0.8584880279795534,0.9219878647789657,0.8891056004458066,0.8305084745762712,0.845290251916758,0.8378341701723436,0.7893462469733656,0.8411697247706422,0.8144344205412907
9,0.09,0.8858921161825726,0.8978672273956143,0.8918394748620021,0.8817427385892116,0.9092298288508558,0.8952753535961481,0.8458802608180201,0.8239030023094688,0.8347470020473822,0.8040901007705987,0.8198851616802659,0.811910818494688
10,0.1,0.8577356253704801,0.9158227848101266,0.8858279767370676,0.8559573206876111,0.9310122501611864,0.8919085855466338,0.8218731475992886,0.8423450789793439,0.8319831983198319,0.7732661529342028,0.8389067524115755,0.8047501542257866
