,filter_abundance,precision_by_num_reads,recall_by_num_reads,F1_by_num_reads,precision_by_nts,recall_by_nts,F1_by_nts,precision_by_mean_cov,recall_by_mean_cov,F1_by_mean_cov,precision_by_med_cov,recall_by_med_cov,F1_by_med_cov
0,0.0,0.7300592907484058,0.7446371519853948,0.73727616788115,0.7365477122720663,0.7288829846119783,0.7326953038059204,0.7365477122720663,0.7288829846119783,0.7326953038059204,0.6840809933997092,0.7970542231491137,0.7362591054120764
1,0.01,0.7884650153679262,0.712,0.7482841455044611,0.7879226179714337,0.7174843595653606,0.7510555794915984,0.7803290544205388,0.6950080515297906,0.7352014308832296,0.7497740010847948,0.7171018502507349,0.7330740675269577
2,0.02,0.821964821964822,0.7154592979835698,0.7650229586743861,0.8206778206778207,0.7217506130918695,0.7680417544916189,0.8084513084513084,0.691813509544787,0.7455984174085063,0.8068658928130402,0.6691929537074969,0.7316090023513603
3,0.03,0.87648194099807,0.6565468814539447,0.7507379855945212,0.8756548111386822,0.6638795986622074,0.7552015218166687,0.862972153294734,0.6336032388663968,0.7307108672814288,0.8459902794653706,0.6157417643157197,0.7127319257837492
4,0.04,0.8930741190765492,0.6608226567768037,0.7595917840072343,0.8909477521263669,0.668718650250798,0.7640010419380048,0.8678614823815309,0.6266725159026102,0.7278053751114508,0.8419141914191419,0.6104331179708065,0.7077264530448051
5,0.05,0.9146818343405617,0.6240601503759399,0.741926182237601,0.9153928190543903,0.6337681516121093,0.7489819662594531,0.8922858158549591,0.5907272299364557,0.7108467856131409,0.850693210095983,0.6021640664318068,0.7051716516870488
6,0.06,0.9242890084550346,0.6256503642039543,0.7461991932981694,0.9223674096848578,0.6330783434450014,0.7508212106992022,0.8962336664104535,0.5857824667169053,0.7084915691933769,0.8493466564181399,0.5977819853935623,0.7016986823305287
7,0.07,0.9269893355209188,0.6253458771444383,0.746860541969597,0.9245283018867925,0.6335019673974143,0.7518345563709139,0.9007383100902379,0.5862253069941271,0.7102199223803364,0.8641758241758242,0.5659182498560736,0.6839450339189425
8,0.08,0.9384041063929072,0.5904286553141515,0.7248152820327987,0.9393373775081661,0.6003578884580972,0.732532751091703,0.9141390573961736,0.5538592027141646,0.6897887323943662,0.860475968268782,0.5666871542716656,0.6833425977394848
9,0.09,0.9385447394296952,0.5924891371818746,0.7264079147640792,0.9355948869223205,0.6005048911328494,0.7315010570824524,0.9075712881022615,0.551044776119403,0.6857355126300149,0.8618012422360248,0.5409356725146199,0.6646706586826349
10,0.1,0.9446254071661238,0.5691854759568205,0.7103490508266994,0.9429967426710097,0.5784215784215784,0.7170278637770898,0.9042443064182195,0.5488532830662897,0.683088954056696,0.8523344191096635,0.5419399378667588,0.6625870436801014
