,filter_abundance,precision_by_num_reads,recall_by_num_reads,F1_by_num_reads,precision_by_nts,recall_by_nts,F1_by_nts,precision_by_mean_cov,recall_by_mean_cov,F1_by_mean_cov,precision_by_med_cov,recall_by_med_cov,F1_by_med_cov
0,0.0,0.9961890243902439,0.7426980338674849,0.850966859821603,0.9981707317073171,0.720589853637064,0.8369655525020772,0.9981707317073171,0.720589853637064,0.8369655525020772,0.9733231707317073,0.7894411473788329,0.8717913708356089
1,0.01,0.8795731707317073,0.9282496782496783,0.9032561051972448,0.876219512195122,0.9328140214216164,0.9036315044804277,0.8708841463414634,0.9081227149896678,0.8891136876507666,0.8178353658536586,0.9155290102389079,0.8639291465378423
2,0.02,0.9112857944974734,0.8935584510919434,0.9023350630096368,0.9088527044731425,0.9007605268039325,0.9047885224520217,0.891259591989519,0.8615885652252578,0.8761729530818767,0.8523301516002246,0.8707456978967495,0.8614395157476592
3,0.03,0.8592551001310126,0.9310484688704117,0.893712283433911,0.8534531162268388,0.9361527407103264,0.8928921088701781,0.9043114826220854,0.819740777666999,0.859951887877837,0.8666959964804224,0.8301727770754319,0.8480413258717177
4,0.04,0.8970523537175539,0.8998234774933804,0.8984357788059044,0.8919929608446986,0.9067531305903399,0.8993124861388334,0.8664760228772548,0.8509397278029812,0.8586376021798365,0.8238011438627365,0.8569794050343249,0.8400628084342754
5,0.05,0.857017157941047,0.9262957679505468,0.8903107861060329,0.8510778706555213,0.9331886155330439,0.8902439024390244,0.8823381836427496,0.815252665739453,0.8474698795180723,0.8361766181635725,0.8235730170496665,0.8298269637744304
6,0.06,0.886352232814852,0.8989821882951654,0.8926225366346641,0.8805820371299549,0.9067424438129682,0.8934707903780068,0.8539889613647768,0.8417408506429278,0.8478206724782067,0.8095835423983944,0.8397085610200364,0.8243709285987995
7,0.07,0.8499749121926744,0.9184060721062619,0.8828664495114007,0.8442047165077772,0.9262317643820533,0.8833180207376297,0.8228800802809835,0.8617971623751971,0.8418891170431212,0.8233802816901409,0.8192264573991032,0.8212981174487215
8,0.08,0.8774647887323944,0.8956296722254169,0.8864541832669324,0.8723943661971831,0.9050263004091175,0.8884107860011475,0.847887323943662,0.8370411568409344,0.8424293310943185,0.7971830985915493,0.8345620760837511,0.8154444604523843
9,0.09,0.8464788732394366,0.9136515658254789,0.8787834478724958,0.8419718309859155,0.9242424242424242,0.8811910377358491,0.8188732394366197,0.853243322571177,0.835705045278137,0.8079325421611493,0.8094493116395495,0.8086902156924038
10,0.1,0.877264209868832,0.9008980115458627,0.8889240506329114,0.8713304184884447,0.910871694417238,0.8906624102154829,0.8357276702061212,0.8274582560296846,0.8315724052206339,0.7838850718301061,0.8226810881678138,0.8028146489684951
