,filter_abundance,precision_by_num_reads,recall_by_num_reads,F1_by_num_reads,precision_by_nts,recall_by_nts,F1_by_nts,precision_by_mean_cov,recall_by_mean_cov,F1_by_mean_cov,precision_by_med_cov,recall_by_med_cov,F1_by_med_cov
0,0.0,0.9958092197166234,0.6118945432250154,0.7580130639526051,0.9986030732388744,0.5825378346915018,0.7358282479229469,0.9986030732388744,0.5824022346368715,0.7357200617510843,0.797445619636799,0.7470555243970836,0.7714285714285715
1,0.01,0.9325483935342247,0.764311416421328,0.8400898876404495,0.9345440031929755,0.7651960784313725,0.8414338334381456,0.922570345240471,0.7411029176017955,0.8219397279758202,0.6653362602274995,0.8211822660098522,0.735089846764414
2,0.02,0.8844542007583317,0.8175613355469471,0.8496932515337424,0.8810616643384555,0.8230797912005966,0.8510843373493977,0.8680902015565756,0.7922054270624659,0.8284136354980004,0.6653362602274995,0.8211822660098522,0.735089846764414
3,0.03,0.8391538615046897,0.8558925300223896,0.8474405481660621,0.8349630812213131,0.862147125489388,0.8483373884833737,0.8241867890640591,0.8278212066546402,0.8260000000000001,0.5659548992217123,0.862792820200791,0.6835382019763799
4,0.04,0.7988425463979245,0.886796632698272,0.8405249343832021,0.7928557174216723,0.8914067758582006,0.8392479932403886,0.7828776691279186,0.8515302800086825,0.8157621127053442,0.5659548992217123,0.862792820200791,0.6835382019763799
5,0.05,0.903792526491913,0.773508353221957,0.8335905349794238,0.9021193530395984,0.78215667311412,0.8378658378658379,0.8798103736754044,0.7347461574289706,0.8007614213197969,0.6179587283881762,0.7905815198002141,0.6936922836124589
6,0.06,0.8789737869492471,0.805314256515074,0.8405333333333335,0.8742331288343558,0.811965811965812,0.8419497784342689,0.8541550474065811,0.7608047690014903,0.804781923279033,0.6179587283881762,0.7905815198002141,0.6936922836124589
7,0.07,0.8502509760178472,0.8301116253743533,0.8400606144096981,0.8460680423870608,0.8376587520706792,0.841842397336293,0.8273842721695482,0.7826431020838829,0.8043920292801952,0.5577244841048522,0.8176614881439084,0.6631299734748011
8,0.08,0.8251533742331288,0.8539682539682539,0.8393135725429017,0.817345231455661,0.8592788038698329,0.8377876232671146,0.8025655326268823,0.8036861211951969,0.8031254360262313,0.5577244841048522,0.8176614881439084,0.6631299734748011
9,0.09,0.7944785276073619,0.8696581196581197,0.8303701544739143,0.7902955939765756,0.879304995345951,0.8324276692612718,0.7763524818739542,0.8209967561191389,0.7980507381396015,0.5577244841048522,0.8176614881439084,0.6631299734748011
10,0.1,0.7707752370329057,0.8901771336553945,0.8261844268420266,0.7638036809815951,0.8971503439240092,0.8251242657026662,0.7515337423312883,0.8374766935985084,0.7921810699588477,0.6034294053265231,0.7535307517084282,0.6701782820097244
