,filter_abundance,precision_by_num_reads,recall_by_num_reads,F1_by_num_reads,precision_by_nts,recall_by_nts,F1_by_nts,precision_by_mean_cov,recall_by_mean_cov,F1_by_mean_cov,precision_by_med_cov,recall_by_med_cov,F1_by_med_cov
0,0.0,0.9327052489905787,0.19851045545688914,0.32735002361832777,0.9946164199192463,0.14806651973552395,0.25776072549703527,0.9946164199192463,0.14806651973552395,0.25776072549703527,0.017496635262449527,0.09774436090225563,0.02968036529680365
1,0.01,0.9327052489905787,0.19851045545688914,0.32735002361832777,0.9851951547779273,0.16368515205724507,0.2807286673058485,0.9663526244952894,0.1632189133894067,0.27926876701672504,0.0,0.0,0.0
2,0.02,0.9327052489905787,0.19851045545688914,0.32735002361832777,0.9327052489905787,0.20133643230679837,0.3311827956989247,0.955585464333782,0.17401960784313725,0.29442255857350197,0.0,0.0,0.0
3,0.03,0.9327052489905787,0.19851045545688914,0.32735002361832777,0.9327052489905787,0.20133643230679837,0.3311827956989247,0.9380888290713324,0.1824607329842932,0.30550076703922857,0.0,0.0,0.0
4,0.04,0.9327052489905787,0.19851045545688914,0.32735002361832777,0.9327052489905787,0.20133643230679837,0.3311827956989247,0.9286675639300135,0.19161344071091363,0.31767955801104975,0.0,0.0,0.0
5,0.05,0.8775235531628532,0.24183976261127596,0.37917999418435594,0.9300134589502019,0.20359457866823807,0.33405849649504477,0.9084791386271871,0.19788918205804748,0.3249879634087626,0.0,0.0,0.0
6,0.06,0.8775235531628532,0.24183976261127596,0.37917999418435594,0.9192462987886945,0.21390541810209834,0.3470528455284553,0.8990578734858681,0.20617283950617285,0.3354255586241527,0.0,0.0,0.0
7,0.07,0.8775235531628532,0.24183976261127596,0.37917999418435594,0.8748317631224765,0.2479969477298741,0.3864447086801427,0.8896366083445492,0.21405440414507773,0.345079613677891,0.0,0.0,0.0
8,0.08,0.8775235531628532,0.24183976261127596,0.37917999418435594,0.8748317631224765,0.2479969477298741,0.3864447086801427,0.8855989232839838,0.22312648355374703,0.3564463705308776,0.0,0.0,0.0
9,0.09,0.8775235531628532,0.24183976261127596,0.37917999418435594,0.8748317631224765,0.2479969477298741,0.3864447086801427,0.8761776581426649,0.23085106382978723,0.3654223968565815,0.0,0.0,0.0
10,0.1,0.8775235531628532,0.24183976261127596,0.37917999418435594,0.8748317631224765,0.2479969477298741,0.3864447086801427,0.8613728129205922,0.23694927804516847,0.3716608594657375,0.0,0.0,0.0
