,filter_abundance,precision_by_num_reads,recall_by_num_reads,F1_by_num_reads,precision_by_nts,recall_by_nts,F1_by_nts,precision_by_mean_cov,recall_by_mean_cov,F1_by_mean_cov,precision_by_med_cov,recall_by_med_cov,F1_by_med_cov
0,0.0,0.9444444444444444,0.20022434099831743,0.3304025913928737,0.9947089947089947,0.14803149606299212,0.2577107607950651,0.9947089947089947,0.14803149606299212,0.2577107607950651,0.02513227513227513,0.1386861313868613,0.0425531914893617
1,0.01,0.9444444444444444,0.20022434099831743,0.3304025913928737,0.9444444444444444,0.20318725099601595,0.3344262295081968,0.9708994708994709,0.16321992439404048,0.27945935655815723,0.0,0.0,0.0
2,0.02,0.9444444444444444,0.20022434099831743,0.3304025913928737,0.9444444444444444,0.20318725099601595,0.3344262295081968,0.958994708994709,0.17386091127098321,0.2943564758424685,0.0,0.0,0.0
3,0.03,0.9444444444444444,0.20022434099831743,0.3304025913928737,0.9444444444444444,0.20318725099601595,0.3344262295081968,0.9431216931216931,0.18225971370143149,0.30548414738646096,0.0,0.0,0.0
4,0.04,0.9444444444444444,0.20022434099831743,0.3304025913928737,0.9444444444444444,0.20318725099601595,0.3344262295081968,0.9325396825396826,0.19121236777868186,0.3173531397704254,0.0,0.0,0.0
5,0.05,0.8756613756613757,0.24055232558139536,0.3774230330672748,0.9431216931216931,0.20464982778415614,0.33632075471698114,0.9232804232804233,0.1998282278843401,0.32854789362202874,0.0,0.0,0.0
6,0.06,0.8756613756613757,0.24055232558139536,0.3774230330672748,0.9298941798941799,0.21459096459096458,0.34871031746031744,0.9074074074074074,0.206875753920386,0.33693516699410614,0.0,0.0,0.0
7,0.07,0.8756613756613757,0.24055232558139536,0.3774230330672748,0.921957671957672,0.22382787411689145,0.36020671834625323,0.8955026455026455,0.21444409249287297,0.3460260669562995,0.0,0.0,0.0
8,0.08,0.8756613756613757,0.24055232558139536,0.3774230330672748,0.8703703703703703,0.24598130841121496,0.3835616438356165,0.8888888888888888,0.22310756972111553,0.35668789808917195,0.0,0.0,0.0
9,0.09,0.8756613756613757,0.24055232558139536,0.3774230330672748,0.8703703703703703,0.24598130841121496,0.3835616438356165,0.8703703703703703,0.22831367106176267,0.3617372182517867,0.0,0.0,0.0
10,0.1,0.8756613756613757,0.24055232558139536,0.3774230330672748,0.8703703703703703,0.24598130841121496,0.3835616438356165,0.8558201058201058,0.23433538572980803,0.3679272106909297,0.0,0.0,0.0
