,filter_abundance,precision_by_num_reads,recall_by_num_reads,F1_by_num_reads,precision_by_nts,recall_by_nts,F1_by_nts,precision_by_mean_cov,recall_by_mean_cov,F1_by_mean_cov,precision_by_med_cov,recall_by_med_cov,F1_by_med_cov
0,0.0,0.9934986392500756,0.7393114311431143,0.8477615791510773,0.9941034169942546,0.7183437124440074,0.8340204224012178,0.9941034169942546,0.7183437124440074,0.8340204224012178,0.9631085576050802,0.7966483241620811,0.8720054757015744
1,0.01,0.8766253401874811,0.9270866645346978,0.9011501398818775,0.8722407015421832,0.9291351264293767,0.8997894408484753,0.8695192016933777,0.9083873005844258,0.8885283893395133,0.8131236770486846,0.9169650468883206,0.8619280391056976
2,0.02,0.9198264478400302,0.8868679519825391,0.9030465783868876,0.9168081494057725,0.8927259368111683,0.9046067938576083,0.9011507262780607,0.8579382183908046,0.879013708712853,0.8411620448971893,0.867172306495527,0.8539691659484822
3,0.03,0.8702131673269194,0.9253761283851555,0.8969473070192494,0.8653084323712507,0.930992490359245,0.8969495502542042,0.8500282965478212,0.8901619913077835,0.8696323458457976,0.7998490850782871,0.8909434755200673,0.8429423459244533
4,0.04,0.8993392070484582,0.8910955914447839,0.8951984213988161,0.8980176211453744,0.9009944751381216,0.899503585217871,0.8742290748898679,0.8491655969191271,0.8615150857390929,0.8279735682819384,0.8470031545741324,0.8373802628647805
5,0.05,0.860352422907489,0.91862652869238,0.8885350318471336,0.8555066079295154,0.9265267175572519,0.8896014658726522,0.8352422907488987,0.8699242945629732,0.8522305877064839,0.8377491799142064,0.8093612871769869,0.8233106013639182
6,0.06,0.8872066616199848,0.8854192898514228,0.8863120746155786,0.8836739843552864,0.8947368421052632,0.8891710041894122,0.8619732525864244,0.8347996089931574,0.8481688392302917,0.8089830936159476,0.8325110360945209,0.820578448937804
7,0.07,0.8541508957860207,0.9067773908384678,0.8796777546777548,0.8491042139793086,0.9158954817637452,0.8812360874689015,0.8327024981074943,0.8549222797927462,0.8436661127444715,0.7741609891496342,0.8472797569732118,0.809071729957806
8,0.08,0.89136649514008,0.8857954545454545,0.8885722428042176,0.8847913093196113,0.8939919121894858,0.889367816091954,0.8556317895940537,0.8193265808924172,0.8370857222766047,0.7964551172098342,0.8196528390703148,0.8078874873133246
9,0.09,0.8630646083476272,0.9063344341038727,0.8841704495533752,0.8562035448827902,0.9147831398900428,0.8845245126993504,0.8316180674671241,0.8392960184650894,0.8354394026421598,0.7775871926815323,0.8374384236453202,0.8064037948413874
10,0.1,0.8858764186633039,0.8889591901297058,0.8874151271119534,0.8827238335435057,0.9020618556701031,0.8922880815806248,0.8483606557377049,0.8169398907103825,0.8323538509124652,0.7853089533417402,0.8140522875816993,0.7994223363286264
