,filter_abundance,precision_by_num_reads,recall_by_num_reads,F1_by_num_reads,precision_by_nts,recall_by_nts,F1_by_nts,precision_by_mean_cov,recall_by_mean_cov,F1_by_mean_cov,precision_by_med_cov,recall_by_med_cov,F1_by_med_cov
0,0.0,0.99235807860262,0.7314633865961605,0.8421679571173317,0.9937616968184654,0.7083935519733185,0.8271564873109626,0.9937616968184654,0.7083148065807026,0.8271028037383178,0.9630380536494073,0.7963631673974723,0.8718057320344488
1,0.01,0.8850592638802246,0.9184334034633436,0.9014375347470415,0.8811603243917654,0.920645266416816,0.9004701569846202,0.8777292576419214,0.8980373384394447,0.8877671740673555,0.8134747348721147,0.919605077574048,0.86329030122476
2,0.02,0.929020841525757,0.8708072244747512,0.8989726027397261,0.9280377506881636,0.8773234200743495,0.9019682782342826,0.9099488792764452,0.8368896925858951,0.8718914845516201,0.8578450648839953,0.860552268244576,0.8591965340685309
3,0.03,0.8822257176563114,0.9106961639943171,0.8962348946369718,0.8773102634683445,0.916033668651201,0.8962538917344584,0.8664962642548172,0.8763173593159674,0.8713791398912506,0.8118364136846244,0.8833975181857082,0.8461065573770492
4,0.04,0.9157017137563687,0.8709251101321586,0.8927523142921653,0.9096804075961094,0.8769814690779192,0.8930317153575081,0.8918480778138027,0.8288850624192854,0.85921463632307,0.8385826771653543,0.8399443284620738,0.8392629505157028
5,0.05,0.8837424733672997,0.905123339658444,0.8943051324115303,0.8774895785085688,0.9116939364773821,0.8942648100070806,0.8575729504400186,0.8542099192618223,0.8558881312839477,0.8161185734136174,0.8499758803666184,0.832703213610586
6,0.06,0.917337627482555,0.8659741575880415,0.8909161996611494,0.9130434782608695,0.8756756756756757,0.8939692550256209,0.8853998926462695,0.8101669941060904,0.8461143883046935,0.8387010198604401,0.8106355382619974,0.8244294947896056
7,0.07,0.8888888888888888,0.8932038834951457,0.891041162227603,0.8851315083199142,0.9038092628117292,0.8943728813559322,0.8612453032742888,0.8352420614263405,0.8480443974630021,0.8035426731078905,0.8293628808864266,0.8162486368593238
8,0.08,0.8593666129898014,0.9143346659051971,0.8859988931931378,0.8526570048309179,0.923278116826504,0.8865634156550858,0.831454643048846,0.8518009348364036,0.8415048214043189,0.8339945071711932,0.7954016298020955,0.8142410248771041
9,0.09,0.8996032956972841,0.8892911010558069,0.8944174757281553,0.8953310955141898,0.9013824884792627,0.8983466013472138,0.8590173939578883,0.8159420289855073,0.8369258213170806,0.8101922490082393,0.8136684033098376,0.8119266055045872
10,0.1,0.8733597802868477,0.9097266369993643,0.8911723493694534,0.8678669514800122,0.9212827988338192,0.893777498428661,0.8339945071711932,0.8329777506857665,0.8334858188472095,0.7845590479096735,0.8277527366387637,0.8055773147422841
