,filter_abundance,precision_by_num_reads,recall_by_num_reads,F1_by_num_reads,precision_by_nts,recall_by_nts,F1_by_nts,precision_by_mean_cov,recall_by_mean_cov,F1_by_mean_cov,precision_by_med_cov,recall_by_med_cov,F1_by_med_cov
0,0.0,0.9249201277955271,0.1784833538840937,0.29922480620155034,0.9984025559105432,0.13199577613516367,0.23316545420630477,0.9984025559105432,0.13199577613516367,0.23316545420630477,0.012779552715654952,0.064,0.02130492676431425
1,0.01,0.9249201277955271,0.1784833538840937,0.29922480620155034,0.9952076677316294,0.1460042184204359,0.2546494992846924,0.9728434504792333,0.145,0.2523829258184832,0.034482758620689655,0.017857142857142856,0.023529411764705882
2,0.02,0.9249201277955271,0.1784833538840937,0.29922480620155034,0.9249201277955271,0.18178963893249608,0.303857255313566,0.963258785942492,0.15394434516211386,0.26546335020911294,0.034482758620689655,0.017857142857142856,0.023529411764705882
3,0.03,0.9249201277955271,0.1784833538840937,0.29922480620155034,0.9249201277955271,0.18178963893249608,0.303857255313566,0.9440894568690096,0.16051059206952742,0.2743732590529248,0.034482758620689655,0.017857142857142856,0.023529411764705882
4,0.04,0.9249201277955271,0.1784833538840937,0.29922480620155034,0.9249201277955271,0.18178963893249608,0.303857255313566,0.9329073482428115,0.16776788279230107,0.28439250060871685,0.034482758620689655,0.017857142857142856,0.023529411764705882
5,0.05,0.9249201277955271,0.1784833538840937,0.29922480620155034,0.9249201277955271,0.18178963893249608,0.303857255313566,0.9169329073482428,0.17388670099969705,0.2923351158645276,0.034482758620689655,0.017857142857142856,0.023529411764705882
6,0.06,0.8354632587859425,0.22104818258664413,0.34959893048128343,0.9217252396166135,0.18201892744479495,0.3040042149631191,0.902555910543131,0.17976455615653833,0.29981427434332714,0.034482758620689655,0.017857142857142856,0.023529411764705882
7,0.07,0.8354632587859425,0.22104818258664413,0.34959893048128343,0.9105431309904153,0.1903807615230461,0.3149171270718232,0.8929712460063898,0.18645763842561708,0.30849889624724064,0.034482758620689655,0.017857142857142856,0.023529411764705882
8,0.08,0.8354632587859425,0.22104818258664413,0.34959893048128343,0.902555910543131,0.1978984238178634,0.32461936225222643,0.8801916932907349,0.19232111692844678,0.31566886279003153,0.034482758620689655,0.017857142857142856,0.023529411764705882
9,0.09,0.8354632587859425,0.22104818258664413,0.34959893048128343,0.889776357827476,0.20335889010587807,0.33105497771173853,0.8674121405750799,0.1979584396646008,0.3223508459483526,0.034482758620689655,0.017857142857142856,0.023529411764705882
10,0.1,0.8354632587859425,0.22104818258664413,0.34959893048128343,0.8322683706070287,0.22880983750548967,0.3589390285911126,0.8578274760383386,0.20426017497147203,0.3299539170506912,0.034482758620689655,0.017857142857142856,0.023529411764705882
