,filter_abundance,precision_by_num_reads,recall_by_num_reads,F1_by_num_reads,precision_by_nts,recall_by_nts,F1_by_nts,precision_by_mean_cov,recall_by_mean_cov,F1_by_mean_cov,precision_by_med_cov,recall_by_med_cov,F1_by_med_cov
0,0.0,0.9971242621462085,0.7489768076398363,0.8554177757579693,0.9983350991372787,0.729000884173298,0.8426700734589588,0.9983350991372787,0.729000884173298,0.8426700734589588,0.9759346148024822,0.7989096766199976,0.8785938138710995
1,0.01,0.875889208415317,0.933989670755326,0.9040068733890494,0.8724080520659906,0.9372357723577236,0.9036607352825899,0.870289087331618,0.913858868404323,0.8915419799984494,0.8239745724231875,0.9239646978954514,0.871109688775102
2,0.02,0.9097856477166822,0.8975726369988967,0.9036378783671203,0.9069897483690588,0.902615470228158,0.9047973224246932,0.8939422180801491,0.8666425731839538,0.8800807413524175,0.855358807082945,0.8725993534892565,0.8638930722891566
3,0.03,0.9300852086519554,0.8612178838761886,0.894327731092437,0.9289927900371422,0.8705978705978706,0.8988479019131169,0.9069259340179157,0.8245927691696464,0.8638018936635106,0.8715315708979681,0.8281087813992112,0.8492654886097509
4,0.04,0.8927244920253441,0.899009900990099,0.895856171892129,0.8881363338431287,0.9055468924036534,0.896757114493713,0.8689097662224164,0.8543501611170784,0.8615684575389948,0.8265239239676644,0.8545290264287327,0.8402932030208795
5,0.05,0.9178082191780822,0.8709524935003545,0.8937666747513946,0.9163138231631383,0.8824658191412809,0.8990713587487781,0.8859277708592778,0.819019111213447,0.8511605647284041,0.8473225404732254,0.8251273344651953,0.8360776603588105
6,0.06,0.8884184308841843,0.9012127337038909,0.8947698482378025,0.885678704856787,0.9124967924044136,0.8988877654196158,0.8565379825653798,0.842685616270522,0.8495553359683794,0.8186799501867995,0.8419569672131147,0.8301553226417479
7,0.07,0.9093429442750208,0.8817204301075269,0.895318684318275,0.9046298863321319,0.8915300546448087,0.8980322003577819,0.8710840033268644,0.8158919761101012,0.8425851434700992,0.8258940948156362,0.8163880515209646,0.8211135611907387
8,0.08,0.8827280288328251,0.9068641412702934,0.8946333239674067,0.8777377321874134,0.9174152419588525,0.8971379994332672,0.8444690878846687,0.8354360943499726,0.8399283055287466,0.7984474632658719,0.8342989571263036,0.8159796005099872
9,0.09,0.9013782542113323,0.8859121011438892,0.8935782602095036,0.8964777947932618,0.8967524509803921,0.89661510185327,0.8640122511485452,0.8150823461427333,0.8388343740707701,0.8156202143950996,0.812385600976205,0.8139996943298181
10,0.1,0.8762633996937212,0.9073897875039645,0.8915550015581178,0.870750382848392,0.9182816537467701,0.8938846093381544,0.8379785604900459,0.8313582497721057,0.8346552776082978,0.7932618683001531,0.8285348688419706,0.8105147864184008
