,filter_abundance,precision_by_num_reads,recall_by_num_reads,F1_by_num_reads,precision_by_nts,recall_by_nts,F1_by_nts,precision_by_mean_cov,recall_by_mean_cov,F1_by_mean_cov,precision_by_med_cov,recall_by_med_cov,F1_by_med_cov
0,0.0,0.9925,0.6985337243401759,0.8199655765920827,0.9948333333333333,0.6733980144404332,0.8031485468245426,0.9948333333333333,0.6731701815721214,0.8029864801237641,0.9261666666666667,0.7800393037619315,0.8468454739408718
1,0.01,0.9016666666666666,0.8727214066784965,0.8869579473727355,0.8975,0.87646484375,0.8868577075098815,0.8945,0.8565272901372486,0.8751019077123756,0.794,0.8797783933518005,0.8346911957950067
2,0.02,0.8345,0.9207429201912468,0.8755027102640321,0.83,0.9254785355881806,0.8751427818293648,0.8235,0.8965704953728906,0.8584831899921814,0.7385,0.9031797798613942,0.8125802310654685
3,0.03,0.9070825211176088,0.8505280259951259,0.8778953988051567,0.9027507039202946,0.8563797000205465,0.8789540278363559,0.8858566168507689,0.8171828171828172,0.850135107046352,0.766298462204895,0.8447946513849093,0.8036342986939239
4,0.04,0.8644141217240633,0.8817940786566505,0.8730176090998579,0.8609486679662118,0.889261744966443,0.8748761967646087,0.8451375351960148,0.8445887445887446,0.8448630507740609,0.7277452891487979,0.8613176108690079,0.788917586287861
5,0.05,0.8267273121074291,0.9083769633507853,0.8656310239256151,0.8217457223305177,0.9153196622436671,0.8660123259529788,0.8091834524583063,0.8676265675801208,0.8373865291942173,0.7724770642201835,0.8087266739846323,0.7901863520579165
6,0.06,0.8870249017038008,0.8612878595062357,0.8739669421487603,0.8844036697247707,0.8718346253229974,0.8780741704619389,0.8571428571428571,0.8096063382025254,0.8326967150496561,0.7431192660550459,0.8236490412550842,0.7813145928069449
7,0.07,0.8563564875491481,0.8860862489829129,0.8709677419354838,0.8508519003931848,0.8939686036904434,0.8718775181305399,0.8309305373525557,0.8335524585853273,0.8322394329220268,0.7127129750982962,0.8366153846153846,0.7697098372257609
8,0.08,0.8259501965923984,0.9067625899280576,0.8644718792866942,0.8207077326343382,0.9152294650686934,0.8653952459922609,0.8026212319790301,0.8519755147468002,0.8265622891078418,0.7592707045735476,0.7951456310679612,0.7767941827379071
9,0.09,0.8896786155747837,0.8764079147640792,0.8829934059193375,0.8868974042027195,0.8879950495049505,0.8874458874458874,0.8498145859085291,0.8076358296622613,0.8281885258244241,0.7351668726823238,0.8097345132743363,0.7706511175898931
10,0.1,0.8621755253399258,0.8962415676196595,0.8788785635533155,0.8587762669962917,0.9081699346405229,0.8827827191867852,0.8244746600741656,0.8252397154345809,0.8248570103570876,0.7119901112484549,0.8222698072805139,0.7631666114607486
