,filter_abundance,precision_by_num_reads,recall_by_num_reads,F1_by_num_reads,precision_by_nts,recall_by_nts,F1_by_nts,precision_by_mean_cov,recall_by_mean_cov,F1_by_mean_cov,precision_by_med_cov,recall_by_med_cov,F1_by_med_cov
0,0.0,0.9408284023668639,0.22476675148430875,0.36284801460520316,0.9928994082840237,0.16623736873390133,0.2847929395790903,0.9928994082840237,0.16623736873390133,0.2847929395790903,0.033136094674556214,0.16568047337278108,0.055226824457593686
1,0.01,0.9408284023668639,0.22476675148430875,0.36284801460520316,0.9384615384615385,0.2278735632183908,0.3667052023121387,0.9692307692307692,0.18466741826381058,0.31022727272727274,0.0,0.0,0.0
2,0.02,0.9408284023668639,0.22476675148430875,0.36284801460520316,0.9384615384615385,0.2278735632183908,0.3667052023121387,0.9538461538461539,0.19625030435841245,0.3255250403877221,0.0,0.0,0.0
3,0.03,0.9408284023668639,0.22476675148430875,0.36284801460520316,0.9384615384615385,0.2278735632183908,0.3667052023121387,0.9431952662721893,0.20744403956272775,0.3400896095583529,0.0,0.0,0.0
4,0.04,0.9408284023668639,0.22476675148430875,0.36284801460520316,0.9384615384615385,0.2278735632183908,0.3667052023121387,0.9266272189349113,0.21641791044776118,0.35088505489581,0.0,0.0,0.0
5,0.05,0.8769230769230769,0.2717271727172717,0.41489361702127653,0.9349112426035503,0.23011942907078356,0.36933146330060773,0.9136094674556213,0.2255990648743425,0.36184673072416224,0.0,0.0,0.0
6,0.06,0.8769230769230769,0.2717271727172717,0.41489361702127653,0.919526627218935,0.24085554866707998,0.3817243920412675,0.9005917159763314,0.2343701878657222,0.37194525904203324,0.0,0.0,0.0
7,0.07,0.8769230769230769,0.2717271727172717,0.41489361702127653,0.9112426035502958,0.2504879635653871,0.392957387088543,0.8875739644970414,0.24271844660194175,0.3811944091486658,0.0,0.0,0.0
8,0.08,0.8769230769230769,0.2717271727172717,0.41489361702127653,0.8710059171597633,0.2776310826103357,0.42105263157894735,0.8733727810650888,0.2505091649694501,0.3893431812186758,0.0,0.0,0.0
9,0.09,0.8769230769230769,0.2717271727172717,0.41489361702127653,0.8710059171597633,0.2776310826103357,0.42105263157894735,0.8603550295857988,0.2583511016346837,0.397376332331238,0.0,0.0,0.0
10,0.1,0.8201183431952662,0.3102059086839749,0.4501461513478402,0.8710059171597633,0.2776310826103357,0.42105263157894735,0.8497041420118343,0.2666171555885629,0.4058790276992651,0.0,0.0,0.0
