,filter_abundance,precision_by_num_reads,recall_by_num_reads,F1_by_num_reads,precision_by_nts,recall_by_nts,F1_by_nts,precision_by_mean_cov,recall_by_mean_cov,F1_by_mean_cov,precision_by_med_cov,recall_by_med_cov,F1_by_med_cov
0,0.0,0.7452476572958501,0.680229716520039,0.711255909032835,0.7562248995983936,0.6534412955465587,0.7010859447719516,0.7563587684069611,0.6533302497687327,0.7010795384042686,0.563855421686747,0.7847959754052544,0.6562280906753915
1,0.01,0.7853292260300346,0.6626055880441846,0.7187665198237886,0.7857142857142857,0.6636851520572451,0.7195627259102529,0.7764728532922603,0.6418908164889384,0.7027968981441144,0.6536464771322621,0.6480392156862745,0.6508307692307692
2,0.02,0.8338689740420272,0.6181051859996335,0.7099557987792043,0.8348578491965389,0.6256020748425343,0.7152388012284232,0.8212608158220025,0.5989902632527948,0.6927327703054946,0.6536464771322621,0.6480392156862745,0.6508307692307692
3,0.03,0.8737951807228915,0.5893945550589191,0.7039553506430478,0.8725903614457832,0.5926759410801964,0.705896686159844,0.8599397590361446,0.5654585066349772,0.6822798422750628,0.686013986013986,0.5856716417910448,0.6318840579710145
4,0.04,0.8996503496503496,0.5651218976499012,0.6941858896533117,0.8996503496503496,0.5722864768683275,0.6995649809679173,0.8842657342657343,0.5417737789203085,0.6718916046758767,0.686013986013986,0.5856716417910448,0.6318840579710145
5,0.05,0.8891608391608392,0.6011820330969267,0.7173483779971791,0.8895104895104895,0.6094873023478677,0.7233437588854136,0.8695804195804195,0.5706746213859568,0.6891105569409809,0.7208498023715415,0.5135515663498768,0.5997944501541623
6,0.06,0.9105304829770388,0.5805148914689551,0.7090012330456227,0.9105304829770388,0.5898948448320082,0.715953307392996,0.8867775138558986,0.5472758367945273,0.6768394017223146,0.7208498023715415,0.5135515663498768,0.5997944501541623
7,0.07,0.9278396436525612,0.5591946308724832,0.697822445561139,0.9265033407572383,0.5681507784758263,0.7043684388757196,0.9006681514476614,0.5236985236985237,0.6622993776613167,0.7208498023715415,0.5135515663498768,0.5997944501541623
8,0.08,0.9431818181818182,0.5443398916452808,0.6902910866027843,0.9392292490118577,0.5506952491309386,0.6943024105186267,0.9145256916996047,0.5067068163153572,0.6521049850273031,0.7193287037037037,0.509009009009009,0.5961630695443645
9,0.09,0.932806324110672,0.5678195488721804,0.705926341372219,0.9471413160733549,0.5378254211332313,0.6860714983395195,0.9061264822134387,0.5291402192729371,0.6681238615664845,0.7193287037037037,0.509009009009009,0.5961630695443645
10,0.1,0.9395900755124056,0.5528403681370994,0.6961038961038961,0.9374325782092773,0.5615508885298869,0.7023641139624166,0.912621359223301,0.5133495145631068,0.6570873786407768,0.7058056099151989,0.4979291302346986,0.583917970858068
