,filter_abundance,precision_by_num_reads,recall_by_num_reads,F1_by_num_reads,precision_by_nts,recall_by_nts,F1_by_nts,precision_by_mean_cov,recall_by_mean_cov,F1_by_mean_cov,precision_by_med_cov,recall_by_med_cov,F1_by_med_cov
0,0.0,0.9899369179933915,0.7422297297297298,0.8483717338138757,0.9902373085010514,0.7239486109586033,0.8364097684744687,0.9902373085010514,0.7238691260430391,0.836356716985919,0.9613998197656954,0.8014273193940152,0.8741550017070673
1,0.01,0.8603184139381196,0.9353363814500326,0.8962603661398841,0.8580654851306698,0.93932916803683,0.8968602825745683,0.8540102132772605,0.9148833467417539,0.8833993630078458,0.9027492051617729,0.8393322900365154,0.8698864660299154
2,0.02,0.9012530390873387,0.9002428544741267,0.9007476635514019,0.8978866654198616,0.9048247267244629,0.9013423448793767,0.8861043575836918,0.8690388848129127,0.8774886563570702,0.8501963717972695,0.8737266961368442,0.8618009478672986
3,0.03,0.9234627126035762,0.8751808224839843,0.8986737400530506,0.9221543829044919,0.8836188884245717,0.902475458813487,0.9027474923680767,0.8375480477442848,0.8689264350928743,0.8593545573484518,0.8466165413533835,0.852937993723623
4,0.04,0.8833406018316616,0.9107464028776978,0.8968341819791898,0.8778892280854775,0.9177114201048553,0.8973587428953529,0.8610989969472307,0.8656291100394564,0.8633581110625274,0.8209768861753162,0.8645235361653272,0.8421876747567385
5,0.05,0.9063661134505822,0.8870303030303031,0.8965939720656703,0.9009165221699281,0.8947109471094711,0.8978030116020734,0.8751548179341095,0.8310985650435192,0.8525579150579151,0.8300718355214268,0.8313073678987845,0.8306891422905306
6,0.06,0.8721823135992073,0.9140706126687436,0.8926353149955635,0.8669804310131286,0.9227524387028737,0.8939974457215837,0.8459251919742383,0.8573939241777555,0.8516209476309228,0.7946494921971761,0.8589022757697456,0.8255275347400927
7,0.07,0.8954520244037715,0.8927287807575338,0.8940883289491901,0.8871325568496949,0.8988479910087103,0.8929518492672714,0.8616195230171936,0.8291966906858821,0.8450972392220862,0.8189129229062674,0.8301939836941242,0.8245148680720368
8,0.08,0.8635607321131448,0.9131964809384164,0.8876852907639681,0.8555185801442041,0.9197972570065593,0.8864942528735633,0.8377703826955075,0.853872244205766,0.8457446808510639,0.7886855241264559,0.8497161637287123,0.8180641449733929
9,0.09,0.8836853382307928,0.8951937984496124,0.8894023413431917,0.8781756963575146,0.9050473186119874,0.89140904147895,0.8454239363330273,0.8242315726648761,0.8346932608038682,0.7973676155494337,0.8256735340729001,0.8112737464964186
10,0.1,0.8570554025099479,0.9153318077803204,0.8852355358836548,0.8527701254973983,0.9274300932090546,0.8885345239993621,0.8212427303336394,0.8429154885328307,0.8319379844961241,0.8047715053763441,0.8007355399531929,0.8027484498072734
