,filter_abundance,precision_by_num_reads,recall_by_num_reads,F1_by_num_reads,precision_by_nts,recall_by_nts,F1_by_nts,precision_by_mean_cov,recall_by_mean_cov,F1_by_mean_cov,precision_by_med_cov,recall_by_med_cov,F1_by_med_cov
0,0.0,0.7336586472991375,0.7397025171624714,0.7366681859617137,0.7399001361779391,0.7238814255578994,0.7318031314888601,0.7399001361779391,0.7238814255578994,0.7318031314888601,0.6864502950522016,0.7921686746987951,0.7355301556420234
1,0.01,0.7988409048420265,0.6762145909162842,0.7324305793623586,0.7986539540100953,0.6818834796488428,0.7356638539693473,0.7924845765563657,0.6624472573839663,0.7216547497446375,0.7451860160777716,0.710263720598717,0.7273059027460997
2,0.02,0.8330006653359947,0.6760259179265659,0.7463487332339792,0.8318917720115325,0.6818760225413562,0.7494505494505495,0.8216899534264803,0.6567984399929091,0.7300492610837438,0.785540031049013,0.6772466539196941,0.7273847417599343
3,0.03,0.8885067354542849,0.6142262730334852,0.7263355201499531,0.8885067354542849,0.6214915797914996,0.7313908222248438,0.8715964459730582,0.5919797547206541,0.7050776721539531,0.826597879048438,0.6198151730066623,0.7084254482928026
4,0.04,0.902570612503967,0.6113499570077386,0.7289504036908881,0.9016185337987941,0.618684668989547,0.7338240991863619,0.8838463979688987,0.585945718493583,0.7047064777327935,0.8359251031418597,0.5995902572274072,0.6983032873806999
5,0.05,0.9133885438233265,0.6118816458622284,0.7328349944629016,0.9133885438233265,0.6200515343171703,0.73866331798521,0.8899240855762595,0.5809867087181798,0.7030121302984871,0.8639075316927666,0.5606097265908541,0.6799706529713867
6,0.06,0.919090231170768,0.6084917304369292,0.7322144660626764,0.9198359433258763,0.6181408168378852,0.739397572306309,0.9137444578798871,0.5433844678811122,0.6814970689914324,0.8581217251108424,0.5605581885202738,0.6781334607421564
7,0.07,0.9302700523982266,0.6060924369747899,0.7339799650182859,0.9270455461507456,0.6138243928476115,0.7385998715478485,0.9143349117520447,0.5390862944162437,0.678269200063867,0.8618166164442531,0.5510597302504817,0.6722632639355273
8,0.08,0.9411496350364964,0.5743318485523385,0.7133471645919779,0.9393248175182481,0.5827908293235211,0.7193013100436682,0.9137773722627737,0.5367095391211146,0.676232275489534,0.8700862895493768,0.5280768111725341,0.6572514937533949
9,0.09,0.9424736337488016,0.5778953556731334,0.7164723032069972,0.9419942473633749,0.5876196172248804,0.7237569060773481,0.9132310642377757,0.537528216704289,0.6767317939609236,0.8732963149924281,0.5261557177615572,0.6566710950844563
10,0.1,0.9454820797576982,0.579876160990712,0.7188639416618691,0.9454820797576982,0.5902930980144974,0.7268141249514941,0.9141847551741544,0.537229308810442,0.6767563527653213,0.8569920844327177,0.5283018867924528,0.6536526464077279
