,filter_abundance,precision_by_num_reads,recall_by_num_reads,F1_by_num_reads,precision_by_nts,recall_by_nts,F1_by_nts,precision_by_mean_cov,recall_by_mean_cov,F1_by_mean_cov,precision_by_med_cov,recall_by_med_cov,F1_by_med_cov
0,0.0,0.9975281940367681,0.7195230666369512,0.8360199391467599,0.9984551212729801,0.7028820010875476,0.8249936175644627,0.9984551212729801,0.7028820010875476,0.8249936175644627,0.9726556465317473,0.7769961742564482,0.8638858397365533
1,0.01,0.8901591225088831,0.9119974675530231,0.9009459776405286,0.8870693650548432,0.9165203511572226,0.9015544041450777,0.8816622895102735,0.8878344741754822,0.8847376172389736,0.8139966012668005,0.9016084873374401,0.8555654786068038
2,0.02,0.9232098291418699,0.8699348769898697,0.8957809443978766,0.9224419274332886,0.8782672271979528,0.8998127340823971,0.9047801881359187,0.8362313697657914,0.8691562932226834,0.8519869456709541,0.8459778879146016,0.8489717838354854
3,0.03,0.8767517757727011,0.914863782051282,0.8954024115282816,0.8727202918026492,0.9215487532941415,0.8964701242358507,0.8564023804952966,0.8735069512433914,0.8648701046917409,0.80533691687464,0.8721413721413721,0.8374089230462123
4,0.04,0.9107183322003173,0.8777025551430443,0.893905693950178,0.9075458871515976,0.8856700574966829,0.8964745383324008,0.8842057557217312,0.8302127659574469,0.8563590475145396,0.8198504418762746,0.8342172008300669,0.8269714285714286
5,0.05,0.8735554044867437,0.9072722993645563,0.8900946663588086,0.86743711760707,0.9144768275203058,0.8903360855913478,0.8452300022660322,0.8535469107551488,0.8493680974610044,0.7865397688647179,0.8501102130786187,0.817090395480226
6,0.06,0.9021343050494534,0.8741488020176544,0.8879210964519022,0.8982300884955752,0.8846449628300436,0.8913857677902621,0.8677771993753254,0.8143624816805081,0.8402217741935484,0.8086933888599688,0.8148439548911618,0.8117570215545397
7,0.07,0.8722019781363873,0.9008064516129032,0.8862734726262893,0.8677771993753254,0.9114270092946966,0.8890666666666668,0.8391462779802187,0.8365334717176959,0.8378378378378379,0.7738157209786569,0.8365222284749578,0.8039480800432667
8,0.08,0.8381051535658511,0.9194745859508852,0.8769063180827887,0.8334200937011973,0.929732868757259,0.8789459236892669,0.8097345132743363,0.8549051937345424,0.831706991043978,0.7993469872365687,0.8012496280868789,0.8002971768202081
9,0.09,0.8800831107153458,0.8965830057453885,0.8882564409826242,0.8741466310477887,0.9055965559655597,0.8895937169611841,0.8385277530424459,0.820267131242741,0.8292969323352414,0.773820124666073,0.8208438287153652,0.7966386554621848
10,0.1,0.8527753042445829,0.9158431622569334,0.8831847525361205,0.8447610566933809,0.9243260798960702,0.8827543424317619,0.8141881864054615,0.8396082032445669,0.8267028330319469,0.7471059661620659,0.8342724560822009,0.7882868775446289
