,filter_abundance,precision_by_num_reads,recall_by_num_reads,F1_by_num_reads,precision_by_nts,recall_by_nts,F1_by_nts,precision_by_mean_cov,recall_by_mean_cov,F1_by_mean_cov,precision_by_med_cov,recall_by_med_cov,F1_by_med_cov
0,0.0,0.9918386202648599,0.7260737233682787,0.8383989586723072,0.9941484447182014,0.7054966670309256,0.8253116011505275,0.9941484447182014,0.7054966670309256,0.8253116011505275,0.9548814290113952,0.785234899328859,0.8617886178861788
1,0.01,0.8852787188173699,0.9121053466603205,0.8984918340235993,0.8825069294733601,0.9172535211267606,0.8995448124313296,0.8791191869417925,0.89203125,0.8855281526291299,0.829226978749615,0.8945182724252492,0.8606360875819082
2,0.02,0.921598770176787,0.8696282864913871,0.8948595951114843,0.9189085318985396,0.8747027620267057,0.8962608940118078,0.9075710991544965,0.8399430908767562,0.8724485083587327,0.8591468101460416,0.8421548314183462,0.8505659659469229
3,0.03,0.8727901614142967,0.9087635054021609,0.8904136443834543,0.8689469638739431,0.9153846153846154,0.8915615141955835,0.8583781706379708,0.8758823529411764,0.8670419254658387,0.8063028439661799,0.8681978067452928,0.8361064062967023
4,0.04,0.9156626506024096,0.8758425744727114,0.895310068904201,0.9104341895885428,0.8831312017640573,0.8965748824714572,0.8886110479654467,0.8313483623989791,0.8590264806065268,0.836553762218686,0.827710301394512,0.8321085358959864
5,0.05,0.8767901795862696,0.9043376318874561,0.8903508771929824,0.8708797453966811,0.9114917915774446,0.890723087654034,0.8549670379631734,0.8578923357664233,0.8564271888876238,0.800409183905433,0.8546116504854369,0.8266228430566968
6,0.06,0.8406456012730166,0.9289123335845265,0.8825775656324583,0.8317799499886338,0.932466870540265,0.8792502703352156,0.8787239651990509,0.8101604278074866,0.8430504616162895,0.8262588979699447,0.8079401907708172,0.8169968717413975
7,0.07,0.8760875296598998,0.8885026737967915,0.8822514270542945,0.8729238070129185,0.8992395437262357,0.885886287625418,0.85183232269971,0.8335913312693498,0.8426131177467726,0.7919852359609808,0.8239166209544706,0.8076354348702782
8,0.08,0.8476140258370682,0.911281179138322,0.8782953148476984,0.8412865805431057,0.9193316047248632,0.8785792951541851,0.8241497495386237,0.8533988533988534,0.8385193133047211,0.7558660690746112,0.840515977719144,0.7959466962798447
9,0.09,0.8865824308062575,0.8820712361568392,0.8843210802700674,0.881768953068592,0.8925091352009744,0.8871065375302664,0.8528880866425993,0.8167675021607606,0.834437086092715,0.776173285198556,0.8118313404657017,0.7936019686250385
10,0.1,0.8628158844765343,0.9055888853804863,0.8836851024495457,0.8580024067388689,0.9155698234349919,0.8858518403478802,0.8303249097472925,0.8368708308065494,0.8335850196315313,0.7596269554753309,0.8246244284781189,0.7907923582837457
