,filter_abundance,precision_by_num_reads,recall_by_num_reads,F1_by_num_reads,precision_by_nts,recall_by_nts,F1_by_nts,precision_by_mean_cov,recall_by_mean_cov,F1_by_mean_cov,precision_by_med_cov,recall_by_med_cov,F1_by_med_cov
0,0.0,0.9928141386677025,0.6274702344421259,0.7689530685920578,0.9951446882889882,0.5941558441558441,0.7440644739708124,0.9951446882889882,0.5941558441558441,0.7440644739708124,0.7791804233831812,0.7659411989308896,0.7725040916530278
1,0.01,0.9283355991454652,0.7870904001317306,0.851898057387275,0.9277529617401438,0.7920742828718289,0.8545617173524152,0.9194018255972033,0.7688809485138867,0.8374314523261985,0.6420664206642066,0.8399390243902439,0.7277930654925702
2,0.02,0.8673528840551563,0.8447134480801967,0.8558834802606362,0.8679355214604778,0.8481685329284494,0.8579381839124592,0.8588075354437755,0.8178287405215462,0.8378173550587343,0.6420664206642066,0.8399390243902439,0.7277930654925702
3,0.03,0.8211303165663235,0.8771784232365145,0.8482295114856053,0.8154981549815498,0.8819575719386683,0.8474268415741674,0.8141386677024665,0.8532464889069815,0.8332339495130193,0.6726726726726727,0.7630845462991638,0.7150319210679048
4,0.04,0.7778209361040979,0.9046758527219336,0.8364661654135338,0.7725771994562051,0.909672993368397,0.8355387523629489,0.7721887745193241,0.876156897311591,0.820893981624858,0.6726726726726727,0.7630845462991638,0.7150319210679048
5,0.05,0.8976248976248976,0.8001946945728888,0.8461142563046834,0.8932568932568933,0.8067061143984221,0.8477782096126442,0.8757848757848757,0.7585717663750295,0.8129751647237708,0.6008736008736009,0.8029916089018606,0.6873828856964397
6,0.06,0.8714168714168714,0.8306010928961749,0.8505195843325339,0.8665028665028665,0.837909186906019,0.8519661790363708,0.8471198471198471,0.7825977301387137,0.813581541688516,0.6008736008736009,0.8029916089018606,0.6873828856964397
7,0.07,0.8413868413868414,0.8535031847133758,0.8474017047016773,0.8367458367458367,0.8621659634317862,0.8492657245774451,0.8203658203658204,0.8054140980970249,0.8128212063835542,0.6008736008736009,0.8029916089018606,0.6873828856964397
8,0.08,0.812994812994813,0.8743394010569583,0.8425519875512804,0.8061698061698062,0.8814925373134328,0.8421502923142734,0.7927927927927928,0.8235961429381735,0.8079009597996941,0.6226548672566372,0.7428209459459459,0.6774504140188716
9,0.09,0.7832377832377833,0.8926571250777847,0.8343754544132617,0.7755937755937756,0.8970634670034733,0.8319180087847731,0.7665847665847666,0.8402154398563735,0.801713062098501,0.6226548672566372,0.7428209459459459,0.6774504140188716
10,0.1,0.8810619469026548,0.815263675073698,0.8468866961551547,0.8746902654867257,0.8233922025991336,0.8482663920357021,0.8417699115044248,0.748976377952756,0.7926666666666667,0.5791150442477876,0.769158439116126,0.6607431340872375
