,filter_abundance,precision_by_num_reads,recall_by_num_reads,F1_by_num_reads,precision_by_nts,recall_by_nts,F1_by_nts,precision_by_mean_cov,recall_by_mean_cov,F1_by_mean_cov,precision_by_med_cov,recall_by_med_cov,F1_by_med_cov
0,0.0,0.9909508974929536,0.753865252228868,0.8563004742981668,0.9928793947485536,0.7332383873794917,0.8435314134476022,0.9928793947485536,0.7332383873794917,0.8435314134476022,0.9670672007120605,0.8040207202762704,0.8780389251801468
1,0.01,0.8664886515353805,0.9383132530120482,0.9009717723276259,0.8647085002225189,0.9421367383222887,0.9017636138613863,0.8624833110814419,0.9180483183325439,0.8893988067921065,0.8193146417445483,0.9246609743847313,0.8688060405851817
2,0.02,0.9046490428441203,0.9054744525547446,0.905061559507524,0.8999088422971742,0.9105331119719609,0.905189803777737,0.8876937101185051,0.8721117678667383,0.8798337549692808,0.8452142206016409,0.8798633516796356,0.8621908127208481
3,0.03,0.9261230572705983,0.8759565042287555,0.9003415088481836,0.9239940387481371,0.8853529171766625,0.9042608605063027,0.9018522461145412,0.8348443042964131,0.8670555726128338,0.8620395997445178,0.8458324629204095,0.8538591311682834
4,0.04,0.8850329997870982,0.9098270956445612,0.8972587955968055,0.8799233553331914,0.9174250832408435,0.8982829819604434,0.8631041090057483,0.8653148345784418,0.8642080579833724,0.815839897807111,0.870513402998637,0.8422903615781955
5,0.05,0.9081384015594542,0.8781809613572101,0.892908481073311,0.9059454191033138,0.8894736842105263,0.8976339932399807,0.8810916179337231,0.8276493476768139,0.8535347574648885,0.8418615984405458,0.825370281892021,0.8335343787696018
6,0.06,0.8776803118908382,0.9079909251323418,0.8925783669929376,0.8713450292397661,0.9162182936202921,0.8932184338703635,0.848196881091618,0.8484036071167439,0.848300231509687,0.8021442495126706,0.8477980942570178,0.824339551771629
7,0.07,0.9005221214619401,0.8792594580091226,0.889763779527559,0.8933773014564441,0.8870395634379263,0.890197152245345,0.8639736191261336,0.812193231723069,0.83728362183755,0.8260511129431163,0.8119935170178282,0.8189619942787086
8,0.08,0.8705688375927453,0.9007676997441001,0.8854108440469535,0.8656224237427865,0.9117221418234442,0.8880744290950099,0.8395163506457818,0.8337882096069869,0.8366424756949198,0.7963726298433635,0.8334771354616048,0.8145025295109611
9,0.09,0.8917431192660551,0.8756756756756757,0.8836363636363638,0.891131498470948,0.8914040991128785,0.8912677779476984,0.8541284403669724,0.8037410071942446,0.8281690140845072,0.8131498470948012,0.8042952208106473,0.808698296836983
10,0.1,0.8663608562691132,0.896235368554255,0.8810449385787592,0.8620795107033639,0.9093548387096774,0.8850863422291995,0.8324159021406727,0.8240993036633364,0.8282367260003042,0.7837920489296636,0.82016,0.8015637216575449
