metagenome_size	kmer_size	seed	cpu_time	total_runtime	maximum_resident_set_size
10000	11	0	45.480000000000004	3.49	222956
10000	11	1	45.51	3.48	225144
10000	11	2	45.25	3.32	220248
10000	11	3	45.44	3.45	224160
10000	11	4	45.45	3.45	222792
10000	11	5	45.370000000000005	3.36	223372
10000	11	6	45.47	3.44	223212
10000	11	7	45.18	3.19	215332
10000	11	8	45.38	3.38	221088
10000	11	9	45.47	3.43	222024
10000	15	0	45.4	3.42	218272
10000	15	1	45.08	3.08	212524
10000	15	2	45.35	3.45	222004
10000	15	3	45.17	3.16	218776
10000	15	4	45.35	3.36	221916
10000	15	5	45.42	3.43	221916
10000	15	6	45.39	3.37	226684
10000	15	7	45.21	3.21	216596
10000	15	8	45.28	3.31	220856
10000	15	9	45.239999999999995	3.23	218772
20000	11	0	46.95	4.94	260676
20000	11	1	47.230000000000004	5.25	261676
20000	11	2	46.7	4.75	255380
20000	11	3	47.02	5.1	261336
20000	11	4	47.04	5.06	261064
20000	11	5	46.82	4.78	256916
20000	11	6	47.11	5.12	261396
20000	11	7	46.650000000000006	4.62	252208
20000	11	8	47.0	4.99	260076
20000	11	9	47.010000000000005	4.98	259436
20000	15	0	46.75	4.75	255844
20000	15	1	46.41	4.4	249568
20000	15	2	46.81	4.78	257580
20000	15	3	46.5	4.56	256120
20000	15	4	47.010000000000005	4.94	258052
20000	15	5	46.989999999999995	5.04	257176
20000	15	6	46.61	4.67	257004
20000	15	7	46.36	4.45	251828
20000	15	8	46.87	4.8	257036
20000	15	9	46.89	4.86	255492
30000	11	0	48.44	6.41	289516
30000	11	1	48.66	6.63	290088
30000	11	2	48.64	6.6	287808
30000	11	3	48.59	6.6	291616
30000	11	4	48.5	6.54	287168
30000	11	5	48.41	6.41	285332
30000	11	6	48.8	6.8	292128
30000	11	7	48.32	6.29	285176
30000	11	8	48.730000000000004	6.67	291196
30000	11	9	48.5	6.46	286920
30000	15	0	48.34	6.29	286228
30000	15	1	47.900000000000006	5.87	278860
30000	15	2	48.07	6.02	282804
30000	15	3	48.17	6.09	286468
30000	15	4	48.099999999999994	6.07	284400
30000	15	5	48.32	6.35	288644
30000	15	6	48.21	6.16	285264
30000	15	7	47.86	5.82	280584
30000	15	8	48.230000000000004	6.18	286660
30000	15	9	48.260000000000005	6.24	284192
40000	11	0	50.16	8.07	317384
40000	11	1	50.17	8.15	318520
40000	11	2	50.010000000000005	8.01	316016
40000	11	3	50.03	7.97	319348
40000	11	4	49.97	7.98	317428
40000	11	5	49.69	7.69	313448
40000	11	6	50.379999999999995	8.38	321052
40000	11	7	49.85	7.83	313932
40000	11	8	50.08	8.05	319008
40000	11	9	49.84	7.86	316248
40000	15	0	49.57	7.54	312576
40000	15	1	49.13	7.1	304748
40000	15	2	49.51	7.52	308532
40000	15	3	49.74	7.69	316220
40000	15	4	49.760000000000005	7.74	315904
40000	15	5	49.95	7.9	316592
40000	15	6	49.71	7.73	314248
40000	15	7	49.33	7.29	309432
40000	15	8	49.760000000000005	7.8	314260
40000	15	9	49.7	7.72	315996
50000	11	0	51.54	9.53	347924
50000	11	1	51.78	9.73	352424
50000	11	2	51.44	9.44	350416
50000	11	3	51.32	9.34	348736
50000	11	4	51.29	9.27	346700
50000	11	5	51.15	9.21	345888
50000	11	6	51.480000000000004	9.41	349360
50000	11	7	51.400000000000006	9.36	344208
50000	11	8	51.5	9.48	349936
50000	11	9	51.260000000000005	9.28	346080
50000	15	0	51.010000000000005	8.96	340928
50000	15	1	50.370000000000005	8.41	332620
50000	15	2	50.58	8.53	333568
50000	15	3	51.129999999999995	9.1	343660
50000	15	4	51.19	9.18	342108
50000	15	5	51.230000000000004	9.17	344184
50000	15	6	50.93	8.93	340184
50000	15	7	50.56	8.54	333700
50000	15	8	50.85	8.85	339368
50000	15	9	51.21	9.24	347012
